0 1.3886111666555577e-06
1 0.0
2 0.0
3 1.3886111666555577e-06
4 0.0
5 1.3886111666555577e-06
6 0.0
7 2.7772223333111155e-06
8 2.7772223333111155e-06
9 1.3886111666555577e-06
10 1.3886111666555577e-06
11 4.165833499966673e-06
12 1.3886111666555577e-06
13 1.3886111666555577e-06
14 5.554444666622231e-06
15 2.7772223333111155e-06
16 5.554444666622231e-06
17 4.165833499966673e-06
18 5.554722388855562e-06
19 8.331666999933345e-06
20 4.165833499966673e-06
21 5.554444666622231e-06
22 1.3886111666555577e-06
23 2.0829167499833366e-05
24 1.9440556333177805e-05
25 2.2217778666488927e-05
26 2.360638983314448e-05
27 4.1658334999666746e-05
28 3.193833455531117e-05
29 3.7492501499700064e-05
30 6.248750249950011e-05
31 6.526472483281121e-05
32 7.359639183274455e-05
33 8.887139238818897e-05
34 0.0001235863938323445
35 0.00014997000599880004
36 0.00020690389699837782
37 0.00020551445266502228
38 0.0002457847319425001
39 0.00030410640094203327
40 0.0003665939034415333
41 0.0004082519607189668
42 0.0005193411317736452
43 0.0005915489124397343
44 0.0007068036392721458
45 0.000806784476438046
46 0.0009081530916039024
47 0.0010442378191028465
48 0.0010761758759359242
49 0.0013191828301006465
50 0.0013594528316558914
51 0.001583018396320736
52 0.0016954972894310033
53 0.0018829603523739693
54 0.0020232111910951137
55 0.0021773456419827138
56 0.002468953431535914
57 0.0025008917660912246
58 0.0024939489879801813
59 0.0026619714945899696
60 0.002813330667199893
61 0.0029133101157546256
62 0.0031202148459197033
63 0.0030382848430313926
64 0.0030771690106423163
65 0.003095218178586505
66 0.0032229715168077488
67 0.00311465845719745
68 0.0031896451265302503
69 0.003027178453198248
70 0.0031660379035304046
71 0.003103549290141971
72 0.002935525672643247
73 0.00290081372614366
74 0.002714738718922883
75 0.0027147420515896813
76 0.0025272762114243816
77 0.0025800431580350596
78 0.0024800614877024587
79 0.002248163978315448
80 0.00212457730676087
81 0.001975995634206493
82 0.0017996414605967687
83 0.0017468750694305585
84 0.0015982950632095795
85 0.0014635975582661248
86 0.0013164047746006356
87 0.0013177944966562241
88 0.0011955944922126685
89 0.001080341431713657
90 0.0009650880934924128
91 0.0009678628163256238
92 0.0008456653113821684
93 0.0007679036414939239
94 0.0006943066942167123
95 0.00063876224755049
96 0.0005943258570508122
97 0.0005221180763847229
98 0.0004735169632740117
99 0.00043185890599657786
100 0.00038742334866359997
101 0.00037492529271923337
102 0.00033465529116398886
103 0.00029438556733097786
104 0.0002846658446088555
105 0.0002818883445533111
106 0.00024300723188695563
107 0.00024578445422026674
108 0.0001860738963318445
109 0.00024300806505365565
110 0.00019857167455397787
111 0.0001957944522206667
112 0.0001874625074985001
113 0.0001499700059988001
114 0.0001902397298318112
115 0.0001416383389988667
116 0.0001360841720544778
117 0.0001235863938323445
118 0.00014302695016552228
119 0.00011942083805461117
120 0.00014580417249883336
121 0.00014719306138772224
122 0.00014441556133217785
123 0.0001694105623319778
124 0.00014580417249883342
125 0.0001430272278877556
126 0.00015969056188762227
127 0.0002110691750538778
128 0.000176353895887489
129 0.0002055144526650223
130 0.00024022973183141113
131 0.00020551473038725562
132 0.00026244806594236667
133 0.0002693913994978778
134 0.00032493612388633333
135 0.0003388214023861889
136 0.0004179727943300222
137 0.0004610194627741113
138 0.00046657446288520037
139 0.0005221191872736559
140 0.0006096016907729562
141 0.0006776425270501456
142 0.0007970647537159237
143 0.0008776047568264124
144 0.001034516430047324
145 0.0011858758803794795
146 0.0013219592192672573
147 0.001451100890932924
148 0.0017815897931524813
149 0.0020023803572618813
150 0.00217873341998267
151 0.0025425503788131256
152 0.002870263169588305
153 0.003339614021640115
154 0.0038561795974138527
155 0.004368575729298585
156 0.004782382134684174
157 0.005500294385567333
158 0.005952983847674909
159 0.006508428592059366
160 0.007616540303050502
161 0.008380280055100092
162 0.00924677258992646
163 0.01030212096469595
164 0.01139634767490946
165 0.012008726588015725
166 0.012990474960563445
167 0.01444435224066298
168 0.01548164783709925
169 0.016149568975093873
170 0.017445149303472636
171 0.01833941433935436
172 0.019278113266235644
173 0.019761353007176345
174 0.02095555805505565
175 0.021542943355773295
176 0.02216920754737941
177 0.022376109500322164
178 0.023064865082539045
179 0.02280658118376325
180 0.022691327290097534
181 0.022501083116709984
182 0.022248357828434307
183 0.02211366198982426
184 0.021398527794441114
185 0.020709776655779954
186 0.020132113577284547
187 0.019360045768624063
188 0.01850187934635296
189 0.01737987874647293
190 0.016019041747206118
191 0.015421935890599656
192 0.01446379140838499
193 0.01327652969406119
194 0.012064269368348545
195 0.011440781010464574
196 0.010166034570863593
197 0.009221778422093353
198 0.008485814781488145
199 0.007860935590659646
200 0.006629239707614029
201 0.0061807180230620505
202 0.005471131051567465
203 0.004957351585238504
204 0.0042727615587993505
205 0.0038950601546357414
206 0.003324339576529137
207 0.0028272162234219797
208 0.002557825657090803
209 0.00224538786687107
210 0.0020190436912617465
211 0.001728823401986269
212 0.0015094220044879916
213 0.001396945333155591
214 0.0012067044924348456
215 0.0010053555955475575
216 0.0008748258681597019
217 0.0007859553089382124
218 0.0006956953053833675
219 0.0006609803039392123
220 0.0005776633562176452
221 0.0004776836299406782
222 0.0004332466839965332
223 0.00040269723833011116
224 0.0003513191806083222
225 0.0003054950121086888
226 0.0002568933435535111
227 0.00023606445377591113
228 0.00025828167699793337
229 0.00021523473083161118
230 0.00021662445288720005
231 0.00018746278522073338
232 0.00019162889644293334
233 0.0001819083405541112
234 0.0001624680619431667
235 0.00016524528427647783
236 0.00014858139483214447
237 0.0001444158390544112
238 0.0001610794507765111
239 0.00013608417205447784
240 0.00013052944966562223
241 0.0001763541736097223
242 0.00011108917105467787
243 0.00014025000555444448
244 0.00014997028372103338
245 0.00017357667355417784
246 0.0001444158390544112
247 0.0001388611166655556
248 0.0001777427847763778
249 0.0001860738963318444
250 0.0002082919527205667
251 0.00022217861983158898
252 0.00024717278766468894
253 0.00026106056566464444
254 0.0003096614010531222
255 0.0002957741784976334
256 0.00029022056699771115
257 0.00034993084716390004
258 0.000376313903885889
259 0.0004318594614410445
260 0.0004415786287187
261 0.00042630418360772214
262 0.0005360052989402117
263 0.0005957155791064011
264 0.0006165447466062343
265 0.000654036137217001
266 0.0007679030860494573
267 0.0008040075318269682
268 0.0008928778133262236
269 0.0009678633717700907
270 0.0010136883734364237
271 0.0012039272701015356
272 0.0012261456042124905
273 0.0013705608878224345
274 0.0014608222799884468
275 0.0016177345086538252
276 0.0017635386811526582
277 0.0018621300739852023
278 0.00198016313403986
279 0.0020634803594836585
280 0.0022620506454264677
281 0.002532830656091003
282 0.002392580095092091
283 0.0026119828812015376
284 0.0028716509475882595
285 0.0028536001133106703
286 0.0029285851163100697
287 0.0029202534493101375
288 0.003068835677308981
289 0.0031702037370303715
290 0.003174369292808105
291 0.0031938129040858486
292 0.003154929014197161
293 0.0031868684596414055
294 0.003086887622475507
295 0.0030327312315314723
296 0.00301329206380946
297 0.002931363171810083
298 0.002968854006976382
299 0.002871652336199425
300 0.0026841898287009243
301 0.002527275933702148
302 0.0024731203759248152
303 0.0022315025883712135
304 0.002096806749761159
305 0.002063477859983558
306 0.0018746278522073362
307 0.001680220622542158
308 0.0016010722855428915
309 0.001395556444266703
310 0.001253918105267835
311 0.0011678228243240242
312 0.0010053564287142577
313 0.0009123186473816351
314 0.0007220789175498239
315 0.0006915303050501018
316 0.0005693311337732452
317 0.0004887911306627559
318 0.00042769279477437763
319 0.00042213807238552223
320 0.0003124380679419667
321 0.00025967028816458886
322 0.00022495500899820007
323 0.00019996056344286672
324 0.00016524528427647777
325 0.00011803250461018894
326 0.00011525472683241121
327 9.02597258326112e-05
328 6.665333599946676e-05
329 4.999000199960009e-05
330 4.026972383301119e-05
331 3.749250149970007e-05
332 5.137861316625565e-05
333 3.749250149970007e-05
334 1.6663611722100024e-05
335 1.944055633317781e-05
336 1.944055633317781e-05
337 6.9430558332777885e-06
338 9.720278166588903e-06
339 5.554444666622231e-06
340 2.7772223333111155e-06
341 1.3886111666555577e-06
342 8.331666999933345e-06
343 4.165833499966673e-06
344 1.3886111666555577e-06
345 6.9430558332777885e-06
346 0.0
347 1.3886111666555577e-06
348 0.0
349 2.7772223333111155e-06
350 2.7772223333111155e-06
351 1.3886111666555577e-06
352 1.3886111666555577e-06
353 0.0
354 2.7772223333111155e-06
355 0.0
356 0.0
357 2.7772223333111155e-06
358 0.0
