0 2.7772223333111155e-06
1 0.0
2 1.3886111666555577e-06
3 2.7772223333111155e-06
4 0.0
5 1.3886111666555577e-06
6 0.0
7 0.0
8 0.0
9 4.165833499966673e-06
10 2.7772223333111155e-06
11 2.7772223333111155e-06
12 1.3886111666555577e-06
13 1.3886111666555577e-06
14 1.3886111666555577e-06
15 9.720278166588903e-06
16 4.165833499966673e-06
17 9.720278166588903e-06
18 1.3886111666555575e-05
19 1.110888933324446e-05
20 1.110888933324446e-05
21 9.720278166588903e-06
22 2.2217778666488927e-05
23 1.5274722833211133e-05
24 2.0829167499833366e-05
25 2.777222333311116e-05
26 2.916083449976672e-05
27 2.916083449976672e-05
28 4.860139083294453e-05
29 4.8601390832944544e-05
30 6.665333599946676e-05
31 0.00010275722633251114
32 0.0001388611166655556
33 0.0001458041724988334
34 0.00017357639583194453
35 0.0002027372303317112
36 0.000247172787664689
37 0.00029438556733097786
38 0.00035826168099713327
39 0.00039853140483014443
40 0.000491568352996067
41 0.0005596103001621897
42 0.000638761136661557
43 0.0007470728076606901
44 0.0008526072563265126
45 0.000990079761825413
46 0.0010359039303250465
47 0.001248361438823346
48 0.0013997200559888014
49 0.0015427470061543246
50 0.001687162567486503
51 0.0019579417449843363
52 0.0020745850829834026
53 0.0022426070341487253
54 0.002456453153813683
55 0.0026314181608122805
56 0.0029160834499766704
57 0.0030188406763091828
58 0.0032035259614743706
59 0.00331322624364016
60 0.0034951343064720374
61 0.00365065875713746
62 0.003622886533804349
63 0.0037742451509698055
64 0.003832566819969337
65 0.003838121264635961
66 0.0038422870981359276
67 0.003882556821968938
68 0.0037339754271367965
69 0.003951987380301717
70 0.003818680708302784
71 0.0038492301539692054
72 0.0035659534759714734
73 0.0035173520851385274
74 0.0034187606923059832
75 0.003259070408140594
76 0.0030827167899753387
77 0.0030979915128085496
78 0.002798051500810948
79 0.002673076495811947
80 0.002582816769979337
81 0.0022939856473149817
82 0.0020454242484836353
83 0.0019982114688173475
84 0.001950998689151058
85 0.0017899197938190138
86 0.0015496900619876026
87 0.0013775022773223132
88 0.0013525072763225135
89 0.0012761336621564573
90 0.001163656157657357
91 0.0010303494856584243
92 0.0009761936501588579
93 0.0008942655913261795
94 0.0007734564198271455
95 0.0007526272523273128
96 0.0007012486391610568
97 0.0006179319691617227
98 0.0005429469661623229
99 0.000542946966162323
100 0.00047490501899620036
101 0.0004512986291630555
102 0.0003665933479970668
103 0.00040408584949676676
104 0.0003054944566642223
105 0.0003207691794974334
106 0.0003013286231642556
107 0.00026939056633117786
108 0.00021523473083161115
109 0.00023189806483147788
110 0.00020134861916505553
111 0.00019718278566508893
112 0.00017496500699860007
113 0.00019718278566508893
114 0.0001777422293319112
115 0.00015413583949876671
116 0.00015691306183207782
117 0.00014163833899886677
118 0.00014163833899886677
119 0.0001305294496656223
120 0.00017635361816525558
121 0.00015969028416538893
122 0.0001360838943322445
123 0.00016385611766535566
124 0.00013191806083227782
125 0.0001846852851651889
126 0.00015274722833211115
127 0.0001791308404985667
128 0.0001791308404985667
129 0.00021940056433157785
130 0.0002485613988313444
131 0.0002388411206647557
132 0.0002610588993312444
133 0.00027077917749783345
134 0.00031382612366415564
135 0.00034854140283054454
136 0.00037631362616365557
137 0.0004193605723299778
138 0.0004887911306627559
139 0.0005373925214957006
140 0.000644315581328179
141 0.0006845853051611901
142 0.0007595703081605897
143 0.0008387211446599571
144 0.000995634206492035
145 0.001123386433824346
146 0.0012650247728232139
147 0.0014302695016552242
148 0.001646892843653492
149 0.0018718478526516908
150 0.0021634561976493576
151 0.0023189806483147795
152 0.0028327667799773375
153 0.0030785509564753705
154 0.0035506787531382608
155 0.004029749605634426
156 0.004497711568797353
157 0.0050684307582927815
158 0.005658590504121399
159 0.006537581372614368
160 0.007081916949943344
161 0.00784287586927059
162 0.008781577017929743
163 0.009534204270257054
164 0.010572885422915413
165 0.01128802017374302
166 0.01228504299140172
167 0.013537570263725035
168 0.014542924748383654
169 0.015621875624875032
170 0.01634117620920261
171 0.01699937790219734
172 0.017822824324024086
173 0.0187879090848497
174 0.019505821058010624
175 0.020033493301339737
176 0.02066114554866804
177 0.02096664000533227
178 0.021287409184829704
179 0.021581794752160682
180 0.021408218356328734
181 0.021380446132995643
182 0.020963862782998947
183 0.02049312359750273
184 0.02010986691550579
185 0.019865471350174402
186 0.01878513186251639
187 0.018082494612188676
188 0.017157679575196077
189 0.01631479259703615
190 0.015439967562043149
191 0.014276311404385792
192 0.013277899975560439
193 0.012446121886733755
194 0.011268579617409843
195 0.010350707636250523
196 0.009588360105756623
197 0.008651047568264118
198 0.007820658090604104
199 0.007211057788442309
200 0.0063348441422826545
201 0.005721078006620897
202 0.004950398809127062
203 0.004456053233797683
204 0.0039922571041347285
205 0.003460419027305651
206 0.003152147348308118
207 0.002706403163811681
208 0.002462007598480304
209 0.0022384412006487583
210 0.0018885111866515578
211 0.001752427292319314
212 0.0014455442244884356
213 0.0013052944966562242
214 0.0011317181008242798
215 0.0009845253171587903
216 0.0009039858694927682
217 0.0008026172543269128
218 0.000694305583327779
219 0.0006040458574951677
220 0.0005165633539958672
221 0.0004693505743295779
222 0.0004360239063298445
223 0.00035409584749716665
224 0.00035131862516385557
225 0.0002652247328312111
226 0.0002916083449976666
227 0.0002707791774978334
228 0.0002638361216645556
229 0.0002055144526650223
230 0.00021384611966495564
231 0.00019718278566508893
232 0.00018051945166522234
233 0.0001860738963318445
234 0.00018885111866515558
235 0.00014719278366548893
236 0.00015552445066542225
237 0.0001680219511653222
238 0.0001583016729987333
239 0.00014719278366548904
240 0.0001444155613321779
241 0.00016385611766535563
242 0.0001485813948321445
243 0.0001485813948321445
244 0.0001749650069986
245 0.00016246750649869998
246 0.0001763536181652556
247 0.00019162834099846672
248 0.0001874625074985
249 0.00020412584149836664
250 0.00024300695416472234
251 0.0002443955653313779
252 0.00025133862116465556
253 0.00026939056633117775
254 0.0003235464018307446
255 0.0003249350129973999
256 0.00033743251349729994
257 0.0003832566819969333
258 0.0004110289053300445
259 0.00046657335199626695
260 0.0004915683529960672
261 0.0005540558554955675
262 0.0006026572463285121
263 0.0007095803061609899
264 0.0007887311426603571
265 0.0008095603101601906
266 0.0007762336421604572
267 0.0009789708724921684
268 0.0010692305983247793
269 0.0011553244906574239
270 0.001240029771823413
271 0.0013705592214890354
272 0.001533026727987735
273 0.0016010686751538584
274 0.0017302095136528248
275 0.0018898997978182138
276 0.0020468128596502918
277 0.002135683974316246
278 0.002298151480814949
279 0.0025397698238130125
280 0.002711957608478303
281 0.0027591703881445933
282 0.0029813481748094802
283 0.0031146548468084147
284 0.0032424070741407275
285 0.0033298895776400256
286 0.00349791152880535
287 0.0035270723633051165
288 0.0035965029216378955
289 0.003779799595636431
290 0.0037006487591370613
291 0.0037714679286364947
292 0.0037978515408029507
293 0.00400475460463463
294 0.0038450643204692397
295 0.0036714879246372936
296 0.003656213201804082
297 0.003536792641471706
298 0.003561787642471505
299 0.0035673420871381273
300 0.00327295651980715
301 0.003182696793974538
302 0.002993845675309381
303 0.0028744251149770044
304 0.002520329267479836
305 0.0024995000999800043
306 0.0022162234219822692
307 0.0020107089693172475
308 0.0019315581328178805
309 0.0018038059054855705
310 0.0015899597858206134
311 0.0014372125574885022
312 0.001301128663156258
313 0.0010914483769912686
314 0.0009664733719922685
315 0.0008956542024928352
316 0.0007220778066608901
317 0.0005887711346619562
318 0.0005637761336621563
319 0.0005123975204959006
320 0.00040408584949676665
321 0.00033465529116398886
322 0.0002749450109978
323 0.00022078917549823345
324 0.00021801195316492229
325 0.00015552445066542225
326 0.00013191806083227785
327 9.720278166588897e-05
328 9.025972583261117e-05
329 7.220778066608899e-05
330 5.832166899953343e-05
331 5.2767224332911213e-05
332 4.5824168499633416e-05
333 3.054944566642228e-05
334 3.193805683307784e-05
335 2.0829167499833366e-05
336 3.3326667999733394e-05
337 2.2217778666488924e-05
338 1.3886111666555575e-05
339 5.554444666622231e-06
340 1.110888933324446e-05
341 6.9430558332777885e-06
342 8.331666999933345e-06
343 6.9430558332777885e-06
344 0.0
345 4.165833499966673e-06
346 5.554444666622231e-06
347 4.165833499966673e-06
348 5.554444666622231e-06
349 4.165833499966673e-06
350 1.3886111666555577e-06
351 0.0
352 2.7772223333111155e-06
353 5.554444666622231e-06
354 1.3886111666555577e-06
355 0.0
356 0.0
357 1.3886111666555577e-06
358 0.0
