0 1.3886111666555577e-06
1 1.3886111666555577e-06
2 2.7772223333111155e-06
3 0.0
4 0.0
5 0.0
6 1.3886111666555577e-06
7 1.3886111666555577e-06
8 1.3886111666555577e-06
9 0.0
10 0.0
11 1.3886111666555577e-06
12 0.0
13 2.7772223333111155e-06
14 2.7772223333111155e-06
15 0.0
16 2.7772223333111155e-06
17 2.7772223333111155e-06
18 1.3886111666555577e-06
19 1.3886111666555577e-06
20 2.7772223333111155e-06
21 5.554444666622231e-06
22 0.0
23 4.165833499966673e-06
24 4.165833499966673e-06
25 4.165833499966673e-06
26 2.7772223333111155e-06
27 0.0
28 4.165833499966673e-06
29 1.3886111666555577e-06
30 4.165833499966673e-06
31 5.554444666622231e-06
32 2.7772223333111155e-06
33 6.94333355551112e-06
34 2.7772223333111155e-06
35 4.165833499966673e-06
36 4.165833499966673e-06
37 8.331666999933345e-06
38 5.554444666622231e-06
39 2.7772223333111155e-06
40 6.9430558332777885e-06
41 6.9430558332777885e-06
42 2.7772223333111155e-06
43 6.9430558332777885e-06
44 2.7772223333111155e-06
45 2.7772223333111155e-06
46 5.554444666622231e-06
47 5.554444666622231e-06
48 4.166111222200005e-06
49 4.165833499966673e-06
50 4.165833499966673e-06
51 4.165833499966673e-06
52 9.720278166588903e-06
53 6.9430558332777885e-06
54 1.3886111666555577e-06
55 6.9430558332777885e-06
56 9.720278166588903e-06
57 4.165833499966673e-06
58 5.554444666622231e-06
59 9.720278166588903e-06
60 8.331666999933345e-06
61 6.9430558332777885e-06
62 6.9430558332777885e-06
63 8.331666999933345e-06
64 1.110888933324446e-05
65 1.2497500499900018e-05
66 1.2497500499900018e-05
67 2.360638983314448e-05
68 1.1109167055477793e-05
69 1.944055633317781e-05
70 1.9440556333177812e-05
71 1.944083405541114e-05
72 3.054944566642227e-05
73 4.5824168499633416e-05
74 4.0269723833011185e-05
75 4.30469461663223e-05
76 5.832166899953343e-05
77 5.971028016618898e-05
78 6.387611366615564e-05
79 7.220805838832232e-05
80 6.387611366615565e-05
81 9.581417049923341e-05
82 0.00010970028216578897
83 0.00010275750405474451
84 0.00012636361616565563
85 0.0001569136172765445
86 0.00018051945166522223
87 0.00022634417560932226
88 0.0002555050101090891
89 0.00027494584416450004
90 0.0003013297340531889
91 0.0003763150147748222
92 0.0003735369592748113
93 0.0004637977959963558
94 0.000531840020884712
95 0.0006637589148836899
96 0.0006318205803283793
97 0.0007554064187162567
98 0.000827614199382346
99 0.000959531704770157
100 0.0010289622631029355
101 0.0010761780977137899
102 0.0011275547668244132
103 0.0012678069941567242
104 0.0013691747761558793
105 0.0014802636694883258
106 0.0016232908973760815
107 0.001609405618876225
108 0.0017357686795974152
109 0.0018426928503188253
110 0.0017815945144304467
111 0.0020134953564842585
112 0.0021134734164278256
113 0.002194014252705015
114 0.0022606670332600137
115 0.002270385645093204
116 0.0022592764780377263
117 0.002259280366148992
118 0.002296768424092959
119 0.0023162106467595374
120 0.0024481317625363814
121 0.0024411853740363026
122 0.0023911973160923366
123 0.002359258981537026
124 0.002537001766313403
125 0.002606433435535115
126 0.00255783121153547
127 0.002628650658757136
128 0.0027050289942011584
129 0.0027244656624230684
130 0.0028841573351996276
131 0.0030827292874758367
132 0.0032382520718078596
133 0.0034243304116954396
134 0.0036478970872492198
135 0.003821473760803396
136 0.00408391904952343
137 0.004393584894132284
138 0.004644922682130236
139 0.0050184604745717514
140 0.005450321602346194
141 0.005794699115732407
142 0.0062182291319513895
143 0.0065751041458374975
144 0.007034738607833994
145 0.007449940289719834
146 0.007709607800662089
147 0.007966498644715504
148 0.008202568375213843
149 0.008691361449932232
150 0.008812166733320002
151 0.009044064242707012
152 0.009117668133040052
153 0.009232916194538872
154 0.009078785354040308
155 0.009207920915816832
156 0.009173203414872577
157 0.009049614243817903
158 0.008803836454931237
159 0.008417797829323023
160 0.008160905318936217
161 0.007876234475327152
162 0.007570739740940701
163 0.007147211391055127
164 0.0067320172076695784
165 0.006550110533448864
166 0.006319600246617343
167 0.006132132462396411
168 0.0056072374414006055
169 0.0054392141016241175
170 0.005322571041347281
171 0.005172598813570618
172 0.004861547690461905
173 0.004711576018129708
174 0.004771286853740361
175 0.004700468239685395
176 0.0045088387877979955
177 0.004601878790908482
178 0.004422741840520782
179 0.00478794879912906
180 0.004790728520962475
181 0.005015692139349905
182 0.005480868270790285
183 0.005448928547623807
184 0.006161287464729274
185 0.006515385256282074
186 0.006772286098335888
187 0.007448542791441711
188 0.00824144226710214
189 0.00910932619031749
190 0.009746702326201421
191 0.010754835421804523
192 0.011332501277522278
193 0.01261142521495701
194 0.013422371636783757
195 0.014258319724943902
196 0.015054001144215604
197 0.015773293396876182
198 0.01687586204981226
199 0.017077214557088584
200 0.01797286959274812
201 0.01843805738852229
202 0.018581083505521116
203 0.018638016563353996
204 0.01840334571974495
205 0.018650521284631967
206 0.01821448987980182
207 0.0174965737408074
208 0.016675905652202883
209 0.016405119809371455
210 0.015344223099824484
211 0.014334694449998889
212 0.01340986941500588
213 0.012369795763069596
214 0.011324174054078066
215 0.009985544280032878
216 0.00923153341553911
217 0.0080414769823813
218 0.006963919160612322
219 0.00602520773623053
220 0.005272576595791955
221 0.00430748878002177
222 0.0038589668177475603
223 0.0032493629051967383
224 0.0027189101068675154
225 0.0025217298207025254
226 0.0021579106400942028
227 0.0017843714590415243
228 0.00161912645248728
229 0.001458049223488635
230 0.001244200882045813
231 0.0012219822702126243
232 0.001308076440267502
233 0.0012830814392677027
234 0.0013136322735452916
235 0.001412222000044435
236 0.0014691556133217796
237 0.0015108142260436802
238 0.0017093895109866917
239 0.0017815942367082139
240 0.0019162903530405017
241 0.0019149034082072468
242 0.0020745917483170027
243 0.0022731637005932136
244 0.002367589815370259
245 0.002424525650425471
246 0.0026786420493679023
247 0.0027175212179786253
248 0.00281750066653336
249 0.0028674923348663583
250 0.003000798451420826
251 0.0030688442866982153
252 0.0031424395676420275
253 0.00299524622853207
254 0.0031563276233642144
255 0.003082730676087003
256 0.002989690672976516
257 0.0030146837299206814
258 0.0028175020551445265
259 0.002670309271479038
260 0.0026064314914794814
261 0.002606432046923948
262 0.00235786870403697
263 0.00221623092048257
264 0.0022203967539825373
265 0.001920456464262703
266 0.0018899067408740474
267 0.0016246806194316695
268 0.0015219214490435245
269 0.0013414019973783027
270 0.0011914336577129028
271 0.0010734017085471793
272 0.0009706428158812685
273 0.0008567753116043461
274 0.0007915100313270682
275 0.0006956964162723013
276 0.000569332522384412
277 0.000526285020773623
278 0.00042075001666333327
279 0.000342987513608389
280 0.00030271945610877777
281 0.0002805008442755888
282 0.0002652261214423778
283 0.0001846863960541223
284 0.00014580417249883336
285 0.00013608444977671115
286 9.998028172143343e-05
287 0.00011942111577684453
288 7.220778066608896e-05
289 7.637361416605564e-05
290 5.832194672176678e-05
291 5.5544446666222335e-05
292 4.304694616632231e-05
293 3.054944566642228e-05
294 3.332694572196673e-05
295 4.3047223888555634e-05
296 2.0829167499833366e-05
297 2.777250105534449e-05
298 3.054972338865561e-05
299 1.944055633317781e-05
300 2.0829167499833366e-05
301 9.720278166588903e-06
302 1.944055633317781e-05
303 1.249750049990002e-05
304 1.666333399986669e-05
305 1.110888933324446e-05
306 1.110888933324446e-05
307 5.554444666622231e-06
308 9.720278166588903e-06
309 1.6663611722100024e-05
310 1.110888933324446e-05
311 1.3886111666555577e-06
312 1.110888933324446e-05
313 2.7772223333111155e-06
314 4.165833499966673e-06
315 5.554444666622231e-06
316 9.720278166588903e-06
317 5.554444666622231e-06
318 9.720278166588903e-06
319 8.331666999933345e-06
320 4.165833499966673e-06
321 2.7772223333111155e-06
322 1.3886111666555577e-06
323 6.9430558332777885e-06
324 6.9430558332777885e-06
325 8.331666999933345e-06
326 4.165833499966673e-06
327 9.720278166588903e-06
328 2.7772223333111155e-06
329 5.554444666622231e-06
330 2.7772223333111155e-06
331 1.3886111666555577e-06
332 4.165833499966673e-06
333 2.7772223333111155e-06
334 2.7772223333111155e-06
335 5.554444666622231e-06
336 5.554444666622231e-06
337 8.331666999933345e-06
338 1.3886111666555577e-06
339 2.7772223333111155e-06
340 6.9430558332777885e-06
341 1.3886111666555577e-06
342 1.3886111666555577e-06
343 1.3886111666555577e-06
344 4.165833499966673e-06
345 2.7772223333111155e-06
346 2.7772223333111155e-06
347 5.554444666622231e-06
348 4.165833499966673e-06
349 1.3886111666555577e-06
350 1.3886111666555577e-06
351 0.0
352 6.9430558332777885e-06
353 2.7772223333111155e-06
354 6.9430558332777885e-06
355 9.720278166588903e-06
356 1.3886111666555577e-06
357 2.7772223333111155e-06
358 5.554444666622231e-06
