0 0.00010693250283285563
1 0.00010137694716618896
2 8.19350022218445e-05
3 0.00011526472572170009
4 0.00011943055899944453
5 0.00012498694805503343
6 0.00012359805861058898
7 0.00011387667011062227
8 0.00012359750305501114
9 0.00013054028149938896
10 0.00019581028327685562
11 0.00017636667177688893
12 0.0002027544503324
13 0.00018747944955473334
14 0.00021803083938790003
15 0.00019025722755473332
16 0.0002499697290543445
17 0.0003069094531097111
18 0.0002916311198874666
19 0.0003457950096651332
20 0.00039994834477571103
21 0.0004068961225536223
22 0.0004999402923865006
23 0.00047772612366460014
24 0.0006360416851083338
25 0.0006540961286638452
26 0.0007221439079968675
27 0.0007415836323855677
28 0.0008235155786628458
29 0.0009526694711067795
30 0.000984605028217535
31 0.0010984786431613683
32 0.001249860312938857
33 0.0013776161504379801
34 0.0014151186499380798
35 0.0015762028234370016
36 0.0017734136602698784
37 0.0019733947763802347
38 0.0020803239459907348
39 0.0022692011722124914
40 0.002441402567378325
41 0.002687192296543248
42 0.0027024686870431923
43 0.0028469067455429357
44 0.0031607445336520037
45 0.003198238423096203
46 0.003398235095429404
47 0.0035954320441506146
48 0.0035620839899833615
49 0.003769018160816282
50 0.003806534270705816
51 0.003988456496704927
52 0.00399816705570446
53 0.0038648645490945827
54 0.004020381223537473
55 0.004010652890648337
56 0.003887072605816238
57 0.003695418990094539
58 0.0036176642659287925
59 0.0036079331542617707
60 0.003559321488928416
61 0.003271843424318182
62 0.0032163125884858376
63 0.003130214529653026
64 0.0029246803579316603
65 0.002769116744320225
66 0.0026066514614882814
67 0.0025205595133223806
68 0.0022691978407679138
69 0.0020331003338240126
70 0.0019164478312134689
71 0.0017331464364925243
72 0.0015637150424374906
73 0.0015484405973265126
74 0.0013387339262160244
75 0.0013442942038273242
76 0.0012095947547171235
77 0.0010568394718846901
78 0.0009873864172732349
79 0.0008387925226072572
80 0.0007318616868855792
81 0.0007540805763298897
82 0.0006776977972190235
83 0.0006027130716085223
84 0.0005679941822753227
85 0.0004971666798866668
86 0.0004457822346646223
87 0.0003791269543873002
88 0.0003749600102206221
89 0.00035829028772049997
90 0.0002999633422207556
91 0.00029301973038745553
92 0.00026802778477666667
93 0.0002596902848320555
94 0.00024025306227678898
95 0.00022497389544340001
96 0.00023885778466542216
97 0.00019581167144357774
98 0.00017636861583252228
99 0.00019859056099917778
100 0.00015692667099928895
101 0.0002013638947767778
102 0.00018470028294356665
103 0.0001680386153882112
104 0.00017359306005483327
105 0.00014720667055493334
106 0.00011943166988837786
107 0.00013748639272167788
108 0.00011387639227727789
109 0.00014165139227716663
110 0.00013748167099926676
111 0.0001319313922772556
112 0.00011804250338836671
113 0.00011526250349938897
114 0.00012220555922155563
115 0.0001402636151661001
116 0.0001388700041103556
117 0.00015414861572149994
118 0.00015414833755482223
119 0.00013470611511046674
120 0.00012498417038825564
121 0.00016526083783265552
122 0.00016525528272132224
123 0.00018469778322124442
124 0.0001680369491659222
125 0.0002055316725545999
126 0.00021108917205467785
127 0.0002277494508877556
128 0.0002305244519987555
129 0.00025135695160983325
130 0.0002888566746653778
131 0.00031246084227621115
132 0.0002958000082208888
133 0.0003430127877760665
134 0.00037495362172036673
135 0.0004082933436650667
136 0.00044994945677575546
137 0.0005221619590531448
138 0.0006207633509972009
139 0.0006582566853302677
140 0.00069853779721929
141 0.0008651866906630234
142 0.0008971172477735792
143 0.00103460613932869
144 0.001199870310605924
145 0.0013026369798277023
146 0.0015095558759377907
147 0.0016900803267143234
148 0.0019136833868806692
149 0.0021511422831012464
150 0.002373353954434157
151 0.0026288761846550482
152 0.0029871495299859823
153 0.0034079545398737355
154 0.0037662478830943597
155 0.004224540948592751
156 0.004786956797311604
157 0.005361902650253884
158 0.005803509604529271
159 0.0063590179528607215
160 0.007071441862079897
161 0.007732436607686353
162 0.00836571190407292
163 0.008973987752126177
164 0.009607246658900968
165 0.010493261403841572
166 0.011177893371115735
167 0.011815330888946565
168 0.01227916812227783
169 0.01291940091427604
170 0.013552613436993426
171 0.01390538233243752
172 0.014420594567434886
173 0.014592795685322941
174 0.015119129030765174
175 0.015139940427153173
176 0.015084420975710175
177 0.015003877081599525
178 0.0151677409753763
179 0.014802464858598596
180 0.014394235395936086
181 0.014072004559880185
182 0.01352624815293881
183 0.013265191201774313
184 0.012420820066666137
185 0.01185284782989169
186 0.0111043247502841
187 0.01040852473628543
188 0.00966280276901211
189 0.008883737466627274
190 0.007992146887741431
191 0.00759773882113178
192 0.006804797409636342
193 0.0061506985030834955
194 0.005575766819641785
195 0.004767519854034128
196 0.004346754562203517
197 0.003974538723259325
198 0.003457929817706083
199 0.0030885417530972254
200 0.00271219674098787
201 0.002326134231045369
202 0.002063645058101358
203 0.0018289514399358346
204 0.0016109355998818677
205 0.0012693042023832798
206 0.0011540380880504125
207 0.0009943272505508675
208 0.0008262950223295789
209 0.0007346341872742565
210 0.0006471497402748785
211 0.0005013297360531893
212 0.00048466029160863344
213 0.0003944011216649332
214 0.0003388475091650111
215 0.00028885889666546656
216 0.0002805266742210667
217 0.00022775167266562228
218 0.00017775500511020003
219 0.00017081222666582226
220 0.00013470889255502228
221 0.00010276611388842228
222 0.00010415250316610007
223 0.00011109889211062231
224 9.582472461076678e-05
225 0.00011109916983285567
226 7.360333522191119e-05
227 7.637833566624452e-05
228 7.082500188855564e-05
229 7.499416872198894e-05
230 6.665889077746675e-05
231 6.11044459997334e-05
232 9.304750227745561e-05
233 7.499305749972227e-05
234 8.054694627743338e-05
235 7.360361283303339e-05
236 6.943583516632228e-05
237 6.11052792775445e-05
238 9.582194716621117e-05
239 7.91569467218334e-05
240 0.00010970528138821119
241 9.859916938841117e-05
242 9.02672247773556e-05
243 0.00011109833655504453
244 0.00011387361449938894
245 0.00012220972561061122
246 0.00015276083761043335
247 0.00015553722699926666
248 0.0001527597263881667
249 0.00021386556066573328
250 0.00020830778377675562
251 0.00022220000555466668
252 0.0002888558414986777
253 0.0002819105641097557
254 0.00035968056533166665
255 0.0003763436219426333
256 0.0004055089002203554
257 0.00048327556877546696
258 0.0005513219597195451
259 0.0005902066834416009
260 0.0006707511303300456
261 0.0007679655764408453
262 0.0008276814110517006
263 0.000990168915662313
264 0.0010498730842727017
265 0.0012359692009387682
266 0.001316514480438357
267 0.0015039917087707791
268 0.001587311155548002
269 0.001735897271769225
270 0.002019209500990602
271 0.0021275314478234803
272 0.002380271734099758
273 0.0026247014594880597
274 0.0028121784100982473
275 0.003245453978207048
276 0.003494035653428093
277 0.0037495751016496707
278 0.003998137056481037
279 0.004357814566201468
280 0.0047300112415337835
281 0.004932742639365262
282 0.005234114866586813
283 0.005660435158195187
284 0.006004841557915885
285 0.006492314900248154
286 0.006592289624969364
287 0.0071505771438008636
288 0.0074088465963538675
289 0.00788378272079575
290 0.007925462165129597
291 0.008261523288572043
292 0.008650389126848896
293 0.008647594131514877
294 0.00896424330090307
295 0.009232261089123778
296 0.00932529053634496
297 0.009408641371178993
298 0.009158633866900915
299 0.009096190804847632
300 0.009017010249624856
301 0.009215604421235285
302 0.008973960802513989
303 0.008754571904516213
304 0.008471264678850588
305 0.008036554667851078
306 0.007704657157352957
307 0.0073130310353545745
308 0.006968638250356645
309 0.006663132126914176
310 0.0062492748952487735
311 0.0058229412714176495
312 0.005560481262974804
313 0.005109127918865113
314 0.00465916346386654
315 0.004306448728480171
316 0.003756508715704791
317 0.0036176264902606147
318 0.0033898737055949495
319 0.002920500356597791
320 0.0027163459089316142
321 0.002359442009822124
322 0.0021358672801013584
323 0.0018275678283249355
324 0.0016359164357144364
325 0.0014373308734932353
326 0.001385954205271502
327 0.0012220867004390237
328 0.0010109980836065901
329 0.0009262836369402347
330 0.0008762828024402011
331 0.0008012919670516788
332 0.0006818686293858563
333 0.0005929877939972896
334 0.0005318780706084562
335 0.0004568897353867001
336 0.0003749558437204556
337 0.00037495945466504445
338 0.0003207966756651999
339 0.0002708025076098777
340 0.0002791347298320554
341 0.00026941028572085554
342 0.0002180311165545778
343 0.00017358944955468895
344 0.00016248028249921115
345 0.0001472025042769889
346 0.00017497972727696664
347 0.00014720472605485554
348 0.00012220639261047788
349 0.00012498333733266677
350 0.00011387444777720013
351 9.859861394394452e-05
352 9.998889155511121e-05
353 0.00010415500277731119
354 0.00011942944799940008
355 0.00010693278055508897
356 9.165444722173337e-05
357 8.332500222188898e-05
358 8.887833566624451e-05
