0 1.3886111666555577e-06
1 1.3886111666555577e-06
2 0.0
3 0.0
4 1.3886111666555577e-06
5 2.7772223333111155e-06
6 0.0
7 0.0
8 1.3886111666555577e-06
9 2.7772223333111155e-06
10 2.7772223333111155e-06
11 2.7772223333111155e-06
12 2.7772223333111155e-06
13 1.3886111666555577e-06
14 5.554444666622231e-06
15 5.554444666622231e-06
16 4.165833499966673e-06
17 8.331666999933345e-06
18 9.720278166588903e-06
19 4.165833499966673e-06
20 6.9430558332777885e-06
21 8.331944722166677e-06
22 1.2497500499900018e-05
23 2.2217778666488927e-05
24 1.944055633317781e-05
25 2.0829167499833366e-05
26 2.4995000999800042e-05
27 3.610416805527784e-05
28 4.721277966628898e-05
29 4.860166855517787e-05
30 5.832194672176677e-05
31 7.776222533271118e-05
32 9.581444822146674e-05
33 0.0001291408384989667
34 0.00014719306138772238
35 0.00018329722944300004
36 0.00022773278677597778
37 0.00022078917549823345
38 0.0002541161212202
39 0.00034576445821946663
40 0.0003513191806083223
41 0.00047351724099624484
42 0.0005498902997178344
43 0.0006220986358283901
44 0.0006915291941611682
45 0.0007609605856606458
46 0.0008928780910484575
47 0.0009414792041591686
48 0.0011581036570463684
49 0.0012566953276011465
50 0.0014108306116554462
51 0.0015399725610433462
52 0.001680222566597791
53 0.0016996611788753365
54 0.002016265080317268
55 0.0020051575795951913
56 0.002268993423537513
57 0.0024217414850363247
58 0.002498115654646848
59 0.0027716706658668256
60 0.002730011219978226
61 0.002979962896309627
62 0.003013290397476059
63 0.0030896640116421154
64 0.0032937912417516494
65 0.0032465798506965283
66 0.0032882362416405604
67 0.0033493370770290385
68 0.0031243795685307377
69 0.003163259848030393
70 0.003125767624252927
71 0.0030577251216423393
72 0.003060503177142351
73 0.002960521506809748
74 0.0029008126152547265
75 0.0027938887222555484
76 0.0026675242729231902
77 0.002552270379257482
78 0.0024286848185918366
79 0.002421741485036325
80 0.0022009517540936257
81 0.0020426481370392586
82 0.0019023981314848142
83 0.0018163059054855692
84 0.0017399334022084477
85 0.0015163645048768021
86 0.0013872242218223017
87 0.0012858553289342132
88 0.0012566953276011465
89 0.0010886733764358231
90 0.000999801150880935
91 0.0009775833722144456
92 0.0007970641982714571
93 0.0007831780866049012
94 0.0006956950276611342
95 0.0006179325246061897
96 0.0005776630784954121
97 0.0005401714101624117
98 0.0004651850185518446
99 0.000455465018107489
100 0.0003971439045524223
101 0.0003888119598302556
102 0.0003582633473305333
103 0.0003221577906640889
104 0.00028605417805327774
105 0.0002346758426092556
106 0.00023189862027594448
107 0.0002055147303872556
108 0.00020829195272056668
109 0.00019440556333177782
110 0.00018190889599857787
111 0.00015969028416538896
112 0.00014997028372103343
113 0.0001583016729987334
114 0.00016246778422093343
115 0.0001402500055544445
116 0.00013608389433224444
117 0.0001555247283876556
118 0.00013608444977671112
119 0.00011803194916572229
120 0.00013469528316558898
121 0.00013469528316558896
122 0.00013330667199893336
123 0.00015413639494323342
124 0.00015135861716545566
125 0.00016246750649869998
126 0.00016524472883201112
127 0.00019996028572063335
128 0.00019996000799840007
129 0.00021106917505387784
130 0.00021106917505387787
131 0.0002457841764980334
132 0.00027772223333111094
133 0.00026800251060898883
134 0.0002527275100535445
135 0.0003402102912750778
136 0.0003513197360527889
137 0.00044852140682974433
138 0.00044713362882978897
139 0.000534616410051323
140 0.0006151555799951122
141 0.0006637561376613568
142 0.0007456853073829681
143 0.0008678847563820566
144 0.0010261850407696236
145 0.0010928383767690902
146 0.0012900206069897128
147 0.0014830397809327022
148 0.0016899428447643802
149 0.0019051786864849253
150 0.0021995631429269696
151 0.002446734819702726
152 0.0028105517785331803
153 0.0032257473505298935
154 0.003622890421915619
155 0.004225548223688595
156 0.004757390744073408
157 0.005300339098846894
158 0.005828010231287071
159 0.0067708763802795
160 0.007479070297051699
161 0.008265023939656509
162 0.009310648425870384
163 0.010029952620586988
164 0.010988092381523686
165 0.012055938534515318
166 0.013283475527116796
167 0.014176353895887485
168 0.015226141716101217
169 0.016400911206647568
170 0.017021622342198235
171 0.01840467739785376
172 0.019096204647959303
173 0.02007796190761848
174 0.021040268890666312
175 0.021567939467662025
176 0.021938697815992357
177 0.022526076451376383
178 0.023252321757870634
179 0.022957942022706568
180 0.023568929269701618
181 0.02308430786065009
182 0.0226788270123753
183 0.022320563665044764
184 0.021978975038325663
185 0.020902790275278287
186 0.020176550800950925
187 0.01951417799773379
188 0.018251926281410386
189 0.01735905152302872
190 0.016410628985314046
191 0.015274744495545337
192 0.014054150558777132
193 0.013302915805727742
194 0.012169802706125431
195 0.010753421815636861
196 0.010166035959474766
197 0.009277322591037342
198 0.008380280332822319
199 0.007520727798884664
200 0.006641738319002868
201 0.006039078017729789
202 0.005330885489568753
203 0.004639356573129815
204 0.0041616740540780725
205 0.0036881554244706607
206 0.0032812923526405807
207 0.0028383259459219268
208 0.0025050575995911924
209 0.0021370756404274697
210 0.0019926603568175254
211 0.0017732597924859472
212 0.0014247161678775351
213 0.0012983531071563462
214 0.001169212824101846
215 0.0009595322602146242
216 0.0008303900331044901
217 0.0007804003088271235
218 0.0006998605834388677
219 0.0005915483569952678
220 0.0005457250216623341
221 0.00043880168410762233
222 0.00037770223733031116
223 0.000397142793663489
224 0.00031660390144193335
225 0.00033049001310848887
226 0.0002805000111088888
227 0.00028049973338665563
228 0.0002485616765535778
229 0.00021662361972050006
230 0.00020412584149836672
231 0.00017774278477637785
232 0.00016385639538758892
233 0.00018051945166522228
234 0.0001416386167211001
235 0.00012080917149903339
236 0.00017357639583194444
237 0.0001555244506654223
238 0.0001305297273878556
239 0.00014997028372103338
240 0.00014302722788775557
241 0.00013330667199893341
242 0.00012080917149903341
243 0.00012219778266568895
244 0.0001360838943322445
245 0.0001444161167766445
246 0.0001430269501655224
247 0.00014997083916550008
248 0.00019857167455397779
249 0.00017496528472083333
250 0.0001944063964984778
251 0.00021801195316492229
252 0.00021523556399831114
253 0.00023884112066475558
254 0.0002874427892199333
255 0.0003318786242751444
256 0.0003291014019418333
257 0.00036659362571930007
258 0.0003777033482192444
259 0.0004124180719411667
260 0.00040686334955231123
261 0.0004929577973294227
262 0.0005943269679397453
263 0.0005623878002177339
264 0.0006345964140505231
265 0.0007206900286609345
266 0.0007137469728276567
267 0.0008553858672709905
268 0.000912318091937168
269 0.000990081983603279
270 0.0011136664333799904
271 0.001165046157435179
272 0.0012705814392677012
273 0.0013997225554889029
274 0.0015441364504876801
275 0.0017149375680419472
276 0.001820472572152235
277 0.001871849796707325
278 0.0020162681352618368
279 0.0021315214734830817
280 0.002405078984203158
281 0.0023148167588704473
282 0.002477285376258081
283 0.002749455108978204
284 0.002825829000866493
285 0.002942471783421094
286 0.0029869067853096035
287 0.0031118851229754055
288 0.003120213457308537
289 0.003202141793863448
290 0.0031313220689195478
291 0.003150761514363795
292 0.0032146384611966496
293 0.0031396556799751173
294 0.0031549284587526916
295 0.003077167622031149
296 0.0030868862338643377
297 0.002902200393254681
298 0.002960521784531984
299 0.0026939106623119807
300 0.002668913994978781
301 0.0025814351018685145
302 0.002335647870425914
303 0.0022981545357595146
304 0.002052369248372546
305 0.0019023992423737475
306 0.0017996414605967698
307 0.0016066258970428146
308 0.0014844267257659576
309 0.0014011119998222576
310 0.00125669643849008
311 0.0011344961563242901
312 0.0009484222599924464
313 0.0008345561443266903
314 0.0008470539225488237
315 0.0006568141927170123
316 0.000577662523050945
317 0.0004568533515519112
318 0.0004165841831633667
319 0.0003790916816636666
320 0.0002943866782199111
321 0.00028466556688662225
322 0.00024161889844253345
323 0.0001944058410540112
324 0.00013747278322113346
325 0.00013052944966562225
326 0.0001235872269990445
327 8.053944766602234e-05
328 7.220778066608898e-05
329 5.693305783287789e-05
330 5.2767502055144547e-05
331 3.6103890333044516e-05
332 2.9161112222000048e-05
333 1.805194516652225e-05
334 2.0829167499833366e-05
335 2.4995000999800042e-05
336 1.805194516652225e-05
337 1.805194516652225e-05
338 1.2497778222133348e-05
339 4.165833499966673e-06
340 5.554444666622231e-06
341 9.720278166588903e-06
342 9.720278166588903e-06
343 2.7772223333111155e-06
344 4.165833499966673e-06
345 2.7772223333111155e-06
346 5.554444666622231e-06
347 2.7772223333111155e-06
348 1.3886111666555577e-06
349 1.3886111666555577e-06
350 4.165833499966673e-06
351 1.3886111666555577e-06
352 2.7772223333111155e-06
353 5.554444666622231e-06
354 2.7772223333111155e-06
355 0.0
356 1.3886111666555577e-06
357 1.3886111666555577e-06
358 0.0
