0 1.3886111666555577e-06
1 0.0
2 0.0
3 2.7772223333111155e-06
4 1.3886111666555577e-06
5 2.7772223333111155e-06
6 0.0
7 1.3886111666555577e-06
8 1.3886111666555577e-06
9 2.7772223333111155e-06
10 1.3886111666555577e-06
11 0.0
12 6.9430558332777885e-06
13 5.554444666622231e-06
14 5.554444666622231e-06
15 6.9430558332777885e-06
16 2.7772223333111155e-06
17 1.110888933324446e-05
18 1.2497500499900018e-05
19 8.331666999933345e-06
20 1.666333399986669e-05
21 1.3886111666555575e-05
22 1.3886111666555575e-05
23 2.7772223333111154e-05
24 2.0829167499833366e-05
25 2.916083449976672e-05
26 4.0269723833011185e-05
27 3.6103890333044516e-05
28 6.387611366615567e-05
29 6.94308360550112e-05
30 7.498500299940009e-05
31 8.887111466595563e-05
32 0.00012775250505454454
33 0.00014163889444333342
34 0.00017913084049856674
35 0.0002180122308871555
36 0.00027772278877557783
37 0.00032632390188628885
38 0.00035270723633051116
39 0.000434636128329889
40 0.0004999005754404671
41 0.0005818280788286788
42 0.0006693116932169122
43 0.0007873447532715682
44 0.0008567750338821128
45 0.0009914700393254686
46 0.0012428086604901242
47 0.0013761150547668233
48 0.001530251727432291
49 0.001701049512319758
50 0.001959333688817793
51 0.0020093248017063257
52 0.0022176164767046583
53 0.002341202037370303
54 0.0026411437157013032
55 0.0027966665000333257
56 0.003023011231087115
57 0.0031910331822524378
58 0.0034409829145282058
59 0.0035229098624719496
60 0.003547907640694081
61 0.0037409237596925057
62 0.0038964490435246238
63 0.003908946544024528
64 0.004121406274300695
65 0.004100574329578529
66 0.004122791275078318
67 0.0040450290497456055
68 0.004057526550245507
69 0.004083911273300895
70 0.003997815159190384
71 0.003910335155191184
72 0.0037159273700815387
73 0.003599285142971407
74 0.003440981803639272
75 0.0033576667999733393
76 0.0032063081828078827
77 0.003048007065253616
78 0.003013289564309361
79 0.0028063873336443817
80 0.002482843153591504
81 0.0025092234330911594
82 0.002324538703370437
83 0.0020634792485947247
84 0.00191350868715146
85 0.0018551867404296926
86 0.0016163461752094024
87 0.0015163642271545687
88 0.001295577273434202
89 0.0012761350507676235
90 0.0012025386589348793
91 0.0009914705947699346
92 0.0010039675398253688
93 0.0008706603123819683
94 0.0007290219733831012
95 0.0007151361394387792
96 0.0007165236397165014
97 0.0006720880823835236
98 0.0005623880779399671
99 0.0005221186318291896
100 0.000499901130884934
101 0.0004790714079406337
102 0.0003679819591637223
103 0.0003749255704414667
104 0.0003443758470528113
105 0.00032076945721966674
106 0.00028188806683107783
107 0.00024439667622031127
108 0.0002596702881645889
109 0.0002416188984425334
110 0.0002207891754982334
111 0.00020273750805394446
112 0.00021523500855384454
113 0.0002082919527205668
114 0.00016802222888755568
115 0.00019023972983181112
116 0.0001707991734986333
117 0.00014441611677664453
118 0.00012914083849896674
119 0.0001694105623319778
120 0.00013886139438778892
121 0.00016246778422093335
122 0.00017357695127641112
123 0.00017218778466528888
124 0.00016663361772090005
125 0.00014719278366548896
126 0.0001860750072207778
127 0.00018190889599857776
128 0.0001832975071652334
129 0.0002430072318869557
130 0.00023467528716478896
131 0.00023884139838698895
132 0.0003013291786087223
133 0.00026105945477571124
134 0.0003054947343864555
135 0.00039714307138572223
136 0.0003749252927192333
137 0.00042491640560776673
138 0.00048462585260725604
139 0.0005123977982181338
140 0.0006332078028838679
141 0.0006582022484392012
142 0.0006818094714390458
143 0.0008789919793819013
144 0.0010247964296029683
145 0.0010720086538247903
146 0.001266414494878802
147 0.0014066656113221794
148 0.001644118676264747
149 0.0019218403541513903
150 0.0020912506387611354
151 0.0024634006532026926
152 0.0027605623319780486
153 0.0031188237352529494
154 0.0035673456975271606
155 0.003932551267524275
156 0.004451894065631315
157 0.005185079928458753
158 0.005609996611788752
159 0.006179326356950825
160 0.00714302583927659
161 0.007720688917771996
162 0.008566356450932032
163 0.009255105090093092
164 0.01021324735052989
165 0.011543541014019417
166 0.011950403530405026
167 0.01324042802550601
168 0.014065260558999308
169 0.0149678575396032
170 0.016255103423759697
171 0.016961907340754073
172 0.017753414317136576
173 0.018637964907018592
174 0.019008719922682132
175 0.01958777827767781
176 0.02012517191006243
177 0.020522311926503594
178 0.02097083527738896
179 0.021048598058166147
180 0.020941671943389098
181 0.02080975527116798
182 0.020609795818614055
183 0.020082128018840673
184 0.019553059943566833
185 0.018996227976626905
186 0.018442174898353658
187 0.01752013458419427
188 0.016568931491479484
189 0.015727432013597286
190 0.015008130873825234
191 0.014084702781665888
192 0.012989085793952318
193 0.012061495478682037
194 0.011138062109800258
195 0.01029795679752938
196 0.009330090370814724
197 0.008606621453487081
198 0.007897043924548423
199 0.006859747217223224
200 0.006316799417894194
201 0.005518347441622787
202 0.005076768812904085
203 0.004413012952964961
204 0.003979763769468328
205 0.0034659793041391727
206 0.0030855012330867158
207 0.0027466759425892585
208 0.0023495342598147026
209 0.0021759559199271256
210 0.0018593517407629585
211 0.0016080145082094694
212 0.0014358261680997122
213 0.0012275339376569129
214 0.0011136669888244571
215 0.00100118976204759
216 0.0008609400342153794
217 0.000790121697882646
218 0.0007387428069941566
219 0.0006304297473838568
220 0.00048323779688506696
221 0.0004512994623297556
222 0.0003888119598302555
223 0.00041102946077451103
224 0.0003985316825523779
225 0.0003388211246639556
226 0.00031104917905307774
227 0.0002805005665533556
228 0.00023606389833144448
229 0.00021662334199826672
230 0.00023189834255371125
231 0.00017218778466528899
232 0.0001874625074985001
233 0.00014719306138772235
234 0.00019162834099846674
235 0.00017635445133195568
236 0.00017218778466528885
237 0.00014441583905441113
238 0.0001666336177209
239 0.0001638561176653556
240 0.0001680225066097889
241 0.00015135861716545558
242 0.0001471927836654889
243 0.00018329722944300007
244 0.00016802195116532234
245 0.00017913139594303342
246 0.00018885195183185574
247 0.0002082916749983334
248 0.00022356667555377784
249 0.0002166236197205001
250 0.0002346758426092556
251 0.00023050973138705565
252 0.0002568933435535111
253 0.00031521529027527776
254 0.0002957741784976334
255 0.0003068833455531111
256 0.0003679825146081889
257 0.0003860344597747112
258 0.00042769251705214445
259 0.0005054547423848561
260 0.0005193414094958782
261 0.000562388633384434
262 0.0006234864138283455
263 0.0007137472505498899
264 0.0007248566953276014
265 0.0007928986424937236
266 0.0009081519807149683
267 0.0009845267057699567
268 0.0010553450421026905
269 0.00115254949010198
270 0.0013372339421004686
271 0.001455265891266191
272 0.001513588948876892
273 0.0016038492301539689
274 0.001795475627096802
275 0.00195239118842898
276 0.002157903974760603
277 0.002256497033926547
278 0.0024828403763691703
279 0.0025383839898686926
280 0.002884148170365926
281 0.002929973172032261
282 0.002986907618476303
283 0.0032465795729742933
284 0.003467366248972427
285 0.003506249027972182
286 0.0036742709791375053
287 0.0037617532049145728
288 0.0038908937656913062
289 0.003956157935079653
290 0.004008927381190426
291 0.003956158490524119
292 0.004051971827856649
293 0.004018647103912549
294 0.003958937379190826
295 0.0040547493279121955
296 0.003921444044524431
297 0.0038478459863582823
298 0.00362428069941567
299 0.0035159706947499383
300 0.003341003465973471
301 0.003429874302917196
302 0.0031493720700304373
303 0.0031299340131973603
304 0.0028244390010886715
305 0.0026189242707014156
306 0.00230232036925948
307 0.0023259278699815584
308 0.0021509614743717917
309 0.0018801820191517253
310 0.0016996628452087361
311 0.0014691533915439136
312 0.0014024983892110465
313 0.001195596158546068
314 0.001042850041102891
315 0.0009387019818258573
316 0.0008498317003266016
317 0.0006498708591615011
318 0.0005957144682174677
319 0.0005318391877180117
320 0.0004054747383856554
321 0.000337433346664
322 0.00029160862271990017
323 0.00026522528827567786
324 0.00020551500810948894
325 0.00020273750805394444
326 0.0001388619498322556
327 0.00013330667199893341
328 9.581417049923337e-05
329 9.859167055477786e-05
330 6.109916905507787e-05
331 4.7212779666288977e-05
332 4.44358350552112e-05
333 3.332666799973339e-05
334 2.777222333311116e-05
335 3.054944566642228e-05
336 2.2217778666488924e-05
337 1.5274722833211133e-05
338 6.94333355551112e-06
339 1.666333399986669e-05
340 8.331666999933345e-06
341 8.331666999933345e-06
342 6.9430558332777885e-06
343 9.720278166588903e-06
344 2.7772223333111155e-06
345 5.554444666622231e-06
346 4.165833499966673e-06
347 1.3886111666555577e-06
348 2.7772223333111155e-06
349 4.165833499966673e-06
350 4.165833499966673e-06
351 2.7772223333111155e-06
352 0.0
353 1.3886111666555577e-06
354 0.0
355 1.3886111666555577e-06
356 1.3886111666555577e-06
357 1.3886111666555577e-06
358 1.3886111666555577e-06
