0 0.0
1 1.3886111666555577e-06
2 1.3886111666555577e-06
3 2.7772223333111155e-06
4 0.0
5 0.0
6 1.3886111666555577e-06
7 0.0
8 0.0
9 2.7772223333111155e-06
10 2.7772223333111155e-06
11 5.554444666622231e-06
12 4.165833499966673e-06
13 2.7772223333111155e-06
14 9.720278166588903e-06
15 9.720278166588903e-06
16 6.9430558332777885e-06
17 9.720278166588903e-06
18 9.720278166588903e-06
19 5.554444666622231e-06
20 1.110888933324446e-05
21 1.2497500499900018e-05
22 2.0829167499833366e-05
23 1.5274722833211133e-05
24 1.3886111666555575e-05
25 3.054944566642227e-05
26 3.3326667999733394e-05
27 4.443555733297786e-05
28 4.1658334999666746e-05
29 5.832166899953343e-05
30 7.359639183274453e-05
31 8.053944766602232e-05
32 0.00011664333799906674
33 0.00012914083849896674
34 0.00016385611766535563
35 0.00019440556333177782
36 0.00021523473083161118
37 0.0003124375124975001
38 0.0003360439023306444
39 0.0004304694616632223
40 0.00045963029616298914
41 0.00047629363016285595
42 0.0005568330778288787
43 0.0006693105823279791
44 0.0008095603101601905
45 0.0008970428136594906
46 0.0009748050389922013
47 0.0011664333799906686
48 0.0014024972783221136
49 0.0015108089493212466
50 0.001680219511653225
51 0.0017552045146526243
52 0.0019732164678175467
53 0.0020829167499833356
54 0.00223149814481548
55 0.0025175520451465256
56 0.0025453242684796372
57 0.002724455108978203
58 0.0027980515008109476
59 0.0031299295696416273
60 0.003175753738141261
61 0.0033576618009731377
62 0.003439589859805815
63 0.0033409984669732712
64 0.0035090204181385948
65 0.003746472927636695
66 0.0035840054211379938
67 0.003657601812970739
68 0.0037006487591370587
69 0.0034840254171387953
70 0.0035590104201381925
71 0.0034756937501388605
72 0.003503465973471972
73 0.003203525961474372
74 0.0031549245706414273
75 0.003154924570641427
76 0.002974405118976205
77 0.002918860672309982
78 0.0027119576084783034
79 0.002689739829811813
80 0.0024578417649803366
81 0.002278710924481769
82 0.002074585082983402
83 0.0019565531338176807
84 0.0018079717389855364
85 0.0017315981248194811
86 0.0015705192294874358
87 0.001405274500655424
88 0.0013164033859894687
89 0.0012386411606567574
90 0.0011053344886578244
91 0.0010095203181585907
92 0.0009234264258259459
93 0.0008401097558266124
94 0.0007526272523273128
95 0.0006943055833277793
96 0.0006498700259948008
97 0.0005679419671621233
98 0.00046518474082961136
99 0.00047768224132951166
100 0.0003874225154968999
101 0.00041658334999666673
102 0.0003721477926636889
103 0.00036659334799706673
104 0.0003693705703303778
105 0.0003291008464973667
106 0.00024161834299806675
107 0.00024300695416472223
108 0.0002527272323313111
109 0.00016663333999866671
110 0.00021384611966495556
111 0.00017774222933191117
112 0.0001513586171654556
113 0.0001707991734986334
114 0.00015969028416538888
115 0.00016663333999866671
116 0.00014858139483214452
117 0.00014441556133217782
118 0.0001458041724988334
119 0.00015135861716545563
120 0.00015274722833211112
121 0.00014024972783221115
122 0.00015969028416538893
123 0.0001763536181652557
124 0.00015691306183207782
125 0.00013330667199893336
126 0.00018190806283187788
127 0.00016385611766535563
128 0.00020551445266502218
129 0.0001805194516652223
130 0.0002138461196649556
131 0.00022912084249816672
132 0.00026522473283121107
133 0.00025828167699793337
134 0.0002943855673309779
135 0.00034854140283054443
136 0.00038047945966362224
137 0.0004054744606634224
138 0.00048045946366282285
139 0.0005040658534959671
140 0.0005540558554955675
141 0.0006262636361616566
142 0.000791508364993668
143 0.0008178919771601232
144 0.0009095403141593906
145 0.0010997800439912016
146 0.0011900397698238136
147 0.0014358239463218468
148 0.0015774622853207138
149 0.0018399097958186142
150 0.0022342753671487922
151 0.0024550645426470253
152 0.002861927614477104
153 0.003170199293474639
154 0.0036034459774711724
155 0.004047801550800949
156 0.004444944344464439
157 0.004949010197960405
158 0.005862716345619766
159 0.006498700259948006
160 0.007272156679775156
161 0.008034504210269055
162 0.008667710902263988
163 0.009688340109755823
164 0.010654813481748088
165 0.011550467684240923
166 0.012289208824901683
167 0.01351535248505854
168 0.014560976693550174
169 0.01584405341153992
170 0.016739707614032748
171 0.017856150992023825
172 0.018431036015019234
173 0.019136450487680253
174 0.020200126641338394
175 0.02104440223066498
176 0.021209646959496977
177 0.021488757803994767
178 0.02185118531849186
179 0.022196949498989097
180 0.021901175320491465
181 0.021506809749161287
182 0.021533193361327734
183 0.021391555022328874
184 0.02094303361549911
185 0.020282054700171068
186 0.019691894954342475
187 0.018412984069852686
188 0.017839487658023945
189 0.016936890399697837
190 0.015645482014708167
191 0.014828978648714701
192 0.013797240551889625
193 0.012729398564731494
194 0.01138105712190895
195 0.010864493767913076
196 0.009720278166588905
197 0.00868020840276389
198 0.007813715034770827
199 0.007027761114443777
200 0.006359839143282452
201 0.005701637450287716
202 0.005132306871958939
203 0.004515763513963873
204 0.004120009331467038
205 0.0036020573663045163
206 0.0030799395676420257
207 0.0027744451109778037
208 0.0024411784309804705
209 0.0021106889733164477
210 0.001817692017152125
211 0.0016607789553200472
212 0.0014608189473216465
213 0.0012955742184896355
214 0.0011469928236574906
215 0.0009400897598258128
216 0.0008748250349930013
217 0.000733186695994134
218 0.0006498700259948009
219 0.0005707191894954342
220 0.0005651647448288119
221 0.0004887911306627559
222 0.00039019973783021114
223 0.0004068630718300779
224 0.0003499300139972001
225 0.0003485414028305444
226 0.00031104890133084435
227 0.0002666133439978668
228 0.00021245750849830012
229 0.000197182785665089
230 0.0001569130618320779
231 0.00019996000799840007
232 0.00019023972983181118
233 0.00015969028416538893
234 0.00018329667399853342
235 0.00013747250549890004
236 0.00015413583949876674
237 0.00014997000599880006
238 0.00012358639383234455
239 0.00014024972783221115
240 0.00014024972783221117
241 0.00014719278366548896
242 0.00014302695016552233
243 0.0001305294496656223
244 0.00014302695016552225
245 0.00014441556133217788
246 0.0001735763958319445
247 0.0001999600079984
248 0.00018051945166522226
249 0.00019162834099846674
250 0.00022356639783154442
251 0.00022217778666488904
252 0.0002499500099980001
253 0.00026105889933124445
254 0.0002832766779977335
255 0.0002957741784976334
256 0.00035965029216378886
257 0.0003443755693305778
258 0.0004249150169966002
259 0.000447132795663089
260 0.000530449465662423
261 0.0004929569641627224
262 0.0005665533559954676
263 0.0006193205803283784
264 0.0007817880868270792
265 0.000748461418827346
266 0.0007942855873269791
267 0.0009095403141593903
268 0.0010025772623253129
269 0.0010970028216578903
270 0.0013108489413228464
271 0.0012705792174898362
272 0.0015177520051545242
273 0.0016288408984869698
274 0.0016996600679864032
275 0.001910728965318047
276 0.0018898997978182143
277 0.002139849807816214
278 0.0022662134239818704
279 0.002303705925481569
280 0.002592537048145926
281 0.002680019551645226
282 0.0028883112266435604
283 0.0030591104001421936
284 0.003131318180808283
285 0.0032271323513075162
286 0.0033784909684729716
287 0.0034548645826390292
288 0.0035326268079717412
289 0.00361038903330445
290 0.003610389033304448
291 0.003607611810971139
292 0.0036756537581372623
293 0.003781188206803081
294 0.003563176253638162
295 0.003453475971472371
296 0.003613166255637763
297 0.0033895998578062163
298 0.003364604856806417
299 0.0032701792974738388
300 0.003009120398142593
301 0.003042447066142326
302 0.002768890666311181
303 0.0026341953831455923
304 0.00240368592948077
305 0.0021703992534826363
306 0.002045424248483636
307 0.0018843453531515912
308 0.0017649247928192137
309 0.001680219511653225
310 0.001559410340154191
311 0.0013302894976560246
312 0.0011483814348241456
313 0.0010525672643249123
314 0.0008081716989935344
315 0.0007401297518274128
316 0.0006623675264947011
317 0.0005818280788286783
318 0.0004929569641627224
319 0.0004276922393299111
320 0.00037214779266368895
321 0.0002818880668310777
322 0.00024995000999799996
323 0.00023328667599813337
324 0.00017357639583194458
325 0.00015969028416538896
326 0.00014302695016552223
327 0.00010414583749916674
328 9.164833699926674e-05
329 6.80419471661223e-05
330 5.832166899953343e-05
331 4.582416849963342e-05
332 3.471527916638895e-05
333 3.7492501499700064e-05
334 3.610389033304451e-05
335 2.082916749983337e-05
336 2.0829167499833366e-05
337 1.3886111666555575e-05
338 1.6663333999866694e-05
339 8.331666999933345e-06
340 8.331666999933345e-06
341 4.165833499966673e-06
342 2.7772223333111155e-06
343 8.331666999933345e-06
344 4.165833499966673e-06
345 0.0
346 4.165833499966673e-06
347 2.7772223333111155e-06
348 1.3886111666555577e-06
349 2.7772223333111155e-06
350 1.3886111666555577e-06
351 1.3886111666555577e-06
352 0.0
353 2.7772223333111155e-06
354 2.7772223333111155e-06
355 1.3886111666555577e-06
356 2.7772223333111155e-06
357 2.7772223333111155e-06
358 1.3886111666555577e-06
