0 0.0
1 0.0
2 0.0
3 0.0
4 0.0
5 0.0
6 0.0
7 0.0
8 0.0
9 0.0
10 0.0
11 1.3886111666555577e-06
12 0.0
13 0.0
14 1.3886111666555577e-06
15 1.3886111666555577e-06
16 0.0
17 1.3886111666555577e-06
18 2.7772223333111155e-06
19 2.7772223333111155e-06
20 2.7772223333111155e-06
21 6.9430558332777885e-06
22 6.9430558332777885e-06
23 6.9430558332777885e-06
24 8.331666999933345e-06
25 1.3886111666555575e-05
26 1.944055633317781e-05
27 1.6663333999866694e-05
28 2.4995000999800042e-05
29 3.888111266635563e-05
30 5.693305783287789e-05
31 6.804194716612233e-05
32 8.05394476660223e-05
33 0.00011108889333244455
34 0.00016524472883201112
35 0.00016663333999866671
36 0.00025689306583127783
37 0.00038742251549690005
38 0.00047351640782954503
39 0.0005457241884956344
40 0.0006540358594947679
41 0.0008789908684929681
42 0.0010372925414917017
43 0.0013108489413228468
44 0.0015524672843209135
45 0.0018274122953187144
46 0.0022273323113155136
47 0.0026022573263125145
48 0.002974405118976205
49 0.0032326867959741375
50 0.003754804594636628
51 0.004265813503965876
52 0.004628241018462976
53 0.00491707214112733
54 0.005171187984625297
55 0.005569719389455445
56 0.005841887178119932
57 0.006245973027616697
58 0.006282076917949741
59 0.006182096913950543
60 0.006400108867115465
61 0.00625152747228332
62 0.006120998022617695
63 0.0058974316247861515
64 0.005584994112288652
65 0.0051961829856250995
66 0.005104534648625829
67 0.004939289919793819
68 0.004367182119131726
69 0.004165833499966673
70 0.0037770223733031177
71 0.003454864582639026
72 0.0033201692994734387
73 0.0030771623453087144
74 0.002771667888644492
75 0.002477282321313514
76 0.0022467728676486927
77 0.002019040636317181
78 0.001806583127818881
79 0.0017260436801528585
80 0.0015496900619876024
81 0.001366393387989069
82 0.0011844853251571914
83 0.0011303294896576237
84 0.0010011886511586575
85 0.000901208647159457
86 0.0007901197538270122
87 0.000699860027994401
88 0.0006609789153280458
89 0.0005401697438290119
90 0.0004915683529960671
91 0.0004082516829967334
92 0.0003540958474971668
93 0.0003429869581639222
94 0.0003110489013308444
95 0.00028327667799773337
96 0.00020968028616498902
97 0.00017496500699860007
98 0.00015969028416538893
99 0.00016524472883201112
100 0.00013608389433224452
101 0.00012080917149903341
102 9.02597258326112e-05
103 8.887111466595561e-05
104 7.359639183274452e-05
105 8.192805883267788e-05
106 6.109889133284453e-05
107 4.8601390832944544e-05
108 5.415583549956676e-05
109 4.999000199960009e-05
110 3.6103890333044516e-05
111 3.471527916638895e-05
112 3.054944566642228e-05
113 3.3326667999733394e-05
114 3.3326667999733394e-05
115 2.777222333311116e-05
116 2.9160834499766715e-05
117 2.4995000999800046e-05
118 1.666333399986669e-05
119 2.360638983314448e-05
120 2.0829167499833366e-05
121 1.805194516652225e-05
122 1.5274722833211133e-05
123 1.110888933324446e-05
124 2.777222333311116e-05
125 2.6383612166455603e-05
126 2.499500099980004e-05
127 1.944055633317781e-05
128 1.2497500499900018e-05
129 1.944055633317781e-05
130 2.3606389833144485e-05
131 2.777222333311116e-05
132 5.137861316625566e-05
133 4.1658334999666746e-05
134 4.443555733297787e-05
135 6.804194716612232e-05
136 5.971028016618899e-05
137 6.665333599946676e-05
138 7.081916949943342e-05
139 9.303694816592232e-05
140 0.0001569130618320779
141 0.0001416383389988667
142 0.00021523473083161118
143 0.0002499500099980001
144 0.00031104890133084456
145 0.0003596502921637889
146 0.0004485214068297448
147 0.0004901797418294117
148 0.0006276522473283122
149 0.0008053944766602235
150 0.0008678819791597238
151 0.001109500322157791
152 0.001316403385989468
153 0.0016885511786531588
154 0.0019537759114843702
155 0.0023453642604812364
156 0.0026536359394787683
157 0.0032729565198071483
158 0.003940878490968473
159 0.004497711568797349
160 0.005282276877957739
161 0.0059238152369526075
162 0.006980548334777491
163 0.007966462263102936
164 0.009049578973094267
165 0.01057843986758204
166 0.011429658512741895
167 0.012847430513897211
168 0.014195771956719774
169 0.015689917572041148
170 0.01746733986536026
171 0.01851018685151859
172 0.02005987691350618
173 0.021483203359328133
174 0.02257187451398611
175 0.023659157057477388
176 0.024853362660801175
177 0.02595453131595903
178 0.02639472105578886
179 0.026714101624119625
180 0.02726121442378191
181 0.02732786775978137
182 0.027126519140616326
183 0.026873791908285014
184 0.026022573263125154
185 0.025510175742629246
186 0.024368737363638378
187 0.023418927325645992
188 0.0221275189406563
189 0.02125824835032994
190 0.01980853829234152
191 0.01824912795218734
192 0.017156290964029416
193 0.015576051456375398
194 0.014413783909884693
195 0.01322374414006087
196 0.011801806305405586
197 0.010770068208580499
198 0.00967723122042258
199 0.008587171454597961
200 0.007733175587104804
201 0.006676442489279924
202 0.0058113377324535065
203 0.005315603545957473
204 0.004531038236797083
205 0.0038658934879690723
206 0.003424315136972606
207 0.002843875669310582
208 0.0025231064898131473
209 0.002145404252482835
210 0.0018093603501521923
211 0.001585793952320647
212 0.0013052944966562242
213 0.0011303294896576237
214 0.0009317580928258797
215 0.0007998400319936015
216 0.0005901597458286119
217 0.0004999000199960005
218 0.0004485214068297445
219 0.0003929769601635223
220 0.00030271723433091105
221 0.0002860539003310444
222 0.00021384611966495564
223 0.00019162834099846677
224 0.00014441556133217793
225 0.00012636361616565558
226 0.00010553444866582229
227 8.74825034993001e-05
228 6.665333599946676e-05
229 5.693305783287789e-05
230 5.554444666622232e-05
231 4.8601390832944544e-05
232 4.5824168499633416e-05
233 3.4715279166388955e-05
234 3.193805683307784e-05
235 2.3606389833144485e-05
236 2.9160834499766715e-05
237 3.1938056833077833e-05
238 2.360638983314448e-05
239 1.5274722833211133e-05
240 1.666333399986669e-05
241 1.666333399986669e-05
242 9.720278166588903e-06
243 9.720278166588903e-06
244 1.2497500499900018e-05
245 1.110888933324446e-05
246 1.110888933324446e-05
247 1.3886111666555575e-05
248 1.2497500499900018e-05
249 1.2497500499900018e-05
250 2.7772223333111155e-06
251 6.9430558332777885e-06
252 6.9430558332777885e-06
253 9.720278166588903e-06
254 5.554444666622231e-06
255 1.110888933324446e-05
256 5.554444666622231e-06
257 8.331666999933345e-06
258 1.110888933324446e-05
259 5.554444666622231e-06
260 1.944055633317781e-05
261 1.5274722833211133e-05
262 1.2497500499900018e-05
263 1.666333399986669e-05
264 2.4995000999800042e-05
265 2.4995000999800042e-05
266 2.4995000999800042e-05
267 2.916083449976672e-05
268 1.805194516652225e-05
269 2.9160834499766715e-05
270 3.6103890333044516e-05
271 5.5544446666222335e-05
272 5.4155835499566774e-05
273 6.387611366615565e-05
274 8.331666999933343e-05
275 8.05394476660223e-05
276 7.498500299940011e-05
277 9.164833699926676e-05
278 0.00011525472683241121
279 0.0001430269501655224
280 0.00019440556333177785
281 0.0001832966739985335
282 0.00019440556333177796
283 0.00023050945366482237
284 0.0002804994556644224
285 0.0002999400119976001
286 0.00031243751249750016
287 0.00042213779466328917
288 0.0004429669621631225
289 0.0005165633539958673
290 0.000515174742829212
291 0.0006734764158279458
292 0.0006609789153280457
293 0.0007581816969939348
294 0.0008081716989935346
295 0.0008192805883267791
296 0.0008539958674931687
297 0.0009137061476593574
298 0.0009442555933257796
299 0.0010025772623253125
300 0.0010581217089915354
301 0.001067841987158124
302 0.0011178319891577246
303 0.0010539558754915682
304 0.0010497900419916021
305 0.0010456242084916348
306 0.0010511786531582576
307 0.0008956542024928352
308 0.000922037814659291
309 0.000902597258326113
310 0.0008456642004932347
311 0.0007623475304939017
312 0.0006637561376613566
313 0.0006415383589948675
314 0.0005665533559954675
315 0.00046518474082961163
316 0.00042769223932991144
317 0.0004026972383301113
318 0.0003346552911639892
319 0.00028605390033104467
320 0.00022773223133151131
321 0.00021662334199826683
322 0.00017079917349863353
323 0.00015413583949876674
324 9.025972583261124e-05
325 0.00011247750449910008
326 8.4705281165989e-05
327 5.6933057832877876e-05
328 4.860139083294453e-05
329 5.6933057832877876e-05
330 2.6383612166455597e-05
331 3.054944566642227e-05
332 3.332666799973339e-05
333 1.9440556333177812e-05
334 9.720278166588903e-06
335 5.554444666622231e-06
336 8.331666999933345e-06
337 6.9430558332777885e-06
338 5.554444666622231e-06
339 2.7772223333111155e-06
340 2.7772223333111155e-06
341 4.165833499966673e-06
342 5.554444666622231e-06
343 1.3886111666555577e-06
344 0.0
345 2.7772223333111155e-06
346 0.0
347 2.7772223333111155e-06
348 1.3886111666555577e-06
349 2.7772223333111155e-06
350 0.0
351 1.3886111666555577e-06
352 0.0
353 1.3886111666555577e-06
354 0.0
355 0.0
356 0.0
357 0.0
358 0.0
