0 1.3886111666555577e-06
1 4.165833499966673e-06
2 4.165833499966673e-06
3 1.3886111666555577e-06
4 1.3886111666555577e-06
5 4.165833499966673e-06
6 1.3886111666555577e-06
7 5.554444666622231e-06
8 2.7772223333111155e-06
9 2.7772223333111155e-06
10 1.3886111666555577e-06
11 2.7772223333111155e-06
12 4.165833499966673e-06
13 6.9430558332777885e-06
14 1.110888933324446e-05
15 5.554444666622231e-06
16 4.165833499966673e-06
17 1.110888933324446e-05
18 8.331666999933345e-06
19 6.9430558332777885e-06
20 1.3886111666555575e-05
21 1.666333399986669e-05
22 3.7492501499700064e-05
23 2.63836121664556e-05
24 4.721277966628898e-05
25 4.443555733297786e-05
26 7.081916949943342e-05
27 9.164833699926675e-05
28 7.776222533271121e-05
29 9.720278166588897e-05
30 9.99800039992001e-05
31 0.00013052944966562225
32 0.0001596902841653889
33 0.00021801195316492226
34 0.00024439556533137786
35 0.0003374325134973001
36 0.00036520473683041113
37 0.0003957541824968333
38 0.00047212779666288906
39 0.0005984914128285455
40 0.000717911973160923
41 0.0007151347508276124
42 0.0009553644826590235
43 0.0010178519851585237
44 0.0011886511586571575
45 0.0013761136661556575
46 0.0014663733919882689
47 0.001727432291319515
48 0.0020245950809838036
49 0.002132906751982936
50 0.002307871758981536
51 0.0025605989913128468
52 0.0027452842764780373
53 0.0029660734519762703
54 0.0032174120731409254
55 0.0034548645826390275
56 0.003525683752138462
57 0.003900608767135462
58 0.004229709613632827
59 0.004235264058299449
60 0.0045365926814637065
61 0.004683785465129195
62 0.004794874358461641
63 0.004697671576795749
64 0.00482264658179475
65 0.004772656579795151
66 0.004936512697460505
67 0.004929569641627229
68 0.00495734186496034
69 0.004779599635628428
70 0.004821257970628094
71 0.004625463796129663
72 0.004532426847963739
73 0.004410229065298051
74 0.004313026283632158
75 0.004108900442133797
76 0.003913106267635362
77 0.003706203203803682
78 0.0034743051389722066
79 0.003278510964473772
80 0.003159090404141393
81 0.0028869226154769052
82 0.002670299273478637
83 0.002438401208647159
84 0.0022648248128152144
85 0.0020287609144837696
86 0.0018815681308182815
87 0.0017427070141527248
88 0.0015830167299873362
89 0.0014344353351551915
90 0.0013177919971561237
91 0.0011525472683241134
92 0.0010234064298251457
93 0.0009636961496589569
94 0.0008428869781599234
95 0.000754015863493968
96 0.0007220778066608899
97 0.0007081916949943346
98 0.0006151547468284122
99 0.0005276722433291115
100 0.000456853073829678
101 0.00047768224132951166
102 0.0003999200159967999
103 0.0003513186251638555
104 0.00032493501299739997
105 0.00033326667999733354
106 0.0002985514008309445
107 0.0002596702881645889
108 0.00028049945566442224
109 0.00021801195316492229
110 0.00022495500899820007
111 0.00020968028616498888
112 0.00016524472883201117
113 0.00015135861716545563
114 0.00014163833899886674
115 0.00014441556133217782
116 0.0001819080628318778
117 0.00013747250549890004
118 0.0001624675064987001
119 0.00018468528516518888
120 0.00012358639383234455
121 0.00014997000599880004
122 0.0001541358394987667
123 0.0001652447288320112
124 0.00014719278366548898
125 0.00018468528516518896
126 0.00015413583949876666
127 0.0001777422293319112
128 0.00018468528516518893
129 0.00019301695216512234
130 0.00017913084049856672
131 0.00021940056433157785
132 0.00026383612166455564
133 0.00026244751049790005
134 0.00029577417849763345
135 0.0002999400119976001
136 0.00037770223733031116
137 0.0004026972383301111
138 0.0004388011286631556
139 0.0005096202981625895
140 0.0005818280788286789
141 0.0006234864138283456
142 0.0006734764158279456
143 0.0007817880868270792
144 0.0008748250349930012
145 0.0009970228176586903
146 0.0011372725454909024
147 0.001341398386989268
148 0.001477482281321513
149 0.0017399297918194137
150 0.0018163034059854692
151 0.002243995645315382
152 0.0025592103801461916
153 0.002839709835810616
154 0.003404874580639426
155 0.0036353840343042493
156 0.004063076273634164
157 0.004407451842964738
158 0.005108700482125799
159 0.005644704392454841
160 0.006252916083449978
161 0.007045813059610299
162 0.0076470816947721565
163 0.008424703948099266
164 0.009412006487591367
165 0.01009103734808594
166 0.01100196627341198
167 0.011967051034237597
168 0.012807160790064205
169 0.013395931924726164
170 0.014873414206047684
171 0.015385811726543587
172 0.0161162212002044
173 0.016753593725699303
174 0.01728543180252838
175 0.01794502210668978
176 0.018780966029016417
177 0.018726810193516855
178 0.01904341353951432
179 0.0193155813281788
180 0.0189503765913484
181 0.01882262436401608
182 0.01890038658934879
183 0.01815331378168811
184 0.018207469617187676
185 0.017304872358861564
186 0.0166883290008665
187 0.016124552867204347
188 0.015121975604879025
189 0.014677620031549245
190 0.013815292497056148
191 0.012873814126063672
192 0.011769868248572507
193 0.01080894932124686
194 0.010290997356084335
195 0.009431447043924545
196 0.008606612010931144
197 0.007872036703770357
198 0.00692778111044458
199 0.006175153858117265
200 0.005647481614788151
201 0.00516424492879202
202 0.0043324668399653396
203 0.00379785154080295
204 0.0036242751449710045
205 0.003228520962474171
206 0.0027883312226443593
207 0.0024536759314803705
208 0.0020662534159834687
209 0.0018787909084849695
210 0.0016482814548201472
211 0.0015219178386544907
212 0.0012858539403230462
213 0.0011761536581572577
214 0.0009984114288253462
215 0.0009081517029927352
216 0.0007915083649936679
217 0.0007012486391610566
218 0.0006026572463285121
219 0.0005415583549956672
220 0.0005096202981625893
221 0.00044991001799640014
222 0.0003568730698304778
223 0.0003443755693305779
224 0.0003665933479970667
225 0.0002749450109978
226 0.0002874425114977001
227 0.00024995000999799996
228 0.00024717278766468894
229 0.00023328667599813342
230 0.0001888511186651556
231 0.0002055144526650223
232 0.0001735763958319445
233 0.00017218778466528896
234 0.00015552445066542225
235 0.0001985713968317444
236 0.00016246750649870004
237 0.0001652447288320111
238 0.00015135861716545558
239 0.00016246750649870007
240 0.0001555244506654223
241 0.00015969028416538885
242 0.00014580417249883336
243 0.00015274722833211115
244 0.0001666333399986668
245 0.0001527472283321112
246 0.00021106889733164447
247 0.00019440556333177785
248 0.00020690306383167777
249 0.00020968028616498896
250 0.00020829167499833345
251 0.0002638361216645557
252 0.0002402297318314111
253 0.00027911084449776675
254 0.0003110489013308444
255 0.0003277122353307112
256 0.0003679819591637222
257 0.0004401897398298111
258 0.00045129862916305573
259 0.0004624075184963001
260 0.0005332266879957339
261 0.0006262636361616562
262 0.0006540358594947679
263 0.0008178919771601235
264 0.000765124752827212
265 0.0008734364238263458
266 0.0009859139283254455
267 0.0010803394876580245
268 0.0012691906063231804
269 0.001324735052989402
270 0.0014705392254882356
271 0.0016024572863205138
272 0.0018260236841520583
273 0.0021134661956497577
274 0.0021176320291497247
275 0.0023245350929814034
276 0.002528660934479772
277 0.0026619676064787035
278 0.0029869026194761033
279 0.0031077117909751382
280 0.0035187406963051843
281 0.00363260681197094
282 0.0038797795996356296
283 0.0041352840543002495
284 0.004331078228798682
285 0.004392177120131529
286 0.004346352951631896
287 0.004624075184963005
288 0.0048754138061276615
289 0.004964284920793616
290 0.005073985202959406
291 0.005073985202959407
292 0.005085094092292653
293 0.0050642649247928185
294 0.005118420760292383
295 0.004972616587793552
296 0.004939289919793818
297 0.004830978248794687
298 0.00480459463662823
299 0.0043477415627985495
300 0.004279699615632428
301 0.004208880446132995
302 0.004018640716301186
303 0.003877002377302317
304 0.00353540403030505
305 0.0033423870781399256
306 0.0031257637361416604
307 0.002911917616476705
308 0.0025633762136461585
309 0.002387022595480903
310 0.0021481814748161455
311 0.0019982114688173475
312 0.00166911062231998
313 0.001533026727987736
314 0.0013538958874891693
315 0.001235863938323447
316 0.0010817280988246795
317 0.0009150947588260124
318 0.0008026172543269127
319 0.0006651447488280116
320 0.0006207091914950345
321 0.0005179519651625225
322 0.0004235264058299445
323 0.0003304894576640223
324 0.0002957741784976334
325 0.0002582816769979333
326 0.0002249550089982001
327 0.00016802195116532234
328 0.00014580417249883342
329 0.00012775222733231117
330 8.887111466595564e-05
331 7.915083649936674e-05
332 6.943055833277786e-05
333 6.665333599946676e-05
334 5.693305783287789e-05
335 2.6383612166455597e-05
336 2.777222333311116e-05
337 1.110888933324446e-05
338 2.0829167499833366e-05
339 2.4995000999800042e-05
340 6.9430558332777885e-06
341 1.110888933324446e-05
342 1.666333399986669e-05
343 1.110888933324446e-05
344 8.331666999933345e-06
345 1.666333399986669e-05
346 2.7772223333111155e-06
347 6.9430558332777885e-06
348 2.7772223333111155e-06
349 2.7772223333111155e-06
350 5.554444666622231e-06
351 6.9430558332777885e-06
352 1.3886111666555577e-06
353 5.554444666622231e-06
354 0.0
355 1.3886111666555577e-06
356 1.3886111666555577e-06
357 0.0
358 1.3886111666555577e-06
