0 0.0008728083394441358
1 0.000871417761709165
2 0.0008672382897736248
3 0.000878366652153593
4 0.0008463891304310267
5 0.0008339049959845546
6 0.0008324977585369947
7 0.0007991299168627699
8 0.0007671610131784845
9 0.0008700127373497785
10 0.0008672547211320715
11 0.0007796796554176686
12 0.0008213649209534491
13 0.0008825046672660328
14 0.0009353322133661619
15 0.000918663063349773
16 0.000836654386999613
17 0.0008644327255843471
18 0.0008338746739844223
19 0.0008602983278660629
20 0.0008686118862659573
21 0.0008561199670379929
22 0.0008255485624017992
23 0.0008853189105689346
24 0.0009645267132579534
25 0.0009172836240102613
26 0.0009436908729598824
27 0.0009409222645600542
28 0.000990945630168167
29 0.001070144253334041
30 0.0010242800538910744
31 0.0011465789978326365
32 0.0011104810036903219
33 0.001186896850740569
34 0.0011646779602891835
35 0.0012438493352016967
36 0.0011521958058711324
37 0.0013161243924931102
38 0.0012674835154839793
39 0.0013091905068272755
40 0.0013828644869543687
41 0.001424586485525155
42 0.0014648800994710536
43 0.0015232167733727564
44 0.0015565670210999185
45 0.0016524935436998268
46 0.0017024910165848533
47 0.0017525160402885247
48 0.001783134173456425
49 0.0017358827475696449
50 0.0018303649928004258
51 0.0018581719891638548
52 0.0018762391974430628
53 0.0019707395310210206
54 0.0019804809543680995
55 0.001919341795352181
56 0.00218482973648487
57 0.002070814882606018
58 0.0022278611022959454
59 0.0021722624429476676
60 0.0021194541007643723
61 0.002197302208506013
62 0.0022139747008684866
63 0.002268158891439509
64 0.0022111994417500754
65 0.0022264691531198133
66 0.0022320614445876224
67 0.0022362049944254386
68 0.0022528847403028396
69 0.002298758114349168
70 0.0023056830792401468
71 0.0021542244246289415
72 0.002162519666446318
73 0.0021180173315749704
74 0.00211108346159808
75 0.0021403308109236596
76 0.0020624584793551707
77 0.0020193573047811693
78 0.0019901998338975966
79 0.0018720764435026698
80 0.0019193144964337995
81 0.0019512633786342873
82 0.0019053855659391513
83 0.001976283102323734
84 0.0019749167759473244
85 0.0017372410205702777
86 0.0019165653906066597
87 0.001879043995350574
88 0.0017901045062897107
89 0.0018039474653899273
90 0.001813683326489964
91 0.001735856319113382
92 0.001749740485405425
93 0.001823435592887189
94 0.001759487168173831
95 0.0018276105994543134
96 0.0016677284535610546
97 0.0017678166103896097
98 0.001687205203045587
99 0.0018470388762192368
100 0.0017816904769360755
101 0.001833139447707871
102 0.0018442441478466677
103 0.0018734711988713634
104 0.0018164839307992483
105 0.0018832262169496956
106 0.0019401194418855539
107 0.001881767225924094
108 0.001912383132758187
109 0.0020263343084045175
110 0.001983246190433519
111 0.0020638320691222425
112 0.0020846801393257326
113 0.0020860985047911414
114 0.002116687442331387
115 0.0022097668686973347
116 0.002180618307951337
117 0.002293158600009029
118 0.0022347971487939144
119 0.0022987347379254137
120 0.0023501503189494338
121 0.0024668867423420994
122 0.002365445056925041
123 0.0025252540234738585
124 0.002615624956949517
125 0.0025947690970100686
126 0.002564166291107029
127 0.0026698461110190633
128 0.002711520842080188
129 0.0027837622717778528
130 0.0028630281854491405
131 0.002983884860788414
132 0.002928323467056552
133 0.0029964585892630364
134 0.002954751600791405
135 0.0030923327731805176
136 0.0031493130635759274
137 0.0031784657813295762
138 0.0033105732459495587
139 0.0032813386664592922
140 0.003329956710818407
141 0.0034383748763665034
142 0.003516244143674089
143 0.003609334200371954
144 0.003651013944432513
145 0.003741341417920046
146 0.0040179302511427996
147 0.0038761915887215743
148 0.0040957889907560704
149 0.004287651701414196
150 0.004330676900543697
151 0.004487659691455339
152 0.004512710590935841
153 0.004735081235594702
154 0.004824066691231425
155 0.005036654192067859
156 0.005083958476827686
157 0.005360474680508918
158 0.005557841740753312
159 0.0057733275215861675
160 0.005855307594859782
161 0.0060956909957652775
162 0.006065119810172002
163 0.006382003148599416
164 0.006680844228741437
165 0.0068087034000992785
166 0.006890616105415466
167 0.007011599632139177
168 0.007292355943505877
169 0.007495249359345316
170 0.0076051179004477725
171 0.007857967109906223
172 0.007884337057997985
173 0.008227710195261266
174 0.008252649193186547
175 0.008548725071334503
176 0.008465294642503389
177 0.008605688066900562
178 0.008790617286764928
179 0.008562640371315369
180 0.008930872182039949
181 0.008776623467022012
182 0.008821170523650888
183 0.008691821704788931
184 0.008586246195843753
185 0.008497253542933587
186 0.008452824639626096
187 0.008437505182147432
188 0.008197141604835504
189 0.008202615835607848
190 0.00787744903360563
191 0.007794022580867475
192 0.007714801130376609
193 0.007463254035025675
194 0.0072687410225011845
195 0.00694620670214626
196 0.006761454621457569
197 0.006712756079579097
198 0.006628017182554743
199 0.006284673525693123
200 0.0061929821998225765
201 0.005974742181993415
202 0.005915046742851721
203 0.005653843965612841
204 0.005549517042411993
205 0.005199291044563861
206 0.0050102786852745575
207 0.004897700505231265
208 0.004753127351730111
209 0.004700296184566615
210 0.004519635025602982
211 0.004337567106397291
212 0.00425841162524167
213 0.004063829226053278
214 0.004002651378076615
215 0.003986016415020662
216 0.003888683494262855
217 0.0036495899839553494
218 0.003703870674713675
219 0.0036468439051399173
220 0.003399420368844332
221 0.003354959218668052
222 0.0033869796485870326
223 0.003221607887443871
224 0.003122882201627586
225 0.0030255982229010145
226 0.002979712347029941
227 0.0028685472820435976
228 0.0029060834491376145
229 0.0028157181092827066
230 0.002780990037381409
231 0.0027142610822193467
232 0.0026587503307185026
233 0.0025878154971004687
234 0.0025781330458612786
235 0.002505831298240794
236 0.002448864345166538
237 0.002437701457510826
238 0.002394662642462768
239 0.002393263712461872
240 0.0022959361089868817
241 0.0023654314043431474
242 0.0023849270438181767
243 0.002340426706798111
244 0.0022932047556014465
245 0.0022084083222079273
246 0.0021277673991515044
247 0.002208371042342918
248 0.002168103008097042
249 0.002152832201986773
250 0.0020972137974395607
251 0.0020388609931803114
252 0.0020012881357486722
253 0.0020082537208979422
254 0.0019665631152388893
255 0.00209031388560707
256 0.002016605941412733
257 0.002012461266561614
258 0.0020318965398412334
259 0.002022157350200346
260 0.0019429487090275232
261 0.0019498327724645037
262 0.0019318434129981501
263 0.002068045751065106
264 0.0019790416861071303
265 0.0019832653823146
266 0.0019679408864657585
267 0.0020832653564704486
268 0.0019081822584213473
269 0.0019693450812371454
270 0.0020527957912502225
271 0.0020541259790347204
272 0.0020193943074721847
273 0.002002733790240991
274 0.001997151770241806
275 0.0020666368150861806
276 0.0020694117815630605
277 0.0020429836959390793
278 0.0021041532170499744
279 0.0019846629138822003
280 0.0021402988221545225
281 0.0021111385459461683
282 0.0021249873879962498
283 0.002150052439369479
284 0.0022237016715446483
285 0.0022848091047788757
286 0.0022278708177611763
287 0.0022251225433087838
288 0.002325140027884472
289 0.002229230787405632
290 0.002334869770092591
291 0.002366854794655559
292 0.0022806204602212354
293 0.0021792285734279285
294 0.0022848528080006195
295 0.002337672032044843
296 0.0023946704271299284
297 0.0022709556107401723
298 0.0021986849898647082
299 0.002248730028560379
300 0.0021722855210553464
301 0.002101381827214104
302 0.0021639249473840174
303 0.002094448786160169
304 0.0020972040438703692
305 0.002118097706526724
306 0.0020013212382025687
307 0.0019693773580071097
308 0.0019290166935010985
309 0.0019998897795760937
310 0.0019457442669846069
311 0.0017956475233599162
312 0.001762286931860033
313 0.0017831035492085559
314 0.0017330754811659486
315 0.0016635640324741423
316 0.0016288740804314247
317 0.00155519484853384
318 0.0014912617712612875
319 0.001445411745778786
320 0.001405111440232872
321 0.001437040030047161
322 0.0013814594454336665
323 0.0012536405588179547
324 0.0012939375010729971
325 0.0012508377314113218
326 0.001191070456549593
327 0.0012105413121730807
328 0.001174384879649033
329 0.001067358697125349
330 0.0011590892974723916
331 0.0011020881241683058
332 0.0010256503312121188
333 0.001049299523029593
334 0.0010631870267804435
335 0.0009436856028234178
336 0.0010632321034624282
337 0.0009103300017259264
338 0.0009492444673076081
339 0.0009214113590878051
340 0.0010132031664928946
341 0.0009784183603084229
342 0.0009464530745998875
343 0.0009256308787495007
344 0.0008561124518410362
345 0.0009061655807943025
346 0.0009117225203745835
347 0.0007935838259008166
348 0.0009186850480411925
349 0.0008950372402580085
350 0.0009033780581321609
351 0.000906152228091025
352 0.0008977838347623445
353 0.0008630710848136814
354 0.0008199924635437534
355 0.0009256186382876919
356 0.0007518776795181452
357 0.0008311057947666819
358 0.0007782874190371523
