0 2.7772223333111155e-06
1 1.3886111666555577e-06
2 0.0
3 0.0
4 2.7772223333111155e-06
5 1.3886111666555577e-06
6 1.3886111666555577e-06
7 0.0
8 1.3886111666555577e-06
9 0.0
10 1.3886111666555577e-06
11 5.554444666622231e-06
12 0.0
13 2.7772223333111155e-06
14 1.3886111666555577e-06
15 2.7772223333111155e-06
16 4.165833499966673e-06
17 5.554444666622231e-06
18 6.9430558332777885e-06
19 1.5274722833211133e-05
20 8.331666999933345e-06
21 6.9430558332777885e-06
22 4.165833499966673e-06
23 1.2497500499900018e-05
24 2.3606389833144488e-05
25 2.3606389833144485e-05
26 2.7772223333111154e-05
27 3.610389033304451e-05
28 4.5824168499633416e-05
29 5.2767224332911213e-05
30 5.554444666622232e-05
31 9.442555933257783e-05
32 9.859139283254452e-05
33 0.0001110888933324445
34 0.00014441556133217782
35 0.00015830167299873336
36 0.00019023972983181112
37 0.00021384611966495553
38 0.00026522473283121124
39 0.0003096602901641888
40 0.00036103890333044424
41 0.00036103890333044446
42 0.00047490501899620036
43 0.0005429469661623232
44 0.000606823079828479
45 0.0007720678086604904
46 0.0008290008664933679
47 0.0009414783709924682
48 0.0010900597658246131
49 0.0011858739363238462
50 0.0012747450509898025
51 0.0014122175564887018
52 0.0016163433979870696
53 0.0017218778466528914
54 0.0018704592414850374
55 0.0019871025794841036
56 0.002039869803817013
57 0.0022259437001488592
58 0.0024064631518140806
59 0.0024745050989802026
60 0.002617532049145726
61 0.002636972605478902
62 0.002902197338310115
63 0.002882756781976939
64 0.0029785709524761707
65 0.002968850674309582
66 0.0031854740163078485
67 0.002953575951476369
68 0.002959130396142993
69 0.0029869026194761054
70 0.003079939567642026
71 0.0030480015108089484
72 0.0028869226154769044
73 0.002839709835810614
74 0.0026578017729787374
75 0.0027286209424781703
76 0.0025605989913128476
77 0.002443955653313783
78 0.0023411984269812703
79 0.002180119531649225
80 0.0020093203581505923
81 0.001994045635317381
82 0.001880179519651624
83 0.0016885511786531586
84 0.0016177320091537246
85 0.00144415561332178
86 0.0013552844986558254
87 0.0012566931058232802
88 0.0011900397698238136
89 0.0010831167099913353
90 0.0009775822613255127
91 0.0009053744806594236
92 0.0008317780888266794
93 0.0007220778066608902
94 0.0007415183629940679
95 0.0006526472483281124
96 0.0005609989113288451
97 0.0005262836321624558
98 0.0004415783509964669
99 0.0004110289053300443
100 0.0003999200159967999
101 0.0003596502921637889
102 0.0003235464018307445
103 0.00032493501299739997
104 0.00030271723433091116
105 0.0002652247328312111
106 0.00023050945366482231
107 0.0002749450109978001
108 0.00021106889733164453
109 0.0001819080628318778
110 0.00016107889533204455
111 0.00016385611766535563
112 0.00017496500699860004
113 0.00013747250549890006
114 0.00015135861716545563
115 0.00015413583949876674
116 0.00012914083849896666
117 0.00014997000599880004
118 0.00014997000599880004
119 0.0001333066719989334
120 0.00015274722833211115
121 0.00013608389433224452
122 0.00013052944966562228
123 0.0001596902841653889
124 0.000134695283165589
125 0.0001596902841653889
126 0.00017635361816525563
127 0.0001596902841653889
128 0.00017218778466528893
129 0.00016385611766535555
130 0.0002207891754982334
131 0.00020829167499833345
132 0.0002818880668310778
133 0.0002485613988313444
134 0.00027772223333111115
135 0.0003513186251638557
136 0.0004221377946632889
137 0.00043463529516318887
138 0.00045824168499633355
139 0.0005609989113288453
140 0.0006415383589948675
141 0.0006568130818280789
142 0.000745684196494035
143 0.0008817680908262788
144 0.001030349485658424
145 0.0011011686551578575
146 0.001276133662156458
147 0.0014747050589882025
148 0.0016732764558199476
149 0.0019482214668177476
150 0.002242607034148725
151 0.00264113843897887
152 0.0029327467839765373
153 0.0032687906863071835
154 0.0037409184829700695
155 0.004308860450132195
156 0.004593525739296585
157 0.005410029105290051
158 0.006012686351618561
159 0.006726432491279523
160 0.007451287520273722
161 0.008138650047768222
162 0.00937590259725832
163 0.010259059299251257
164 0.011418549623408642
165 0.01226837965740185
166 0.01357089693172477
167 0.014455442244884351
168 0.015320547001710769
169 0.01664389344353352
170 0.0174506765313604
171 0.018764302695016558
172 0.019536370503677042
173 0.02060698971316848
174 0.021290186407163007
175 0.021963662822990955
176 0.02200670976915729
177 0.023221744539980896
178 0.023499466773312012
179 0.023302283987646912
180 0.023389766491146224
181 0.02353001621897844
182 0.023227298984647524
183 0.022651025350485462
184 0.022294152280654976
185 0.0211749316803306
186 0.02039175498233686
187 0.01953220467017707
188 0.01851435268501856
189 0.017633973205358935
190 0.016199537870203742
191 0.0158787686907063
192 0.014312415294718835
193 0.013276511364393787
194 0.012432235775067213
195 0.01139355462240885
196 0.010234064298251456
197 0.0094328356550912
198 0.008383045613099601
199 0.007459619187273659
200 0.006773645270945809
201 0.006044624408451643
202 0.005140638538958873
203 0.00474488435646204
204 0.004203326001466375
205 0.0036714879246372953
206 0.0033326667999733378
207 0.0029202492834766365
208 0.002500888711146658
209 0.0021731764758159463
210 0.0019551645226510237
211 0.0016468928436534924
212 0.0015233064498211472
213 0.001320569219489435
214 0.0010636761536581575
215 0.0009345353151591906
216 0.0009734164278255461
217 0.0008178919771601241
218 0.0006831966939945344
219 0.000612377524495101
220 0.0005207291874958341
221 0.0004360239063298444
222 0.0004082516829967334
223 0.0003527072363305112
224 0.0003346552911639889
225 0.0003027172343309112
226 0.00028883112266435553
227 0.00024022973183141113
228 0.0002818880668310779
229 0.0002194005643315779
230 0.00019579417449843345
231 0.00017357639583194444
232 0.00014997000599880006
233 0.00015969028416538893
234 0.0001527472283321112
235 0.00015969028416538893
236 0.00012497500499900012
237 0.00012497500499900006
238 0.00012358639383234452
239 0.0001360838943322445
240 0.00016107889533204444
241 0.00013608389433224447
242 0.00014441556133217777
243 0.00013747250549890006
244 0.00015274722833211117
245 0.00016385611766535563
246 0.0001694105623319779
247 0.00015552445066542234
248 0.00017357639583194444
249 0.00021245750849830007
250 0.00017774222933191117
251 0.00022634362016485566
252 0.00019857139683174447
253 0.0002485613988313446
254 0.0002666133439978666
255 0.0002929969561643222
256 0.0002902197338310111
257 0.0003263236241640556
258 0.00032354640183074443
259 0.0003415983469972668
260 0.00042769223932991117
261 0.0004901797418294117
262 0.0004540758514963668
263 0.0005679419671621233
264 0.0005901597458286123
265 0.0006637561376613568
266 0.0006540358594947678
267 0.0008123375324935014
268 0.0008553844786598236
269 0.0009220378146592904
270 0.001080339487658024
271 0.0011219978226576905
272 0.001221977826656891
273 0.0014386011686551572
274 0.001512197560487902
275 0.001608011730987135
276 0.0016857739563198473
277 0.0017801995156524256
278 0.002077362305316713
279 0.0021842853651491924
280 0.0022190006443155814
281 0.002373136483814347
282 0.0023634162056477594
283 0.0026564131618120827
284 0.002698071496811748
285 0.0028272123353107153
286 0.0027577817769779372
287 0.0028688706703103826
288 0.002928580950476571
289 0.0029466328956430916
290 0.0030868826234753035
291 0.003089659845808617
292 0.002974405118976204
293 0.0030105090093092497
294 0.002970239285476236
295 0.003036892621475704
296 0.00295357595147637
297 0.0029230265058099473
298 0.00265085871714546
299 0.0026716878846452918
300 0.0026216978826456936
301 0.0024120175964807036
302 0.002352307316314514
303 0.002138461196649558
304 0.0020509786931502587
305 0.0018732364638183478
306 0.0017440956253193807
307 0.001613566175653758
308 0.0013816681108222797
309 0.0013358439423226465
310 0.0011969828256570907
311 0.0010664533759914688
312 0.0009636961496589575
313 0.0008456642004932348
314 0.0006998600279944012
315 0.0007234664178275455
316 0.0005804394676620231
317 0.0004804594636628227
318 0.0004415783509964668
319 0.00037214779266368895
320 0.00033048945766402224
321 0.00024995000999800007
322 0.00021106889733164445
323 0.0001819080628318778
324 0.00015135861716545566
325 0.00012914083849896677
326 0.000109700282165789
327 8.470528116598898e-05
328 6.387611366615567e-05
329 5.276722433291122e-05
330 5.5544446666222335e-05
331 4.30469461663223e-05
332 3.6103890333044516e-05
333 1.944055633317781e-05
334 3.054944566642227e-05
335 2.2217778666488927e-05
336 6.9430558332777885e-06
337 1.944055633317781e-05
338 2.0829167499833366e-05
339 1.3886111666555575e-05
340 5.554444666622231e-06
341 4.165833499966673e-06
342 4.165833499966673e-06
343 5.554444666622231e-06
344 2.7772223333111155e-06
345 1.3886111666555577e-06
346 2.7772223333111155e-06
347 1.3886111666555577e-06
348 0.0
349 4.165833499966673e-06
350 2.7772223333111155e-06
351 4.165833499966673e-06
352 1.3886111666555577e-06
353 1.3886111666555577e-06
354 1.3886111666555577e-06
355 1.3886111666555577e-06
356 0.0
357 0.0
358 2.7772223333111155e-06
