0 1.9440834055411142e-05
1 1.944055633317781e-05
2 1.110888933324446e-05
3 1.944055633317781e-05
4 3.61047234997445e-05
5 2.6384445333155593e-05
6 1.805250061098891e-05
7 3.471555688862228e-05
8 2.6383889888688933e-05
9 3.749305694416674e-05
10 4.165833499966674e-05
11 5.1380001777422305e-05
12 5.832277988846675e-05
13 5.693444644404453e-05
14 5.8322224444000096e-05
15 6.804250261058898e-05
16 7.637389188828898e-05
17 0.0001055361149992223
18 0.0001471952831655889
19 0.0001902430624986112
20 0.0001791338954431334
21 0.00023467889755382225
22 0.0003193855673309778
23 0.00037215529116398885
24 0.0004415866826634668
25 0.0005276816858850448
26 0.0007054239152169566
27 0.0007706950276611344
28 0.0009581544802150684
29 0.0011497939301028685
30 0.0013789186607123024
31 0.0016635925592659248
32 0.0019288184029860689
33 0.0022620825834833037
34 0.002634240929591857
35 0.0031938523406429813
36 0.0036285059654735724
37 0.004263104879024194
38 0.0049254862916305615
39 0.005586469650514343
40 0.006407159401453045
41 0.007488901664111621
42 0.008302640305272278
43 0.00964406313181808
44 0.01058693650158857
45 0.01196446516252305
46 0.013312834933013398
47 0.0144209755271168
48 0.016074813092936957
49 0.01746763369548312
50 0.0184132973405319
51 0.020480955753293797
52 0.02141967578706481
53 0.022690269446110783
54 0.024384407562931865
55 0.02460382090248618
56 0.026022988457863976
57 0.026597872925414923
58 0.02711445460907818
59 0.027074189884245377
60 0.027169987113688367
61 0.027626856573129816
62 0.02661039208824901
63 0.02625907013041837
64 0.025478633995423147
65 0.024582964795929713
66 0.023179077517829764
67 0.022080660256837515
68 0.02114334299806705
69 0.019686652669466117
70 0.01804944899908909
71 0.016683053944766595
72 0.015322183341109553
73 0.013915506065453578
74 0.012710156302072916
75 0.011542327645581987
76 0.010153694816592234
77 0.009105288109044856
78 0.008013802239552087
79 0.007108424426225868
80 0.006294672732120239
81 0.005504548257015263
82 0.0047088568397431595
83 0.004054818480748294
84 0.003538234575307161
85 0.003092487058143927
86 0.0026647989846475145
87 0.0021857050812059795
88 0.001901039236597124
89 0.0015830447799329032
90 0.0013192028261014464
91 0.0011428444866582238
92 0.0009095583661045569
93 0.0007901333622164459
94 0.0006248869670510341
95 0.0005818377991068453
96 0.0004513044613299558
97 0.00038465084760825545
98 0.00032771723433091106
99 0.00027495056544246676
100 0.00015830556111
101 0.00017496806194316667
102 0.00011247917083250009
103 0.0001430288942211556
104 0.00011247972627696675
105 8.054111399942232e-05
106 5.832277988846676e-05
107 6.943139149947786e-05
108 5.832361305516675e-05
109 3.471555688862229e-05
110 3.1938334555311167e-05
111 3.471527916638895e-05
112 2.7772778777577824e-05
113 2.63836121664556e-05
114 2.6384167610922266e-05
115 1.3886111666555575e-05
116 2.0829167499833366e-05
117 2.2218334110955583e-05
118 8.331944722166677e-06
119 1.5274722833211133e-05
120 1.6663889444333353e-05
121 1.5274722833211133e-05
122 1.2497778222133348e-05
123 5.554444666622231e-06
124 1.110888933324446e-05
125 8.331666999933345e-06
126 5.554444666622231e-06
127 1.110888933324446e-05
128 2.7772223333111155e-06
129 4.165833499966673e-06
130 1.110888933324446e-05
131 1.1109444777711125e-05
132 8.331666999933345e-06
133 5.554444666622231e-06
134 6.94333355551112e-06
135 1.2497500499900018e-05
136 4.165833499966673e-06
137 1.3886111666555575e-05
138 9.720278166588903e-06
139 2.0830278388766692e-05
140 1.5274722833211133e-05
141 1.944083405541114e-05
142 2.0829445222066703e-05
143 1.666333399986669e-05
144 3.471555688862228e-05
145 2.2218334110955587e-05
146 2.777250105534449e-05
147 2.4995278722033372e-05
148 3.888139038858896e-05
149 6.804305805505565e-05
150 4.304722388855561e-05
151 5.693472416627787e-05
152 6.66544468884001e-05
153 7.498639161056675e-05
154 9.165028105490009e-05
155 0.00010414778155480009
156 0.00012914194938790007
157 0.0001360861161101113
158 0.00014302944966562226
159 0.00019440972916527784
160 0.0002082961185540668
161 0.0002082947299429001
162 0.00023745750849830003
163 0.00028328084383123347
164 0.0003346594569974889
165 0.0003818725143860111
166 0.00040686918171921153
167 0.00044575057210780034
168 0.000506850296607345
169 0.0005235127974405118
170 0.000616551967384301
171 0.0007207003043835678
172 0.0007609689173276456
173 0.00073875224955009
174 0.0008317914194938794
175 0.0008303997533826572
176 0.0009428797573818573
177 0.0009567667022151129
178 0.0010039814259370343
179 0.0009762064253815906
180 0.0010914622631029353
181 0.001083130318380769
182 0.0011136855962140908
183 0.001088683929880691
184 0.0010400847608256125
185 0.0009831497589371009
186 0.0009026100335488464
187 0.0009331569797151678
188 0.000901223644160057
189 0.0007970728076606903
190 0.0007220839165500239
191 0.0007095866937723566
192 0.0006207166899953344
193 0.0005679508542735898
194 0.0005304555755515566
195 0.0004249208491635003
196 0.00035965306938612253
197 0.0003513247350529891
198 0.000269393898997978
199 0.00024023250905374452
200 0.00020412889644293348
201 0.000180521673443089
202 9.99816703326001e-05
203 9.859389233264454e-05
204 6.66536137217001e-05
205 7.220833611055564e-05
206 5.69333355551112e-05
207 4.721389055522229e-05
208 3.888166811082229e-05
209 2.08294452220667e-05
210 1.944083405541114e-05
211 6.9430558332777885e-06
212 1.8052500610988914e-05
213 6.9430558332777885e-06
214 4.166111222200005e-06
215 5.554444666622231e-06
216 6.94333355551112e-06
217 4.165833499966673e-06
218 4.165833499966673e-06
219 0.0
220 1.388888888888889e-06
221 2.7772223333111155e-06
222 1.3886111666555577e-06
223 2.7772223333111155e-06
224 2.7772223333111155e-06
225 1.3886111666555577e-06
226 2.7772223333111155e-06
227 0.0
228 2.7772223333111155e-06
229 0.0
230 0.0
231 0.0
232 0.0
233 0.0
234 0.0
235 0.0
236 0.0
237 0.0
238 0.0
239 0.0
240 0.0
241 0.0
242 0.0
243 0.0
244 0.0
245 0.0
246 0.0
247 0.0
248 0.0
249 1.3886111666555577e-06
250 0.0
251 0.0
252 0.0
253 2.7775000555444465e-06
254 0.0
255 2.7772223333111155e-06
256 0.0
257 0.0
258 2.7772223333111155e-06
259 5.5547223888555616e-06
260 5.554444666622231e-06
261 6.9430558332777885e-06
262 6.94333355551112e-06
263 8.331944722166677e-06
264 9.720555888822234e-06
265 1.5275000555444466e-05
266 1.6663611722100024e-05
267 1.94413894998778e-05
268 5.554527983292231e-05
269 4.999055744406676e-05
270 8.192972516607786e-05
271 9.581583683263341e-05
272 0.00010692583705481119
273 0.00017080222844320008
274 0.00019163167366526674
275 0.00025550889822035556
276 0.00038326418049723334
277 0.0004471397387189224
278 0.0005374022417738673
279 0.0008553983647714904
280 0.0009178861449932237
281 0.0011456264302695026
282 0.0013969736608233907
283 0.0016399789486547134
284 0.001952425903708148
285 0.0024245586993712374
286 0.0026953459308138358
287 0.0032702390077540017
288 0.003520205125641538
289 0.00405621181319292
290 0.004461695716412275
291 0.004861619620520338
292 0.005237946855073431
293 0.005504558810460128
294 0.006185000777622251
295 0.006246085505121196
296 0.0063891291186207195
297 0.006630741351729653
298 0.006650186629340797
299 0.006448830789397676
300 0.006386351340842943
301 0.006094718834010977
302 0.005914203825901486
303 0.005750348819125058
304 0.005451788253460418
305 0.004864395176520249
306 0.004717202948299227
307 0.0041492484836366025
308 0.004040933479970671
309 0.003586860405696638
310 0.003404946788420094
311 0.003007792330422803
312 0.0027217298207025285
313 0.002517598702481724
314 0.002184331744762158
315 0.002062124241818302
316 0.0017732911750983136
317 0.001648313115154747
318 0.0014927806105445574
319 0.0013442000488791137
320 0.0011761753204914572
321 0.0010998000399920016
322 0.0009526067008820458
323 0.000830411417716457
324 0.0007387547490501899
325 0.00067210363482859
326 0.0005610111311071119
327 0.0005137966851074225
328 0.00043464112733008906
329 0.0003915941811637668
330 0.00029994528872003353
331 0.00030688723366437777
332 0.00026661973160923327
333 0.00022357056366504452
334 0.0001999625074985001
335 0.00017219167277655566
336 0.00012775500455464452
337 0.00012358806016574445
338 0.00010831389277700006
339 0.00010414667066586677
340 0.00010275944811037785
341 7.915250283276676e-05
342 7.637528049945564e-05
343 4.9990279721833425e-05
344 6.804416894398897e-05
345 5.1379446332955645e-05
346 5.276777977737787e-05
347 4.304805705525563e-05
348 3.054944566642227e-05
349 2.916083449976672e-05
350 3.471611233308894e-05
351 1.5275000555444466e-05
352 2.2218611833188923e-05
353 2.9161945388700044e-05
354 1.6663611722100027e-05
355 1.6663611722100024e-05
356 2.638388988868893e-05
357 1.1109167055477793e-05
358 1.8052778333222247e-05
