0 0.042546960155203296
1 0.041684073829007226
2 0.0409501242784293
3 0.040393155564888844
4 0.03897737941772737
5 0.037299653690556066
6 0.03506186108753223
7 0.03270093190100456
8 0.03085339971227475
9 0.02795231869219357
10 0.0249391356280396
11 0.02292348351900108
12 0.019944973966853536
13 0.017517915788985813
14 0.01526503533269219
15 0.01301946584694967
16 0.011228473524203088
17 0.009453662788670509
18 0.0078081526208906215
19 0.006586495108828352
20 0.005185698998350172
21 0.004350094045990198
22 0.0036463879242571973
23 0.002794012457755243
24 0.0021824351281612897
25 0.001725215485732978
26 0.0013421312047805596
27 0.0009747349172198774
28 0.0007650233381229078
29 0.0005741575347947007
30 0.0004367356305025547
31 0.00036151970704769544
32 0.0002574391411172463
33 0.00020969469651465556
34 0.00011569307898980686
35 9.834781824932866e-05
36 7.955248972711432e-05
37 5.060662116966065e-05
38 3.0381039234627357e-05
39 3.181920879189887e-05
40 3.186240199836886e-05
41 8.678772825456415e-06
42 7.254091056244678e-06
43 4.3390828211690355e-06
44 5.780722064065086e-06
45 5.7798206519733185e-06
46 4.34247160980579e-06
47 1.441952750092285e-06
48 0.0
49 0.0
50 0.0
51 0.0
52 1.4443520059160659e-06
53 0.0
54 0.0
55 0.0
56 0.0
57 0.0
58 0.0
59 0.0
60 0.0
61 0.0
62 0.0
63 0.0
64 0.0
65 0.0
66 0.0
67 0.0
68 0.0
69 0.0
70 0.0
71 0.0
72 0.0
73 0.0
74 0.0
75 0.0
76 0.0
77 0.0
78 0.0
79 0.0
80 0.0
81 0.0
82 0.0
83 0.0
84 0.0
85 0.0
86 0.0
87 0.0
88 0.0
89 0.0
90 0.0
91 0.0
92 0.0
93 0.0
94 0.0
95 0.0
96 0.0
97 0.0
98 0.0
99 0.0
100 0.0
101 0.0
102 0.0
103 0.0
104 0.0
105 0.0
106 0.0
107 0.0
108 0.0
109 0.0
110 0.0
111 0.0
112 0.0
113 0.0
114 0.0
115 0.0
116 0.0
117 0.0
118 0.0
119 0.0
120 0.0
121 0.0
122 0.0
123 0.0
124 0.0
125 0.0
126 0.0
127 0.0
128 0.0
129 0.0
130 0.0
131 0.0
132 0.0
133 0.0
134 0.0
135 0.0
136 0.0
137 0.0
138 0.0
139 0.0
140 0.0
141 0.0
142 0.0
143 0.0
144 0.0
145 0.0
146 0.0
147 0.0
148 0.0
149 0.0
150 0.0
151 0.0
152 0.0
153 0.0
154 0.0
155 0.0
156 0.0
157 0.0
158 0.0
159 0.0
160 0.0
161 0.0
162 0.0
163 0.0
164 0.0
165 0.0
166 0.0
167 0.0
168 0.0
169 0.0
170 0.0
171 0.0
172 0.0
173 0.0
174 0.0
175 0.0
176 0.0
177 0.0
178 0.0
179 0.0
180 0.0
181 0.0
182 0.0
183 0.0
184 0.0
185 0.0
186 0.0
187 0.0
188 0.0
189 0.0
190 0.0
191 0.0
192 0.0
193 0.0
194 0.0
195 0.0
196 0.0
197 0.0
198 0.0
199 0.0
200 0.0
201 0.0
202 0.0
203 0.0
204 0.0
205 0.0
206 0.0
207 0.0
208 0.0
209 0.0
210 0.0
211 0.0
212 0.0
213 0.0
214 0.0
215 0.0
216 0.0
217 0.0
218 0.0
219 0.0
220 0.0
221 0.0
222 0.0
223 0.0
224 0.0
225 0.0
226 0.0
227 0.0
228 0.0
229 0.0
230 0.0
231 0.0
232 0.0
233 0.0
234 0.0
235 0.0
236 0.0
237 0.0
238 0.0
239 0.0
240 0.0
241 0.0
242 0.0
243 0.0
244 0.0
245 0.0
246 0.0
247 0.0
248 0.0
249 0.0
250 0.0
251 0.0
252 0.0
253 0.0
254 0.0
255 0.0
256 0.0
257 0.0
258 0.0
259 0.0
260 0.0
261 0.0
262 0.0
263 0.0
264 0.0
265 0.0
266 0.0
267 0.0
268 0.0
269 0.0
270 0.0
271 0.0
272 0.0
273 0.0
274 0.0
275 0.0
276 0.0
277 0.0
278 0.0
279 0.0
280 0.0
281 0.0
282 0.0
283 0.0
284 0.0
285 0.0
286 0.0
287 0.0
288 0.0
289 0.0
290 0.0
291 0.0
292 0.0
293 0.0
294 0.0
295 0.0
296 0.0
297 0.0
298 0.0
299 0.0
300 0.0
301 0.0
302 0.0
303 0.0
304 0.0
305 0.0
306 0.0
307 1.4443520059160659e-06
308 1.4473623268954657e-06
309 0.0
310 5.790682754215923e-06
311 4.338335994231387e-06
312 1.447965897507182e-06
313 7.242029404553137e-06
314 4.3408950609744315e-06
315 5.777133657661847e-06
316 2.9008114420217218e-06
317 1.3008205540072658e-05
318 1.4468289062718937e-05
319 3.0393114049136426e-05
320 2.7481473203852706e-05
321 4.484344743726281e-05
322 5.2056475797226634e-05
323 6.505171849502507e-05
324 9.687385801370916e-05
325 0.00013016456656131555
326 0.0002068448348719363
327 0.00024725232039793875
328 0.0003413260342124172
329 0.0004527188965986257
330 0.0005785973968441065
331 0.0006780464119287975
332 0.0009951189861882672
333 0.0011830596416642467
334 0.0014912290702615387
335 0.0019452760614094536
336 0.0024412564716504975
337 0.003103424501787402
338 0.003653465782757987
339 0.00476978206225712
340 0.005585283412934957
341 0.006689218207308895
342 0.007870496229855539
343 0.009714444738873866
344 0.011629643191407342
345 0.01346073504538104
346 0.015465646061549466
347 0.017729567253312564
348 0.019879294052246824
349 0.022623330145555995
350 0.024545370794957982
351 0.027329156334233648
352 0.029841336375483734
353 0.032611979000659014
354 0.034433007773958364
355 0.0365443953843502
356 0.03815229097264715
357 0.0401718200157521
358 0.040737259231772266
