0 1.3886111666555577e-06
1 0.0
2 4.165833499966673e-06
3 1.3886111666555577e-06
4 1.3886111666555577e-06
5 1.3886111666555577e-06
6 0.0
7 0.0
8 1.3886111666555577e-06
9 0.0
10 1.3886111666555577e-06
11 1.3886111666555577e-06
12 1.3886111666555577e-06
13 5.554444666622231e-06
14 6.94333355551112e-06
15 6.9430558332777885e-06
16 6.9430558332777885e-06
17 2.7772223333111155e-06
18 8.331666999933345e-06
19 1.110888933324446e-05
20 9.720278166588903e-06
21 1.249750049990002e-05
22 1.110888933324446e-05
23 2.0829167499833366e-05
24 2.082916749983337e-05
25 3.332666799973339e-05
26 3.3326667999733394e-05
27 4.9990279721833425e-05
28 4.443555733297786e-05
29 7.220778066608898e-05
30 6.804222488835564e-05
31 7.77622253327112e-05
32 9.720278166588897e-05
33 0.00015830222844320002
34 0.00016246750649870004
35 0.00018190861827634445
36 0.00021801250860938905
37 0.0002999405674420667
38 0.00033882140238618893
39 0.0003971433491079555
40 0.00047490612988513366
41 0.0005651658557177451
42 0.000644315859050412
43 0.000717912250883157
44 0.0008012303094936568
45 0.0009886919838254574
46 0.0011747675464907012
47 0.001260861161101113
48 0.0014594317247661579
49 0.0015927389522095577
50 0.0017177156235419582
51 0.0018926784087626917
52 0.002017653413761692
53 0.0022759378679819585
54 0.002462009820258169
55 0.0025925412139794265
56 0.002752232609033751
57 0.002961910951143103
58 0.0030243987313648365
59 0.0031493765135861707
60 0.0033673851340842937
61 0.0035118026394721064
62 0.0035881751427492272
63 0.003600673198693596
64 0.003786745150969805
65 0.0037048193139149954
66 0.003732590426359173
67 0.0038020215401364174
68 0.0037062084805261166
69 0.003765919038414537
70 0.0037700840387478057
71 0.0036270576440267485
72 0.0035812326423604168
73 0.0034812531938056843
74 0.003403491246195205
75 0.0032854592970294836
76 0.0031479865138083468
77 0.0028535990024217365
78 0.0027952789997556043
79 0.00258698649159057
80 0.0025675473238685586
81 0.0022231703659268145
82 0.0021370750849830037
83 0.0020329300806505367
84 0.0018288028505410027
85 0.0016566142327090133
86 0.0016274556199871138
87 0.0014566556133217793
88 0.001349732275767069
89 0.0012358661601013137
90 0.0011567150458797121
91 0.0010872830989357679
92 0.0009539772601035351
93 0.0008526089226599128
94 0.0007901203092714787
95 0.0006956955831056013
96 0.0006693116932169123
97 0.0005846061343286897
98 0.0005373930769401672
99 0.00045685418471861126
100 0.00046657446288520015
101 0.0004151947388300111
102 0.00036937084805261115
103 0.0003693708480526111
104 0.0002693905663311778
105 0.00029577445621986674
106 0.00029577473394209997
107 0.00026105917705347774
108 0.0002443955653313778
109 0.00019301778533182233
110 0.00019718278566508893
111 0.00019440584105401108
112 0.00018885111866515558
113 0.0001791308404985667
114 0.00015274778377657785
115 0.00017635389588748897
116 0.00012219778266568898
117 0.00015830167299873336
118 0.00014580417249883336
119 0.0001735763958319445
120 0.00016385611766535566
121 0.00014163861672110003
122 0.0001527475060543445
123 0.0001485819502766112
124 0.00019162834099846674
125 0.00014719306138772227
126 0.0001957941744984333
127 0.0001999600079984001
128 0.0002027375080539445
129 0.0002291211202204
130 0.00022079028638716675
131 0.0002221777866648889
132 0.0002457841764980335
133 0.00026939084405341114
134 0.0002999400119976001
135 0.00034437695794174445
136 0.0003707597369415001
137 0.0004221380723855222
138 0.0004235272389966445
139 0.0005165641871625671
140 0.0005790511342176009
141 0.0006693108600502125
142 0.0007456850296607346
143 0.0008928780910484567
144 0.0009692508720478126
145 0.0009873039281032684
146 0.0013636183874336247
147 0.0013955564442667025
148 0.0016163458974871698
149 0.001834358406096558
150 0.002077366471150215
151 0.002495336488257903
152 0.0027619495545335377
153 0.0031702026261414377
154 0.0035243026394721055
155 0.0039006148770245963
156 0.00446855462240885
157 0.005186471872292204
158 0.0058016252305094496
159 0.006305692194894353
160 0.007037493334666402
161 0.007848441422826551
162 0.008642729787375856
163 0.00948283787686907
164 0.010559016252305091
165 0.011283866560021328
166 0.012405868548512519
167 0.013607021651225315
168 0.014544334466440049
169 0.015410832833433311
170 0.0164425625985914
171 0.017443763469528306
172 0.018219995445355373
173 0.01918924020751406
174 0.019510011331067126
175 0.020488989702059597
176 0.02070838776689106
177 0.021108305005665528
178 0.021411027794441106
179 0.021642922248883565
180 0.021556827801106453
181 0.021615147803772584
182 0.02127910417916417
183 0.02104304472438846
184 0.020315409973560853
185 0.019639152169566087
186 0.019069823535292955
187 0.01825887794663289
188 0.01737293902330645
189 0.016220388144593305
190 0.015445542280432807
191 0.014204123897442735
192 0.013387618587393629
193 0.01230450076651336
194 0.011239433779910685
195 0.01048958347219444
196 0.009542553711479924
197 0.008692713957208553
198 0.008056731709213717
199 0.0071221980603879236
200 0.0063140233064498215
201 0.005712756059899126
202 0.005253122986513805
203 0.0043310857272989825
204 0.004003371547912641
205 0.003488195138750027
206 0.0031979754049190155
207 0.0027827809438112365
208 0.0024800631540358572
209 0.0020995831389277694
210 0.00181630590548557
211 0.0015941275633762127
212 0.0014247170010442357
213 0.0012247564376013688
214 0.001101169488324557
215 0.0009442569819369463
216 0.0008984330911595455
217 0.0007970633651047568
218 0.0007026378057721791
219 0.000649870581439268
220 0.0005596119664955895
221 0.0004971233531071559
222 0.000394365849052411
223 0.0004040869603856999
224 0.00032077001266413326
225 0.00033743306894176673
226 0.00028883167810882216
227 0.00027911112222
228 0.00022079000866493333
229 0.00020134889688728895
230 0.00020412611922060008
231 0.00022912139794263348
232 0.00019996028572063327
233 0.00017913139594303337
234 0.0001555244506654223
235 0.00017357667355417778
236 0.00015274750605434454
237 0.00016385639538758895
238 0.00015552472838765565
239 0.00014025000555444448
240 0.00015552472838765562
241 0.00016107945077651115
242 0.00017218861783198895
243 0.00013886111666555569
244 0.00019579472994289996
245 0.00020690334155391127
246 0.00017357667355417787
247 0.0001888511186651556
248 0.00017635361816525558
249 0.00020690306383167785
250 0.0002457841764980334
251 0.0002207891754982335
252 0.00026244778822013333
253 0.0002874427892199334
254 0.00032076945721966663
255 0.0002902200115532446
256 0.0003582619587193666
257 0.00036659362571930007
258 0.0004068639049967778
259 0.00046379640738518927
260 0.000515175020551445
261 0.000495734464218267
262 0.0006179328023284232
263 0.0006220983581061565
264 0.0007193016952165122
265 0.0007651258637161457
266 0.0009012100357706234
267 0.0009706400386589347
268 0.0010331272634362012
269 0.0010942261547690461
270 0.0012303108822679905
271 0.0013275136639338788
272 0.0015219189495434245
273 0.0015663561732098023
274 0.0017121600679864024
275 0.001991271467928637
276 0.0020968067497611578
277 0.0021093023062054243
278 0.002418964540425246
279 0.0024606239863138473
280 0.0026966859405896594
281 0.002892481225977027
282 0.0029674651180874936
283 0.00312021456819747
284 0.0031299340131973603
285 0.0032910126308071737
286 0.0034243195805283384
287 0.0035465176409162614
288 0.003625669588304563
289 0.0036784348685818397
290 0.0037450898709147037
291 0.003938107933968761
292 0.003979764602635027
293 0.003782581261525472
294 0.003743702648359216
295 0.0036839893132484614
296 0.003697877091248419
297 0.003481254304694617
298 0.0034298745806394266
299 0.003356277077917749
300 0.003236854851251971
301 0.0031229934568641825
302 0.0029313612277544476
303 0.0028036084449776693
304 0.0026258676042569267
305 0.002460622875424914
306 0.002341202037370301
307 0.0021176359172609916
308 0.0017996445155413353
309 0.001719103679264148
310 0.001595515063653936
311 0.0014386036681552576
312 0.0012233700482125799
313 0.0011192225443800122
314 0.0009387022595480904
315 0.000817893921215757
316 0.0007526283632162461
317 0.000570719744939901
318 0.0005665539114399343
319 0.000498512241996045
320 0.000342987513608389
321 0.00034854168055277777
322 0.0003110491790530777
323 0.00023189834255371114
324 0.00020134861916505555
325 0.00016941084005421114
326 0.0001458044502210667
327 0.00010414639294363336
328 8.470583661045562e-05
329 8.192805883267783e-05
330 6.109916905507789e-05
331 5.554444666622232e-05
332 4.999000199960009e-05
333 3.471527916638895e-05
334 3.193805683307784e-05
335 2.4995000999800042e-05
336 1.2497500499900018e-05
337 1.110888933324446e-05
338 1.5274722833211133e-05
339 1.110888933324446e-05
340 8.331666999933345e-06
341 8.331666999933345e-06
342 5.554444666622231e-06
343 8.331666999933345e-06
344 4.165833499966673e-06
345 6.9430558332777885e-06
346 1.3886111666555577e-06
347 2.7772223333111155e-06
348 2.7772223333111155e-06
349 4.165833499966673e-06
350 2.7772223333111155e-06
351 1.3886111666555577e-06
352 2.7772223333111155e-06
353 1.3886111666555577e-06
354 0.0
355 4.165833499966673e-06
356 4.165833499966673e-06
357 1.3886111666555577e-06
358 1.3886111666555577e-06
