0 0.0
1 0.0
2 2.7772223333111155e-06
3 1.3886111666555577e-06
4 2.7772223333111155e-06
5 0.0
6 2.7772223333111155e-06
7 1.3886111666555577e-06
8 0.0
9 0.0
10 2.7772223333111155e-06
11 0.0
12 2.7772223333111155e-06
13 5.554444666622231e-06
14 4.165833499966673e-06
15 4.165833499966673e-06
16 4.165833499966673e-06
17 6.9430558332777885e-06
18 1.3886111666555577e-06
19 1.5274722833211133e-05
20 1.2497500499900018e-05
21 1.5275000555444466e-05
22 1.3886111666555575e-05
23 1.944083405541114e-05
24 2.0829167499833366e-05
25 1.805194516652225e-05
26 4.443555733297786e-05
27 3.0549723388655606e-05
28 3.3326667999733394e-05
29 5.137861316625565e-05
30 7.220778066608898e-05
31 8.609444777711115e-05
32 9.025972583261121e-05
33 0.00010414583749916678
34 0.00014302722788775567
35 0.00017218889555422224
36 0.00022773250905374455
37 0.0002485616765535778
38 0.00037770418138594443
39 0.0003554852918305223
40 0.00041936279410784437
41 0.0005096222422182224
42 0.0005679425226065896
43 0.0006054366904396901
44 0.0006929194716612234
45 0.0008262258659379235
46 0.0009081530916039018
47 0.0010664580972694355
48 0.0011789342131573685
49 0.001474708669377236
50 0.0015705220067097694
51 0.001774650903152703
52 0.00186213396209647
53 0.0019676664667066576
54 0.002105141193983425
55 0.0023939712057588487
56 0.002555051767424292
57 0.0025744903797018386
58 0.0028216637228109936
59 0.0030743917883090045
60 0.0030382881756981935
61 0.003095222622142237
62 0.0032521367948632495
63 0.0031924262369748277
64 0.003467372081139326
65 0.003322954575751518
66 0.0034368240240840713
67 0.0035368040280832715
68 0.003506254582416849
69 0.0034715404141393937
70 0.003378499855584438
71 0.003196592348197028
72 0.0033618392988069056
73 0.003117438734475326
74 0.003011905952142903
75 0.002909149836699326
76 0.002863324279588526
77 0.0026869698282565684
78 0.0026078187140349688
79 0.002524502599480104
80 0.0022731639783154477
81 0.002149575084983002
82 0.001995440356373169
83 0.0018607439623186468
84 0.001691333955431136
85 0.0016163478415428029
86 0.0014108342220444802
87 0.001394169499433446
88 0.0012719722722122247
89 0.001230314214934791
90 0.001141440878490968
91 0.0009039892021595682
92 0.000860941422826546
93 0.0008401128107711799
94 0.0007109708613832791
95 0.0006470944699948899
96 0.000635985580661646
97 0.0005415594658846008
98 0.0005262844653291562
99 0.0005110091870514786
100 0.00041103029394121105
101 0.00037214918127485554
102 0.0003277130684974111
103 0.00031521501255304447
104 0.00033882223555288895
105 0.0002985516785531778
106 0.00022912139794263343
107 0.00022495500899820007
108 0.0002346755648870223
109 0.00022217806438712222
110 0.00020690334155391117
111 0.00020829223044280005
112 0.00019024056299851117
113 0.0001763547290541889
114 0.00016246778422093346
115 0.0001596913950543223
116 0.0001624680619431667
117 0.0001527475060543445
118 0.0001832977848874667
119 0.00014997000599880004
120 0.00015552445066542225
121 0.0001499711168877334
122 0.0001402497278322112
123 0.00014302750560998893
124 0.00014858139483214444
125 0.00014580472794330004
126 0.0001471930613877223
127 0.00017496584016530009
128 0.00015830195072096673
129 0.0001819083405541111
130 0.0002416188984425334
131 0.0002568938989979778
132 0.0002527280654980111
133 0.0002638372325534889
134 0.00029855167855317766
135 0.0003096611233308888
136 0.0003929783487746889
137 0.0003915897376080333
138 0.0004665744628852
139 0.0005360050212179785
140 0.0005582236330511673
141 0.0006707003043835678
142 0.0007262453064942569
143 0.0008373341998267011
144 0.0010234080961585461
145 0.0011428297673798575
146 0.0012761372725454904
147 0.0014455478348774685
148 0.0016635600657646246
149 0.0018843492412628582
150 0.0022926048123708587
151 0.0025647726010353477
152 0.0028050053878113258
153 0.003109108178364328
154 0.00360345653091604
155 0.004025598213690594
156 0.004354697393854561
157 0.005211471872292205
158 0.005887725788175699
159 0.006412623030949366
160 0.007274955842164897
161 0.007960928925326042
162 0.008860751460818944
163 0.010104946510697859
164 0.010717327090137528
165 0.011712968239685395
166 0.012983548568064166
167 0.01367785998355884
168 0.01494288670043769
169 0.01606488535626209
170 0.016886942889199945
171 0.017761771534581965
172 0.01887683435535115
173 0.019535031327067923
174 0.02031960774511765
175 0.021036130829389682
176 0.021788755304494655
177 0.022178957541824956
178 0.02238169893799018
179 0.022738575618209692
180 0.02250944561087784
181 0.022277555322268872
182 0.021965113921660093
183 0.021685996967273215
184 0.020993087493612388
185 0.02054178247683796
186 0.019891915228065486
187 0.018875447688240135
188 0.018038111544357794
189 0.01672586677109022
190 0.015944076184763047
191 0.015126186429380788
192 0.01383060415694639
193 0.012884957452953854
194 0.01206012464173831
195 0.010936732375747068
196 0.009942484558643825
197 0.008976008687151458
198 0.008212268657379639
199 0.00724301861849852
200 0.006738948321446824
201 0.005786358561621008
202 0.005151759370348151
203 0.0045782649025750384
204 0.003985324324024083
205 0.003554853751471926
206 0.0031785390144193374
207 0.002756401775200515
208 0.0024828434313137384
209 0.002138466751094225
210 0.0019135092425959259
211 0.0016732789553200475
212 0.0014247195005443348
213 0.001321960885600657
214 0.0010678444866582242
215 0.000994246983936546
216 0.0008887128129929575
217 0.0007165264169388345
218 0.0006748669710502349
219 0.0006512603034948563
220 0.000491569186162767
221 0.00043602557266324456
222 0.0003957564042747001
223 0.00040686446044124443
224 0.00034854195827501116
225 0.0003096614010531223
226 0.00027772278877557783
227 0.0002832772334422
228 0.00023328750916483336
229 0.00024856223199804455
230 0.00019301722988735562
231 0.00022217806438712233
232 0.0001416391721655667
233 0.00017496584016530003
234 0.00017357667355417784
235 0.00018329667399853342
236 0.0001569136172765445
237 0.00014858139483214447
238 0.00013053000511008896
239 0.0001458041724988334
240 0.00015969028416538893
241 0.00017079972894310007
242 0.00014858222799884454
243 0.00017218834010975567
244 0.0001791308404985667
245 0.0001485816725543778
246 0.00016108000622097783
247 0.00019023972983181115
248 0.0002166236197205001
249 0.0002096808416094556
250 0.00019301722988735562
251 0.00023328723144260007
252 0.00024856195427581127
253 0.0002610594547757111
254 0.0002846661223310889
255 0.00029994140060876667
256 0.00034993084716390004
257 0.00035548529183052226
258 0.0003818691817192111
259 0.00043046946166322225
260 0.00043324751716323335
261 0.000506844742162678
262 0.0005762755782176892
263 0.0005957161345508676
264 0.0006623691928281009
265 0.0007137480837165906
266 0.000842888922215557
267 0.0008984347574929461
268 0.000910931424826146
269 0.0011428317114354908
270 0.0012317022706569787
271 0.0012830797729343015
272 0.0013344594969894913
273 0.0014885945033215578
274 0.0016191239529871793
275 0.0017371578462085369
276 0.0019190664644848806
277 0.0020023814681508142
278 0.002189845364260481
279 0.0023148217578706476
280 0.002343982314648182
281 0.002588380657201892
282 0.0026508653824790594
283 0.0028105553889222123
284 0.0028202753893665717
285 0.0030868906774200707
286 0.003203536237197005
287 0.003306290964029417
288 0.003261857350752072
289 0.0034423784687506944
290 0.0034840359705836615
291 0.0034784818036392717
292 0.0034243226354729052
293 0.0035548548623608616
294 0.0034729243040280827
295 0.0033784998555844385
296 0.0033049040191961603
297 0.003318790686307183
298 0.003116051234197605
299 0.0030063559510320153
300 0.0028799890021995594
301 0.0028161095558666043
302 0.002574490935146303
303 0.0024689553755915476
304 0.00232731953609278
305 0.0022426142549267928
306 0.0019621142438179025
307 0.0018857367415405799
308 0.0016538392321535688
309 0.0015594145059876908
310 0.0014358258903774796
311 0.0012594742162678574
312 0.0011414414339354353
313 0.0009498130929369683
314 0.0008706614232709017
315 0.0008012311426603568
316 0.0006276541913839456
317 0.0005526691883845451
318 0.0004929589082183559
319 0.0004221386278299888
320 0.0002957750116643333
321 0.0002916094558865999
322 0.00023051028683152225
323 0.00021801223088715552
324 0.0001666341731653667
325 0.00014997028372103343
326 0.00014858167255437786
327 9.859139283254457e-05
328 6.66536137217001e-05
329 5.2767224332911213e-05
330 7.081916949943344e-05
331 4.860166855517787e-05
332 3.888111266635563e-05
333 1.944055633317781e-05
334 1.9440556333177812e-05
335 2.08294452220667e-05
336 1.5274722833211133e-05
337 1.805194516652225e-05
338 1.3886111666555575e-05
339 9.720278166588904e-06
340 5.554444666622231e-06
341 5.554444666622231e-06
342 8.331666999933345e-06
343 2.7772223333111155e-06
344 4.165833499966673e-06
345 4.165833499966673e-06
346 1.3886111666555577e-06
347 4.165833499966673e-06
348 4.165833499966673e-06
349 5.554444666622231e-06
350 1.3886111666555577e-06
351 2.7772223333111155e-06
352 2.7772223333111155e-06
353 1.3886111666555577e-06
354 5.554444666622231e-06
355 1.3886111666555577e-06
356 5.554444666622231e-06
357 0.0
358 1.3886111666555577e-06
