0 1.3886111666555577e-06
1 0.0
2 4.165833499966673e-06
3 1.3886111666555577e-06
4 1.3886111666555577e-06
5 2.7772223333111155e-06
6 2.7772223333111155e-06
7 2.7772223333111155e-06
8 0.0
9 1.3886111666555577e-06
10 2.7772223333111155e-06
11 0.0
12 2.7775000555444465e-06
13 1.3886111666555577e-06
14 4.165833499966673e-06
15 2.7772223333111155e-06
16 8.331666999933345e-06
17 5.554444666622231e-06
18 2.7772223333111155e-06
19 8.331944722166677e-06
20 1.110888933324446e-05
21 1.805194516652225e-05
22 9.720278166588903e-06
23 1.110888933324446e-05
24 1.5275278277677796e-05
25 3.471527916638895e-05
26 3.749250149970007e-05
27 4.999027972183342e-05
28 5.6933335555111216e-05
29 7.22083361105556e-05
30 7.359666955497783e-05
31 0.00011664361572130006
32 0.00011942083805461117
33 0.00012914167166566676
34 0.00018052028483192225
35 0.00019024000755404454
36 0.00024856278744251107
37 0.0002777233442200445
38 0.00029994167833099995
39 0.0003874239041080667
40 0.0004026980714968112
41 0.0004624111288853336
42 0.0005929397453842563
43 0.0006470964140505233
44 0.0008248369770490348
45 0.0009220425359372572
46 0.0009484239263258464
47 0.0011942092137128125
48 0.0012622547712679694
49 0.0014066678331000459
50 0.001521924781710324
51 0.0018135314603745917
52 0.0018871284076518034
53 0.00208431508142816
54 0.0022703895332044696
55 0.002368980092870315
56 0.002559219544979893
57 0.0027800126085893917
58 0.0029091534470883605
59 0.0029924673398653598
60 0.003196595958586062
61 0.003211872625474904
62 0.0033132409629185264
63 0.0035784631962496394
64 0.003429880968250793
65 0.0035284762491946072
66 0.0035395862494167814
67 0.003622902919416117
68 0.0036534520873603062
69 0.00364373375324935
70 0.0034951504143615735
71 0.0034104409673620844
72 0.0034298879113066278
73 0.003110503732586816
74 0.0033049076295851923
75 0.0031230012330867155
76 0.0029605295607545152
77 0.0028036178875336048
78 0.0026411492701459713
79 0.002630039547646025
80 0.0024148053722588816
81 0.0022773300895376474
82 0.0021870720300384366
83 0.001999609522539937
84 0.0017996456264302697
85 0.0016246828412095357
86 0.0015316447821546795
87 0.0014302750560998914
88 0.0013344608856006572
89 0.0012483672709902457
90 0.0010734017085471791
91 0.0009984164278255465
92 0.0008526119776044793
93 0.0008095639205492243
94 0.0007998428092159354
95 0.000704030860494568
96 0.0006470980803839234
97 0.0004749086293852337
98 0.0005124000199960006
99 0.0005082325201626337
100 0.000430471683441089
101 0.00039158945988580004
102 0.0003596522362194221
103 0.00031799306805305557
104 0.0002888325112755223
105 0.0003027177897753778
106 0.0002805005665533556
107 0.00022495611988713332
108 0.0002457847319425001
109 0.0001971836188317889
110 0.0002055152858317223
111 0.0001944061187762445
112 0.0001527480614988111
113 0.00017218806238752224
114 0.00014719278366548896
115 0.00014997056144326672
116 0.0001666338954431334
117 0.00014858195027661112
118 0.00014858222799884446
119 0.00014441667222111118
120 0.00012914139394343342
121 0.00013052972738785565
122 0.0001458050056655334
123 0.00017218861783198898
124 0.0001555255615543556
125 0.0001763547290541889
126 0.00017080083983203335
127 0.0001596905618876223
128 0.0001735766735541778
129 0.00020134917460952226
130 0.0001957952853873668
131 0.0001930183407762889
132 0.0002763355662200888
133 0.00025411584349796664
134 0.0002902202892754778
135 0.00034298806905285546
136 0.00039159029305250006
137 0.0004540783509964669
138 0.00044574640627430024
139 0.0005054558532737893
140 0.0005554469661623229
141 0.0006998628052167347
142 0.0006873653047168346
143 0.0008914928125486016
144 0.0009706422604368013
145 0.0010692347641582793
146 0.0011955983803239346
147 0.001399725888155702
148 0.0015830214512653038
149 0.0018885203514852577
150 0.0020745942478171036
151 0.0023939745384256497
152 0.0027133548290341927
153 0.0030646784531982484
154 0.003481260692305985
155 0.004003384600857604
156 0.0045838229576306965
157 0.00501568241907174
158 0.005841907729565195
159 0.006402918027505613
160 0.006919472494390009
161 0.008108133651047561
162 0.008819110622319977
163 0.0096286737097025
164 0.010649303750361038
165 0.011678271845630868
166 0.012766946332955623
167 0.013633436646004134
168 0.014741555855495565
169 0.01591632395743074
170 0.01682864954786821
171 0.017711808193916774
172 0.018469989890910712
173 0.019629490768512975
174 0.02053624608411651
175 0.020838974705058983
176 0.021579111122219996
177 0.021738801406385393
178 0.022213700315492458
179 0.022310906707547387
180 0.02245393921215757
181 0.022162324757270754
182 0.02182350502121798
183 0.021298610000222186
184 0.021008384156502035
185 0.020266859961341067
186 0.019230953253793686
187 0.018638019062854092
188 0.01810339848696928
189 0.016971677331200433
190 0.015926044513319557
191 0.014720725299384571
192 0.013741755260059094
193 0.012566981603679262
194 0.011628277955519996
195 0.010596539025528224
196 0.009738369548312552
197 0.008689965062543046
198 0.007912337532493506
199 0.007113881112666359
200 0.006426521362394184
201 0.005662779944011196
202 0.00496013825012775
203 0.004461626285853938
204 0.0039339507098580286
205 0.0034701562465284715
206 0.0029716406718656276
207 0.0027133570508120594
208 0.0023342653691483914
209 0.002089870914705948
210 0.0018704672954298028
211 0.0016927228443200252
212 0.001458047279433002
213 0.0013039125508231687
214 0.0011178369881579236
215 0.0009289836477149013
216 0.0008678839232153571
217 0.0007984550312159793
218 0.0006540383589948678
219 0.0005707205781066007
220 0.0005665553000511003
221 0.0004526900175520447
222 0.00039575557110800005
223 0.0003624286253860334
224 0.0003443769579417444
225 0.0002568938989979779
226 0.00026522501055344447
227 0.00025133945433135563
228 0.00021801195316492229
229 0.00020690473016507776
230 0.00020551528583172233
231 0.0001860755626652445
232 0.00017496584016530003
233 0.0001624680619431667
234 0.00015830222844320004
235 0.00014441556133217785
236 0.00016246806194316677
237 0.00013608500522117783
238 0.00015691361727654447
239 0.00014719333910995564
240 0.00015691333955431116
241 0.00015969056188762235
242 0.00013191833855451113
243 0.0001541369503877001
244 0.00017357695127641112
245 0.00015969167277655558
246 0.00017635445133195563
247 0.00017496528472083338
248 0.00018468528516518896
249 0.00019162917416516676
250 0.00019996195205403334
251 0.00022773278677597783
252 0.00027494528872003336
253 0.00027494612188673343
254 0.0002638366771090222
255 0.0002971641782754555
256 0.0003346586238307889
257 0.0003832586260525666
258 0.0003416005687751333
259 0.0004304711279966225
260 0.0005096222422182228
261 0.0005151780754960118
262 0.0005832186340509679
263 0.000673479470772512
264 0.000659593359105957
265 0.0006915322491057344
266 0.0008428897553822574
267 0.0009317628141038464
268 0.00102341170654758
269 0.0011011755982136898
270 0.0011955986580461683
271 0.0013802836654891243
272 0.0014649903352662802
273 0.00157330256170988
274 0.0017052209002643916
275 0.001857969794929903
276 0.001973225077206782
277 0.0019940539669843797
278 0.002189848696927279
279 0.0024023067608700474
280 0.0025675537114799242
281 0.002705023995200958
282 0.0028980442800328812
283 0.0029438670599213476
284 0.003124387900197737
285 0.0033798973538625597
286 0.003382668188584504
287 0.0035076490257504056
288 0.0035007020818058603
289 0.0035201448599169044
290 0.00360901569686063
291 0.0036006845853051622
292 0.0036104031971383502
293 0.0036742795885267407
294 0.003532644582194672
295 0.003366007631806973
296 0.0034396051345286466
297 0.003324350129974005
298 0.003234087071474593
299 0.0031924326245861947
300 0.003021632895643094
301 0.002798062609700281
302 0.0027036378835344045
303 0.0024995098202581696
304 0.0024023081494812136
305 0.0022787231442600365
306 0.002041269246150769
307 0.0019079611855406698
308 0.0016941125663756133
309 0.0015871889510986692
310 0.0014025036659334796
311 0.0012775275500455467
312 0.0011955994912128684
313 0.0010372986513808348
314 0.000947034759714724
315 0.00075124308471639
316 0.0006595950254393566
317 0.0005693328001066454
318 0.000530451965162523
319 0.00044435723966317796
320 0.0003846466817747557
321 0.00034160001333066666
322 0.0002499505654424667
323 0.00025411723210913334
324 0.00018607500722077783
325 0.00016524528427647788
326 0.0001291411162212001
327 0.00010414667066586674
328 8.33166699993334e-05
329 6.109889133284455e-05
330 6.804222488835564e-05
331 5.971028016618898e-05
332 4.443555733297786e-05
333 3.054944566642228e-05
334 3.74927792219334e-05
335 2.4995278722033376e-05
336 2.0829167499833366e-05
337 1.944083405541114e-05
338 1.666333399986669e-05
339 1.2497500499900018e-05
340 9.720278166588903e-06
341 6.9430558332777885e-06
342 1.110888933324446e-05
343 1.1108889333244462e-05
344 2.7772223333111155e-06
345 5.554444666622231e-06
346 2.7772223333111155e-06
347 1.3886111666555577e-06
348 2.7775000555444465e-06
349 0.0
350 2.7772223333111155e-06
351 1.3886111666555577e-06
352 0.0
353 1.3886111666555577e-06
354 2.7772223333111155e-06
355 5.554444666622231e-06
356 1.3886111666555577e-06
357 1.3886111666555577e-06
358 4.165833499966673e-06
