0 0.003216933113374878
1 0.0031514804642479737
2 0.0030872948267943877
3 0.0032784032660635796
4 0.003396622002334056
5 0.003155674935231804
6 0.003357624006571127
7 0.0033423027260592302
8 0.0034495943792957205
9 0.003412026782937062
10 0.0034663006237193954
11 0.0034634943391130373
12 0.003561250647163162
13 0.003438403905928775
14 0.0035958506219123157
15 0.0034202955964752727
16 0.003457955427967133
17 0.0034411977274402287
18 0.003416177738674956
19 0.003473329237454322
20 0.0033240381340556725
21 0.0033812053994344508
22 0.0032809748369030554
23 0.0033102623468191286
24 0.003335277174825653
25 0.0032559307080165666
26 0.003159735108395385
27 0.003108246704291392
28 0.0032181925508224106
29 0.0030678806292206524
30 0.003090161523392045
31 0.0030079878875432413
32 0.002870039418316812
33 0.0028017526059632616
34 0.002814212760504462
35 0.0028212527458365082
36 0.002782283885744626
37 0.0026024870008169777
38 0.002667910459243904
39 0.002652689499910835
40 0.0025942194366154634
41 0.0025201740384517054
42 0.0026092466330289985
43 0.002417144247651708
44 0.0024185677089046485
45 0.0024227060733028275
46 0.0022779179869495
47 0.0021469123410152472
48 0.002267983430187241
49 0.002165067983103603
50 0.002187304631872204
51 0.0021413466782030984
52 0.0019574135095878
53 0.002082863831926372
54 0.0021259856572547627
55 0.002184512599295386
56 0.0020730074024644476
57 0.001985196663688156
58 0.0020381905289697327
59 0.002008918378272963
60 0.0019003404698731223
61 0.0020395654659103846
62 0.0018849596562100818
63 0.0018905585632120496
64 0.0018932883082711193
65 0.0018807929571921511
66 0.0018989699885148398
67 0.0018529388896290694
68 0.0018472404963687373
69 0.001950427713626376
70 0.0017929537142666418
71 0.001861240634751381
72 0.0018320384029262113
73 0.001873773076911203
74 0.001822381395917061
75 0.0018264258969424936
76 0.0018305876360926547
77 0.0018445513450228157
78 0.0018403750951817472
79 0.0018417758832013724
80 0.0018418529176080858
81 0.0018013737937435843
82 0.0018891232218748904
83 0.0018390204798276407
84 0.0018933466446520793
85 0.0018097196073156134
86 0.0019977488060222747
87 0.0018794002396288459
88 0.001875156739354403
89 0.002025660502386871
90 0.001997778193238429
91 0.0020214940251514404
92 0.0020382075311429324
93 0.0021468494719321927
94 0.0020422581865804923
95 0.002174781046403159
96 0.0021426550156728435
97 0.0020910984861216625
98 0.0021510669251930932
99 0.002155171417994848
100 0.002364147604136029
101 0.0022109565402646542
102 0.0022054204460218367
103 0.002284809011767877
104 0.0022986885111520145
105 0.002387832502997801
106 0.0023949002787700454
107 0.0023907028133416264
108 0.002514733366018462
109 0.0026010078156006107
110 0.0024742729389914003
111 0.0026302821544731568
112 0.0024811102390547074
113 0.002451843222540998
114 0.00261763830595055
115 0.0025772618607411203
116 0.002659433208011912
117 0.002705502349707534
118 0.0027374926287763186
119 0.002783392789445789
120 0.0026915400055199704
121 0.0027457487162461883
122 0.0027096106831206498
123 0.0028281783058106435
124 0.0027752424316119786
125 0.0028712630996336396
126 0.0027778902436025703
127 0.0029019743010480895
128 0.0029311135229576814
129 0.0029714470974615444
130 0.002938135570187418
131 0.002977134318900089
132 0.003113590296874581
133 0.002979856657367241
134 0.0031818660883493675
135 0.0029952481241876127
136 0.0032446676352686585
137 0.003149800239672997
138 0.003212484751405193
139 0.003201330355581887
140 0.0033016469980925254
141 0.0031679474002740075
142 0.003293350114364326
143 0.0033532397900835524
144 0.0033825723749139583
145 0.00344801180912038
146 0.0033587692693420345
147 0.0033574897884030295
148 0.003531616640993384
149 0.0034506093437920242
150 0.003453465512036548
151 0.0035677620215667496
152 0.003663850360862038
153 0.003615171083337374
154 0.0035427672490437414
155 0.0035509877400620726
156 0.0035774693437163408
157 0.0035802592953470217
158 0.0035510980734197064
159 0.003473027932751019
160 0.0035300514467515825
161 0.003432523778573819
162 0.003567827991054482
163 0.003417398438244093
164 0.003459241972071697
165 0.003386700906552647
166 0.0034883503286977707
167 0.0032738301058875506
168 0.003485551757191101
169 0.0032960761598967558
170 0.003273786548036027
171 0.003435528202926192
172 0.0032779543384369525
173 0.0033684957325145638
174 0.0032209572664037792
175 0.0033447804225674948
176 0.003151216934711224
177 0.0033434694805341675
178 0.0032167083218173197
179 0.0030829902317390055
180 0.00313874122981298
181 0.0031846238930079425
182 0.002995156253120456
183 0.0030522763852553945
184 0.0030077105518402122
185 0.0030968413008929394
186 0.002925463805921212
187 0.0030536533311028044
188 0.0029255706366714995
189 0.003000776572317069
190 0.0027514340371747785
191 0.0028809318344776604
192 0.0028641931190736838
193 0.002752829287336773
194 0.002776482600986502
195 0.002757046405137484
196 0.002743140883036009
197 0.0026886676078047306
198 0.0027416569772416473
199 0.0026984650485017
200 0.0025815127547265415
201 0.002649661377309097
202 0.002585652027721326
203 0.0026414004564592375
204 0.0024965188559905537
205 0.0025453227794756702
206 0.0024993859307871186
207 0.0024310711134702522
208 0.0023948401406662617
209 0.002432417155281806
210 0.0024227305272439942
211 0.0023417958659956964
212 0.0025104411452441223
213 0.0024184515174136617
214 0.0024086644468335598
215 0.0023334988697762613
216 0.0023500904901126627
217 0.0024575983412665095
218 0.002358644206011574
219 0.002297300306488134
220 0.002375297650864623
221 0.0022959022308122233
222 0.0023738533209562785
223 0.002401802922477935
224 0.0024295899605618673
225 0.002474146304249535
226 0.0024533766703204864
227 0.0024031705340767312
228 0.0024226318038528087
229 0.0024686468870652686
230 0.0024797338754310987
231 0.002514584800143321
232 0.0026079652977639557
233 0.0025480533702372386
234 0.002656680114993857
235 0.0025995959826515965
236 0.0025842980288506403
237 0.0026288326806826476
238 0.002890724304193008
239 0.002752878174572076
240 0.0028530617410193874
241 0.002710988639784652
242 0.0027835181060256913
243 0.0029326052669327012
244 0.0028990517784918016
245 0.0029882674486441806
246 0.0029714918821953213
247 0.002933895230035366
248 0.0030077770289057646
249 0.0030523315813019247
250 0.003097031075363488
251 0.0031415016010387475
252 0.003106757411394165
253 0.003120628285214228
254 0.0030928435508083938
255 0.003140137179608588
256 0.003177836715360563
257 0.0032627049441412963
258 0.0031763554260196398
259 0.00333102456276072
260 0.003257149313975092
261 0.0032153873537400252
262 0.003308684475577434
263 0.003262795666497647
264 0.003225266149730598
265 0.0033309140207698775
266 0.0032488431749604346
267 0.003255728605909841
268 0.0033114610429871836
269 0.0033853753582408913
270 0.0033142967260845423
271 0.003460629111417377
272 0.0031749428754538154
273 0.003304576497701236
274 0.003411806829815801
275 0.0032878231799002007
276 0.003254355976656699
277 0.003225122432615103
278 0.003154102125083104
279 0.0033129635679443516
280 0.003220914362618293
281 0.0032098935811962818
282 0.003131711924947128
283 0.003229228354670834
284 0.003175020655676922
285 0.003103810517246912
286 0.0030649680926413225
287 0.003014887384622968
288 0.003042705561829126
289 0.0031568812904358683
290 0.0031149944415944336
291 0.0030551553834272326
292 0.0029353209823303303
293 0.0030774924302368408
294 0.0029229172498043163
295 0.0029478593935533567
296 0.0030997814328858233
297 0.0028978149979332945
298 0.0027681484309017876
299 0.0030441329910378487
300 0.002836463248511521
301 0.0029548808717780256
302 0.0029116358148292376
303 0.0028712620631024667
304 0.0029004896199529987
305 0.002928463266073207
306 0.0028559375602637497
307 0.0029284674236727763
308 0.0028754905027002266
309 0.0027654756416769094
310 0.0027472265039046716
311 0.002878246668309267
312 0.002865711981420839
313 0.0027514973376811247
314 0.002787648303337531
315 0.002659534281386296
316 0.0025912955356099266
317 0.0027543371803429853
318 0.0026080701554877053
319 0.002649753567625145
320 0.002660944206532584
321 0.0025787285671873346
322 0.0025871215606875775
323 0.0024506148684587865
324 0.0026149860468078863
325 0.0025147585732003723
326 0.002674945809220297
327 0.002514736904929812
328 0.0024492644778135227
329 0.0024616574165960015
330 0.0024658747188664285
331 0.002538441110805299
332 0.002418545674017942
333 0.002433990008964307
334 0.0024519477282531187
335 0.0024938235707313355
336 0.002545356551257614
337 0.002517438134259675
338 0.0025077395952771615
339 0.002546757418661129
340 0.0024854857528493596
341 0.0024978794379857537
342 0.0026484542429394543
343 0.0025439761590074416
344 0.002550972873340402
345 0.002684735798818547
346 0.002690260135905989
347 0.0028197490069660877
348 0.0027209338639599514
349 0.00278083369597223
350 0.002769607558925868
351 0.002886758470837804
352 0.002909087311772198
353 0.0029047990484569815
354 0.0028547128534718888
355 0.0029244266738032328
356 0.003081821581218595
357 0.0031220948156017803
358 0.003101285974397598
