0 0.0
1 2.7772223333111155e-06
2 2.7772223333111155e-06
3 0.0
4 0.0
5 1.3886111666555577e-06
6 8.331666999933345e-06
7 0.0
8 2.7772223333111155e-06
9 4.165833499966673e-06
10 1.3886111666555577e-06
11 4.165833499966673e-06
12 1.3886111666555577e-06
13 1.3886111666555577e-06
14 1.3886111666555577e-06
15 1.110888933324446e-05
16 1.3886111666555577e-06
17 1.1109167055477792e-05
18 1.3886111666555575e-05
19 8.331944722166677e-06
20 2.2217778666488927e-05
21 9.720278166588903e-06
22 1.2497500499900018e-05
23 1.2497500499900018e-05
24 2.2217778666488927e-05
25 3.054944566642227e-05
26 2.3606667555377818e-05
27 3.054944566642228e-05
28 4.1658890444133406e-05
29 6.109889133284455e-05
30 9.164861472150006e-05
31 9.998055944366674e-05
32 0.00011108944877691117
33 0.00016802250660978888
34 0.0001930175076095889
35 0.00022079000866493347
36 0.00023745250949810007
37 0.0002860544557755111
38 0.00033187834655291123
39 0.0004221380723855223
40 0.0005054561309960226
41 0.0005457255771068007
42 0.0006248758581617012
43 0.0007928980870492566
44 0.0008664947566042347
45 0.0009067661467706458
46 0.0011039475438245686
47 0.0012053181030460573
48 0.0013802828323224243
49 0.0014733214468217466
50 0.0017093828456530913
51 0.001856578684263148
52 0.0020343203581505913
53 0.002153744528872003
54 0.0023717545379812934
55 0.002517559821369059
56 0.0027966701104223594
57 0.0029938531738096805
58 0.0030369003976982384
59 0.003161874014086071
60 0.0033451742984736393
61 0.003461815692417071
62 0.003524307360750072
63 0.0036714984780821594
64 0.00373537403630385
65 0.0037423179253038294
66 0.003927005432246884
67 0.0038728476526916833
68 0.0036576126441378396
69 0.0036451151436379383
70 0.0037312079250816513
71 0.0036451143104712386
72 0.003603459030416138
73 0.0035701273634162044
74 0.0033368398542513718
75 0.0032313070719189488
76 0.003271575407140794
77 0.0028758212246439607
78 0.0028702653913661707
79 0.0027439023306449813
80 0.0024481278744251135
81 0.002423133706592016
82 0.0022259486991490583
83 0.0019732234108733805
84 0.0019398956319847131
85 0.0017302142349307917
86 0.0016510645093203583
87 0.0015094247817103257
88 0.001349733386656002
89 0.001244199493434646
90 0.001113669210602324
91 0.0009956361505476683
92 0.0009609214268257459
93 0.0008956575351596347
94 0.0007804019751605235
95 0.0007581836410495677
96 0.0006457055811060006
97 0.0005832180786065008
98 0.0005332286320513673
99 0.0005193422426625787
100 0.0004915702970517004
101 0.000411030293941211
102 0.0003540977915527999
103 0.0003402105689973113
104 0.0003068833455531111
105 0.0002943875113866112
106 0.0002596705658868222
107 0.00029855195627541105
108 0.00021384639738718898
109 0.00021245861938723335
110 0.0002041269523873
111 0.00018746361838743337
112 0.0001930172298873556
113 0.0001430272278877556
114 0.0001624675064987
115 0.0001458041724988334
116 0.00016246778422093332
117 0.00015552500610988893
118 0.0001430275056099889
119 0.00014580500566553335
120 0.0001430272278877556
121 0.00015830167299873342
122 0.00017079945122086668
123 0.00015691333955431113
124 0.00014719333910995558
125 0.00016107917305427786
126 0.00018329722944300007
127 0.00018329722944300013
128 0.00019440639649847776
129 0.00020412639694283342
130 0.00019857139683174447
131 0.00021662389744273332
132 0.00024995056544246675
133 0.0002763347330533889
134 0.00030132945633095553
135 0.0003277133462196445
136 0.0003582630696083001
137 0.00044991140660756684
138 0.0004735172409962451
139 0.00047768335221844485
140 0.0006276544691061789
141 0.0006457061365504676
142 0.0007776247528272127
143 0.0008373333666600013
144 0.0009220400364371576
145 0.001135886433824347
146 0.001190043935657313
147 0.001327516441156213
148 0.0016593950654313582
149 0.0018093631273745246
150 0.00203154396898398
151 0.0024384087071474573
152 0.0027883389988668924
153 0.003224363182918972
154 0.0035006956941944947
155 0.004061699049079073
156 0.004461621009131507
157 0.0050448385322935385
158 0.005658605223399762
159 0.006123791352840543
160 0.007227745284276479
161 0.007895666699993338
162 0.008698284509764712
163 0.009538397875980355
164 0.010524314859250365
165 0.011517173787464736
166 0.01236562187562487
167 0.01319323274234042
168 0.01436522028927548
169 0.015312250327712242
170 0.01659117426514697
171 0.017421569297251666
172 0.018151980159523642
173 0.018919870192628137
174 0.01961418660712301
175 0.020247393854562427
176 0.02129718945099869
177 0.020922270823613066
178 0.02155547307205226
179 0.021516589737608047
180 0.021662400297718234
181 0.02187624002977182
182 0.021573518907329642
183 0.021177768335221846
184 0.02020296190761848
185 0.019700281332622378
186 0.019022635195183185
187 0.01861022462174232
188 0.017314641516141226
189 0.016464811204425778
190 0.015256711990935146
191 0.014347163345108752
192 0.01361120692528161
193 0.012205924370681416
194 0.011567169899353458
195 0.010524313470639202
196 0.009700866771090232
197 0.008842701181985827
198 0.007835952531715878
199 0.006979180552778334
200 0.006258485247394966
201 0.005651663556177649
202 0.005007344642182675
203 0.004507449343464639
204 0.0039561651558577176
205 0.0034770920815836845
206 0.002943863449532314
207 0.002659197882645693
208 0.002396749538981093
209 0.0021523500855384473
210 0.0018371378502077356
211 0.0015760778399875582
212 0.0014094433890999578
213 0.0011733792130462796
214 0.0010234080961585468
215 0.0009248175364927014
216 0.0008428880890488571
217 0.00072624641738319
218 0.0006484833588837791
219 0.0005429480770512561
220 0.00046518640716301123
221 0.00048601557466284494
222 0.00040825251616343335
223 0.00036937168121931117
224 0.00030410667866426677
225 0.0003068844564420445
226 0.0002749461218867333
227 0.00024856195427581116
228 0.00021245778622053346
229 0.00020968056388722225
230 0.00017496556244306666
231 0.00019301695216512226
232 0.00014441556133217785
233 0.0001583019507209667
234 0.0001346958386100557
235 0.00014025000555444446
236 0.00015830167299873334
237 0.00014580417249883344
238 0.00014163889444333334
239 0.0001291413939434334
240 0.0001513594503321556
241 0.0001666338954431334
242 0.00014997056144326672
243 0.00015552500610988893
244 0.00016941111777644453
245 0.0001694105623319778
246 0.00014302750560998896
247 0.0001666338954431334
248 0.0001680219511653223
249 0.00017357667355417778
250 0.0001985713968317445
251 0.00025550528783132225
252 0.0002346758426092556
253 0.00028883167810882216
254 0.00028744390010886664
255 0.00028605445577551113
256 0.0003735372369970445
257 0.0003166039014419334
258 0.0004235272389966444
259 0.00040964057188562215
260 0.0005387822435512897
261 0.000547114743717923
262 0.0005846069674953899
263 0.0006415400253282676
264 0.0006679236374947232
265 0.0007248558621609012
266 0.0008595517007709567
267 0.0008609405896598464
268 0.001066457541824968
269 0.0011775456019907128
270 0.0012400325490457458
271 0.0013705633873225351
272 0.0014830400586549359
273 0.0016663389544313361
274 0.001670503399320136
275 0.0018899053522628817
276 0.002091254249150171
277 0.0022842706458708253
278 0.002282882312426404
279 0.0025328331555911025
280 0.0026258709369237267
281 0.0028022231664778154
282 0.0030244042858095046
283 0.003218809293696814
284 0.003227143182474616
285 0.0034201576351396376
286 0.003478480137305872
287 0.0036590006998600266
288 0.0037173245906374297
289 0.003781197649359018
290 0.003861737374747272
291 0.003781200148859118
292 0.0037728668155257833
293 0.0038617368193028046
294 0.003852018762914083
295 0.003700660145748628
296 0.0035770726410273507
297 0.0035034779155280055
298 0.0034937518051945155
299 0.0033632248550289944
300 0.0032507479059743593
301 0.0030063498411428825
302 0.0029869112288653395
303 0.0027522334422004483
304 0.0025411670443689026
305 0.0024647900975360484
306 0.0023148200915372483
307 0.002092641193983425
308 0.001937117021040236
309 0.0016913345108756032
310 0.0015733000622097815
311 0.0014469372792108247
312 0.0012594736608233907
313 0.0011136686551578572
314 0.0009317603146037456
315 0.0008623294785487348
316 0.0007012519718278564
317 0.0006082119687173674
318 0.0005290616876624673
319 0.0005123994645515336
320 0.00040130973805238893
321 0.0003499311248861332
322 0.00028605473349774436
323 0.0002527277877757779
324 0.00019301722988735562
325 0.00018607389633184447
326 0.00013469639405452232
327 0.00011108972649914453
328 9.303778133262227e-05
329 8.470528116598899e-05
330 9.442583705481116e-05
331 5.2767224332911213e-05
332 4.443555733297786e-05
333 4.8601390832944544e-05
334 3.74927792219334e-05
335 3.3326667999733394e-05
336 1.6663333999866694e-05
337 1.944055633317781e-05
338 1.6663889444333357e-05
339 1.5274722833211133e-05
340 5.554444666622231e-06
341 1.110888933324446e-05
342 4.165833499966673e-06
343 5.554444666622231e-06
344 8.331666999933345e-06
345 2.7775000555444465e-06
346 5.554444666622231e-06
347 2.7772223333111155e-06
348 2.7772223333111155e-06
349 2.7772223333111155e-06
350 4.165833499966673e-06
351 2.7772223333111155e-06
352 2.7772223333111155e-06
353 1.3886111666555577e-06
354 2.7772223333111155e-06
355 0.0
356 1.3886111666555577e-06
357 1.3886111666555577e-06
358 6.9430558332777885e-06
