0 0.0
1 0.0
2 1.3886111666555577e-06
3 0.0
4 0.0
5 0.0
6 1.3886111666555577e-06
7 0.0
8 0.0
9 1.3886111666555577e-06
10 2.7772223333111155e-06
11 2.7772223333111155e-06
12 4.165833499966673e-06
13 1.3886111666555577e-06
14 5.554444666622231e-06
15 8.331944722166677e-06
16 6.9430558332777885e-06
17 1.3886111666555575e-05
18 8.331666999933345e-06
19 8.331666999933345e-06
20 1.805194516652225e-05
21 1.8051945166522255e-05
22 1.9440556333177805e-05
23 2.777222333311116e-05
24 4.582416849963342e-05
25 4.304722388855563e-05
26 4.443555733297786e-05
27 6.665389144393343e-05
28 7.081944722166674e-05
29 6.526500255504455e-05
30 0.00011664389344353339
31 0.00015413583949876674
32 0.00019162834099846677
33 0.00018052000710968896
34 0.00023467556488702225
35 0.0003013294563309556
36 0.0003471536248305889
37 0.00043602557266324456
38 0.0004999005754404669
39 0.0005832186340509675
40 0.0006693122486613792
41 0.0008165053100491018
42 0.001028963096269635
43 0.0010858967095469792
44 0.0012733597724899465
45 0.0015066467262103127
46 0.0017704822924304022
47 0.0018760172965406915
48 0.0020384873025394907
49 0.0023550937034815243
50 0.0025203362105356694
51 0.0027341837188117925
52 0.003016072618809571
53 0.0032979587415850166
54 0.003550689306583128
55 0.003803415983469972
56 0.0038672909862471957
57 0.004121405718856226
58 0.004263049612299763
59 0.004468562398631386
60 0.0045685432357972814
61 0.0048004432446843975
62 0.0048448768579617395
63 0.0049032018596280764
64 0.005000403530405024
65 0.004799050467684239
66 0.004958746584016528
67 0.004839322135572884
68 0.00480599518985092
69 0.004585208236130551
70 0.004660191850518784
71 0.004558826012575264
72 0.004289434613077381
73 0.00413945933035615
74 0.004047810715634649
75 0.0038214687618031954
76 0.003550688195694194
77 0.003634003199360127
78 0.0033507267990846275
79 0.0030382906751982948
80 0.003050785398475859
81 0.00279389122175565
82 0.002531443155813282
83 0.002359257870648093
84 0.0021454128618720696
85 0.0020079373014286026
86 0.0018204745162078702
87 0.0016219028416538917
88 0.0015441386722655466
89 0.00136084088737808
90 0.001303907829545202
91 0.0011692125463796128
92 0.0011233897664911458
93 0.0009984147614921456
94 0.0009262061476593568
95 0.0008067864204936791
96 0.0006873636383834347
97 0.0006526503032726786
98 0.0006443169699393457
99 0.0005610005776622454
100 0.0004943472416627782
101 0.00047212974071852244
102 0.0004443577951076447
103 0.00039992223777466675
104 0.0003582625141638333
105 0.0003110500122197777
106 0.0003054944566642222
107 0.00029577445621986674
108 0.0002680036214979223
109 0.0002555055655535556
110 0.00023884223155368894
111 0.00022217834210935556
112 0.00017218778466528896
113 0.00017496556244306677
114 0.00018051945166522223
115 0.00018190861827634453
116 0.00013330694972116675
117 0.00018190861827634453
118 0.00017080000666533336
119 0.00014719333910995555
120 0.00016107889533204442
121 0.00013608500522117786
122 0.00014025000555444448
123 0.00013053000511008893
124 0.00015135945033215557
125 0.0001291408384989668
126 0.00016385722855428897
127 0.0001610791730542778
128 0.00015274750605434443
129 0.00018190861827634453
130 0.00016246778422093343
131 0.0001832972294430001
132 0.00019440639649847787
133 0.0002305097313870556
134 0.0002471730653869222
135 0.00025134000977582226
136 0.00025689417672021124
137 0.00031799251260858895
138 0.00033465529116398886
139 0.00037631501477482216
140 0.000492958908218356
141 0.0004596311293296892
142 0.0006179330800506568
143 0.0006040464129396341
144 0.0006901414161612125
145 0.0007790139194383346
146 0.0008998217023262017
147 0.0010678444866582242
148 0.0011761567131018244
149 0.001402502277322313
150 0.0016219008975982586
151 0.0017899250705414474
152 0.0020370978582061367
153 0.002314822313315114
154 0.002635595103201581
155 0.0030924459552533943
156 0.003456262358639384
157 0.004006155157857314
158 0.004686575462685235
159 0.005226748539181051
160 0.005780801895176518
161 0.0064306746983936545
162 0.0072541219533871016
163 0.008128950876491367
164 0.00910237591370615
165 0.009929990668532954
166 0.010764541258414981
167 0.011958751027572262
168 0.012862738007953968
169 0.013788949154613518
170 0.01509563087382524
171 0.01595518729587416
172 0.01694527372303317
173 0.01786452987180341
174 0.018300559888022403
175 0.019126781310404586
176 0.019883580228398777
177 0.020493181919171714
178 0.020576506365393602
179 0.02061676831300407
180 0.020893106378724255
181 0.020673704425781515
182 0.02030710052433958
183 0.019933569397231666
184 0.018850449354573535
185 0.018406089337688017
186 0.018211691828301
187 0.01721465373591948
188 0.01606211396609566
189 0.015145626707991737
190 0.013766729431891394
191 0.013002986347175012
192 0.011896264080517227
193 0.010902018762914084
194 0.009936933168921766
195 0.00892740757404074
196 0.008005367259881357
197 0.007295792785887267
198 0.006607029705170079
199 0.005747476893510186
200 0.004992070474793925
201 0.004464398509187049
202 0.004056142104912348
203 0.003459038747805994
204 0.0029660798395876363
205 0.0027008570508120595
206 0.0022662189784265372
207 0.001960723966317847
208 0.0017774281254860145
209 0.001633012286431603
210 0.001370563109600302
211 0.0011539378235464015
212 0.0010456272634362016
213 0.0008595533671043568
214 0.0007595719744939904
215 0.0007415203070497014
216 0.0006332080806061006
217 0.0004915697416072337
218 0.0005360061321069115
219 0.0004151955719967111
220 0.0003485422359972445
221 0.00034854223599724445
222 0.0002888327889977555
223 0.0002624486213868334
224 0.00028327806660889996
225 0.00025967056588682225
226 0.0002041266746650667
227 0.00021106917505387784
228 0.00016385667310982226
229 0.00020412611922060006
230 0.00015552445066542225
231 0.0001346963940545223
232 0.0001416388944433334
233 0.00015969083960985558
234 0.00011386667111022231
235 0.00017079972894310004
236 0.00014441583905441124
237 0.00014580417249883342
238 0.00013191833855451121
239 0.00016385667310982226
240 0.0001360844497767112
241 0.0001444166722211112
242 0.00012080944922126674
243 0.00014441556133217782
244 0.0001985713968317445
245 0.0001610794507765112
246 0.00018607417405407779
247 0.00018885139638738887
248 0.00026105917705347784
249 0.0002138463973871889
250 0.0002166238974427333
251 0.0002721683441089555
252 0.00027911195538669995
253 0.00031521584571974433
254 0.0003402102912750777
255 0.00036103890333044435
256 0.0003790916816636667
257 0.0003957544602190666
258 0.0004804597413850557
259 0.0004887919638294561
260 0.0004901805749961117
261 0.0006012703014952566
262 0.0006915294718834014
263 0.0007845675309382567
264 0.0008151155879935126
265 0.0008914919793819016
266 0.0009650864271590127
267 0.0010456269857139684
268 0.00114421893399098
269 0.0013052975516007906
270 0.001396946999488991
271 0.0015677483947654904
272 0.0017343789575418244
273 0.001866298962429735
274 0.0019482261880957134
275 0.002209284809704725
276 0.0022926023128707596
277 0.0025258912106467597
278 0.0026092087138127927
279 0.0028411053900331044
280 0.003085504010309048
281 0.003270190684085408
282 0.003436819858250573
283 0.0035659637516941064
284 0.0038325776511364384
285 0.004089472105578884
286 0.004129737941300628
287 0.004397745173187583
288 0.004511607123019837
289 0.004506052400630984
290 0.004654636850407696
291 0.004824046301850739
292 0.004905975471572349
293 0.004754619631629227
294 0.004985124364016087
295 0.00501567853096047
296 0.00487403685929481
297 0.004712960463462861
298 0.004676855184518652
299 0.0044838368437423596
300 0.004574099346797305
301 0.0042449976671332405
302 0.004121409329245259
303 0.003903395987469173
304 0.0038131365393587937
305 0.003550687917971962
306 0.0032424176275855933
307 0.002946640116421159
308 0.0027813964984780824
309 0.002534221489035526
310 0.002400916483369992
311 0.0021676270301495253
312 0.0019135125752627244
313 0.0017427111799862252
314 0.0014774872803217137
315 0.0013177944966562241
316 0.0010886744873247573
317 0.0009886939278810904
318 0.0008012308649381239
319 0.0008012305872158906
320 0.0005790528005510006
321 0.0004637983514408224
322 0.0004290825168299668
323 0.00035131945833055564
324 0.00029994140060876667
325 0.00020968028616498893
326 0.00019718334110955572
327 0.0001555255615543556
328 0.00015830167299873342
329 0.00010692305983247785
330 9.442611477704454e-05
331 7.359666955497787e-05
332 4.304694616632231e-05
333 5.832194672176677e-05
334 5.832166899953344e-05
335 1.5274722833211133e-05
336 2.777222333311116e-05
337 1.666333399986669e-05
338 2.2217778666488924e-05
339 2.082916749983337e-05
340 1.3886111666555577e-05
341 4.165833499966673e-06
342 9.720278166588903e-06
343 9.720555888822234e-06
344 5.554444666622231e-06
345 5.554444666622231e-06
346 4.165833499966673e-06
347 1.3886111666555577e-06
348 2.7772223333111155e-06
349 6.9430558332777885e-06
350 2.7772223333111155e-06
351 1.3886111666555577e-06
352 4.165833499966673e-06
353 2.7772223333111155e-06
354 4.165833499966673e-06
355 0.0
356 2.7772223333111155e-06
357 0.0
358 5.554722388855562e-06
