0 1.3886111666555577e-06
1 1.3886111666555577e-06
2 4.165833499966673e-06
3 1.3886111666555577e-06
4 2.7772223333111155e-06
5 0.0
6 2.7772223333111155e-06
7 1.3886111666555577e-06
8 1.3886111666555577e-06
9 0.0
10 0.0
11 0.0
12 1.3886111666555577e-06
13 2.7772223333111155e-06
14 2.7772223333111155e-06
15 4.165833499966673e-06
16 6.9430558332777885e-06
17 1.3886389388788905e-05
18 8.331666999933345e-06
19 6.9430558332777885e-06
20 2.221833411095559e-05
21 1.3886389388788908e-05
22 1.5274722833211133e-05
23 1.8051945166522255e-05
24 2.3606389833144488e-05
25 2.63836121664556e-05
26 3.888139038858896e-05
27 4.443555733297787e-05
28 6.526528027727787e-05
29 5.41561132218001e-05
30 6.248778022173343e-05
31 8.748250349930013e-05
32 0.00012775278277677788
33 0.00014163889444333342
34 0.00017357778444311112
35 0.00021384750827612223
36 0.00023328806460929996
37 0.0002402313981648112
38 0.0003249369570530333
39 0.0003915902930525
40 0.0004346372392188222
41 0.0005596133551067558
42 0.0006582066919949346
43 0.0007318016952165125
44 0.0008484450332155795
45 0.0010247983736586018
46 0.001224760603434869
47 0.0012039300473238688
48 0.0013677883867670897
49 0.0015316433935435138
50 0.0017135531227087922
51 0.0019190695194294472
52 0.0021634628629829586
53 0.0022023470305938824
54 0.002418972316647781
55 0.002652258992645916
56 0.0028438873336443815
57 0.00290082122464396
58 0.003089669843809015
59 0.003322959852473949
60 0.003282689573196474
61 0.003543752360638983
62 0.003579855417805329
63 0.0035631923615276934
64 0.0035937406963051834
65 0.003788149036859297
66 0.003886735152969408
67 0.003896457930636093
68 0.0038631387611366605
69 0.003857577095691971
70 0.0036423437534715266
71 0.003602074029638516
72 0.00362845514230487
73 0.0033673970761403283
74 0.0033007440178630942
75 0.0030438495634206478
76 0.002961919282810104
77 0.0028647153902552833
78 0.0028230570552556155
79 0.002602268712924083
80 0.002443963984980781
81 0.002232894532204669
82 0.0021412456397609373
83 0.0019898886889288796
84 0.0018301978493190246
85 0.0016052411739874244
86 0.0015608042280432798
87 0.0013608458863782799
88 0.001312245884156501
89 0.0011497750449910016
90 0.0011497747672687686
91 0.0010039692061587682
92 0.0009331519807149682
93 0.0008442775333822123
94 0.000848443922326646
95 0.0006457058588282344
96 0.0006734794707725126
97 0.0005762769668288566
98 0.0005401711324401783
99 0.0005123997422737676
100 0.0004610208513852782
101 0.0004304700171076891
102 0.0003943669599413445
103 0.0003568744584416443
104 0.0003152164011642113
105 0.00029994084516430004
106 0.0002763336221644556
107 0.00025828278788686684
108 0.00023467584260925564
109 0.00023606445377591124
110 0.0002249563976093668
111 0.00022634445333155563
112 0.0002069041747206111
113 0.00019996084116510003
114 0.0002027386189428778
115 0.00015552445066542225
116 0.00017635389588748895
117 0.00018329750716523338
118 0.00014024972783221115
119 0.0001610794507765112
120 0.00016108000622097783
121 0.0001402502832766778
122 0.00015552583927658895
123 0.00016941167322091116
124 0.00014997111688773337
125 0.00015969056188762224
126 0.00019996111888733335
127 0.00019996056344286672
128 0.00021662417516496674
129 0.00020412639694283337
130 0.00022356750872047778
131 0.00025550528783132236
132 0.0002485625097202779
133 0.0003138272345530889
134 0.0003013302894976555
135 0.00035826362505276665
136 0.0003915886267191
137 0.00041658529405230006
138 0.0004818508520518115
139 0.0005401719656068783
140 0.0005943272456619789
141 0.0007595725299384566
142 0.0007970658646048568
143 0.0008303928103268237
144 0.0010192422626585798
145 0.0011108942100468795
146 0.0013677892199337896
147 0.0015122067253216021
148 0.001648289786487147
149 0.00187324507320758
150 0.002242615088093493
151 0.0024342437068141922
152 0.0026883626052567255
153 0.003321571519029526
154 0.003479872636583793
155 0.0039075654313581705
156 0.004587991568352994
157 0.005205927147903753
158 0.005732209391455037
159 0.006377918305227843
160 0.007065283054500214
161 0.00800676475815948
162 0.008713573674154054
163 0.009891112610811171
164 0.010327146237419182
165 0.011388042946966156
166 0.012317027983292228
167 0.013457090804061411
168 0.01446245056544247
169 0.015265061709880253
170 0.016219038692261555
171 0.017486854295807496
172 0.01806591042902531
173 0.018792157679575202
174 0.019664205214512648
175 0.020082184118731812
176 0.020819527761114447
177 0.021286102779444115
178 0.021622151125330488
179 0.021459680286164986
180 0.0215791094558866
181 0.021529117787553603
182 0.02110558471639006
183 0.020518211357728453
184 0.020196048845786393
185 0.01970308049501211
186 0.018835191295074313
187 0.01840889488768913
188 0.01711054205825502
189 0.016134351185318495
190 0.01542060143526851
191 0.014404126396942838
192 0.013445976638005728
193 0.012422565486902605
194 0.011457477948854669
195 0.010300761514363797
196 0.009520360094647733
197 0.008860764513763913
198 0.008042876702437292
199 0.007148599446777313
200 0.006336263025172742
201 0.005812754949010197
202 0.0049573640827390054
203 0.0046088190695194285
204 0.00405754015863494
205 0.003652063198471416
206 0.0031243895665311362
207 0.00280222927636695
208 0.002412028427647805
209 0.002213457030816058
210 0.001942673965206958
211 0.00166078756470928
212 0.0014622122797662684
213 0.0013275183852118457
214 0.0012039308804905689
215 0.0009886936501588574
216 0.0008345594769934904
217 0.0007679041969383902
218 0.0007262461396609568
219 0.0005971053011619902
220 0.0005498919660512342
221 0.0005110100202181784
222 0.0003943669599413443
223 0.0004249164056077666
224 0.00033187917971961114
225 0.0003277136239418778
226 0.00028327834433113336
227 0.00024161834299806675
228 0.00026661389944233335
229 0.0001916294518874001
230 0.0002652263991646111
231 0.0001971833411095557
232 0.00021523500855384463
233 0.00016107945077651118
234 0.0001860747294985445
235 0.00016941084005421116
236 0.00016107945077651115
237 0.00018190861827634448
238 0.0001569130618320778
239 0.0001777427847763778
240 0.00016802222888755562
241 0.00015274861694327782
242 0.0001707994512208667
243 0.00019024000755404443
244 0.0001652450065542445
245 0.00017357695127641112
246 0.00020412723010953334
247 0.00019579445222066665
248 0.00019024028527627783
249 0.00018329750716523338
250 0.00023189889799817785
251 0.00024300778733142233
252 0.0002652250105534446
253 0.0002805002888311222
254 0.0003318789019973777
255 0.0003513202914972556
256 0.0003638172365526889
257 0.00043185973916327777
258 0.00041519557199671116
259 0.00044019057299651116
260 0.0005096214090515228
261 0.0005526689106623118
262 0.0005859964118287452
263 0.0006401525250505454
264 0.0006873639161056678
265 0.0007984553089382127
266 0.000858164755937702
267 0.0009345383701037573
268 0.0009609225377146791
269 0.0010692353196027462
270 0.0011442206003243792
271 0.0013302942189339908
272 0.0014691567242107139
273 0.00156080422804328
274 0.0017482686795974134
275 0.00177742951409718
276 0.0019579492434846366
277 0.0021537461952054037
278 0.002317599813370659
279 0.00248701148659157
280 0.0026397606589793152
281 0.0028730487235886144
282 0.002856385945033215
283 0.003036906229865139
284 0.0032854690173076497
285 0.0034007254104734615
286 0.0033382323535292957
287 0.00348542902530605
288 0.003635399309027084
289 0.003756210702303984
290 0.0037617634806372067
291 0.0040561479370792505
292 0.0037867562598591364
293 0.003842302372858762
294 0.0038325807060810052
295 0.0036312309760270175
296 0.003767318480748295
297 0.00354930874936124
298 0.0035381943055833257
299 0.0034284956897509397
300 0.0033451773534182066
301 0.003149381234864137
302 0.0028258348330333924
303 0.0027605726077006803
304 0.002645315659090404
305 0.002428689817592037
306 0.0023009373125374914
307 0.0020704281365949025
308 0.0018954631295963033
309 0.0018052006265413584
310 0.0015260889488768912
311 0.0014441597791552798
312 0.00123586838187918
313 0.0010720128196582905
314 0.0010039711502144012
315 0.0008484447554933457
316 0.0007512425292719235
317 0.0006526508587171458
318 0.0005471144659956895
319 0.0004874041858295004
320 0.0004138077939967557
321 0.0003943664044968777
322 0.0002846661223310889
323 0.00020135000777622223
324 0.00019857195227621118
325 0.00016385695083205557
326 0.00013886167211002228
327 0.0001194211157768445
328 9.442583705481117e-05
329 8.609444777711117e-05
330 4.44358350552112e-05
331 5.41561132218001e-05
332 3.749305694416673e-05
333 3.6103890333044516e-05
334 3.193805683307784e-05
335 1.5275000555444466e-05
336 1.5274722833211133e-05
337 1.3886389388788908e-05
338 8.331666999933345e-06
339 1.110888933324446e-05
340 1.5274722833211133e-05
341 9.720278166588903e-06
342 2.7772223333111155e-06
343 6.9430558332777885e-06
344 1.3886111666555577e-06
345 6.9430558332777885e-06
346 4.165833499966673e-06
347 2.7772223333111155e-06
348 1.3886111666555577e-06
349 4.165833499966673e-06
350 0.0
351 2.7772223333111155e-06
352 0.0
353 0.0
354 1.3886111666555577e-06
355 1.3886111666555577e-06
356 1.3886111666555577e-06
357 2.7772223333111155e-06
358 0.0
