0 1.8052222888755584e-05
1 1.9441111777644475e-05
2 1.3886389388788905e-05
3 9.720278166588903e-06
4 9.720278166588903e-06
5 1.3886389388788905e-05
6 8.331666999933345e-06
7 1.5275278277677796e-05
8 1.2497500499900018e-05
9 1.944083405541114e-05
10 6.9430558332777885e-06
11 1.110888933324446e-05
12 1.249750049990002e-05
13 8.332222444400008e-06
14 1.5275000555444466e-05
15 1.5274722833211133e-05
16 1.1109167055477793e-05
17 6.9430558332777885e-06
18 1.944083405541114e-05
19 9.720278166588903e-06
20 1.249777822213335e-05
21 5.554444666622231e-06
22 1.3886389388788905e-05
23 8.331666999933345e-06
24 9.720278166588903e-06
25 1.805194516652225e-05
26 8.331666999933345e-06
27 1.249777822213335e-05
28 1.5275278277677796e-05
29 1.3886389388788905e-05
30 1.2497500499900018e-05
31 1.5275000555444466e-05
32 1.666333399986669e-05
33 2.6383612166455603e-05
34 2.3606667555377818e-05
35 1.6663611722100024e-05
36 1.3886111666555575e-05
37 1.3886667111022237e-05
38 2.2218056388722257e-05
39 4.027000155524451e-05
40 3.054944566642227e-05
41 3.055000111088893e-05
42 4.165861272190007e-05
43 4.443555733297786e-05
44 3.8881668110822284e-05
45 5.41561132218001e-05
46 7.637472505498897e-05
47 4.4436390499677854e-05
48 7.08191694994334e-05
49 7.915166966606674e-05
50 7.776305849941116e-05
51 8.887139238818898e-05
52 8.887222555488897e-05
53 0.00013192028261014443
54 0.00015691361727654447
55 0.0001721908396098556
56 0.00019440834055411114
57 0.00024995223177586674
58 0.0002360669532760112
59 0.00029300028883112223
60 0.00033049223488635564
61 0.00037215140305272226
62 0.00040825668199693334
63 0.0004693580728298778
64 0.0005443405763291788
65 0.0005832241884956346
66 0.0006970891932724564
67 0.0007470814170499237
68 0.0007970703081605908
69 0.0009359314248261461
70 0.0011081236530471683
71 0.0011011819858250571
72 0.0013261394943233577
73 0.0014386153324890574
74 0.0015510970028216574
75 0.0016552406185429585
76 0.0018635328489857582
77 0.001902418682930081
78 0.00204128257681797
79 0.002262076195871936
80 0.0023648312004265802
81 0.0024523139816481137
82 0.002716155380035104
83 0.0028050253838121254
84 0.0029855459463662805
85 0.0031507942855873265
86 0.003324372070030439
87 0.0034479612410851157
88 0.0036145965251394166
89 0.0037992795885267387
90 0.00394369542758115
91 0.004007579317469838
92 0.00430891099557866
93 0.004447774056299847
94 0.004544975171632338
95 0.004893525183852116
96 0.0052337307538492285
97 0.005139301584127617
98 0.005262892143793461
99 0.005554502155124529
100 0.005773907440734076
101 0.005900270223733029
102 0.006004419949343463
103 0.0061085663422871
104 0.006179381623675262
105 0.006372410240174188
106 0.006421012464173834
107 0.006776504143615722
108 0.006666799140171967
109 0.006675133028949764
110 0.0067737205336710436
111 0.006891759425892597
112 0.006963968039725391
113 0.0070611644337799095
114 0.007033397487169232
115 0.0071083772134462
116 0.007252799440111979
117 0.007155584994112289
118 0.007005618043058056
119 0.0071292144348908005
120 0.007162538603390434
121 0.0071306038792241545
122 0.006930636928169923
123 0.0068834205381145975
124 0.006938960263502859
125 0.006893149425670419
126 0.0068945222066697795
127 0.006755665533559953
128 0.006509877468950652
129 0.0064682230220622534
130 0.006365464129396343
131 0.0061696710657868446
132 0.006279369681619234
133 0.006103023839676507
134 0.005953037170343707
135 0.00573918938434535
136 0.005662825768179699
137 0.005492024372903196
138 0.005461465206958606
139 0.005197631307071916
140 0.0051879032526827955
141 0.00500322657690684
142 0.004835201848519183
143 0.004762987402519497
144 0.004681057399631183
145 0.00462968045279833
146 0.004383896276300298
147 0.0043491762758559385
148 0.004190878768690708
149 0.003952027927747784
150 0.0038853776466928843
151 0.0038284395898598076
152 0.00377012430847164
153 0.003763183752138462
154 0.003652087915750184
155 0.0034812931858072818
156 0.0034868370770290394
157 0.0032410512341976058
158 0.0032424415116976617
159 0.0032702181785865033
160 0.0030508123375324932
161 0.003084137894643294
162 0.0030341459485880603
163 0.0030188728920882476
164 0.002899453164922571
165 0.0028980628874225164
166 0.002809189828700925
167 0.002767533160034659
168 0.0026869973227576695
169 0.0026189487102579487
170 0.0026231148214801475
171 0.002578677875536003
172 0.0026536598235908366
173 0.0026272859317025476
174 0.002503695649758937
175 0.0024786978715368047
176 0.002595342320424803
177 0.00266338371214646
178 0.002467591481703659
179 0.0024925814837032582
180 0.0025148009287031467
181 0.0024134325912595245
182 0.002587012597480504
183 0.0025536845408696035
184 0.002505078706480926
185 0.002524523706369838
186 0.002584228154369125
187 0.0026397762114243805
188 0.0026300603768135257
189 0.0025883964873691947
190 0.0027467012153124934
191 0.0026744948232575697
192 0.0027050431580350597
193 0.002775861772090026
194 0.002817523995200961
195 0.002960555388922214
196 0.00282446482925637
197 0.003063312615254727
198 0.0031271901175320494
199 0.0032035590104201378
200 0.003253549012419738
201 0.0033493701259748056
202 0.003354922071141327
203 0.003286879290808507
204 0.0035340587438067957
205 0.0035409995778622055
206 0.0036715279166388936
207 0.003759009309249261
208 0.003958971816747762
209 0.004033961818747361
210 0.0041158887666911045
211 0.004189486547135015
212 0.004358897664911463
213 0.004490819613855004
214 0.004608850174409563
215 0.004697731009353684
216 0.004767159623630829
217 0.0049865601879624044
218 0.005039329078628719
219 0.0053253815903485935
220 0.005244838810015773
221 0.005403149370125971
222 0.0056197666022351055
223 0.005661434657512941
224 0.005878051056455373
225 0.005830838276789085
226 0.006112740229731827
227 0.00601414272701015
228 0.006212713290675198
229 0.006359915794618856
230 0.006414063020729183
231 0.006615414972561044
232 0.006598745250949809
233 0.006779275811504365
234 0.006936194705503346
235 0.0070208924881690355
236 0.00700145554222489
237 0.007130604712390855
238 0.0071000536003910375
239 0.007030618043058056
240 0.007141708325001667
241 0.0071778094381123765
242 0.007176420549223489
243 0.0072361261081117095
244 0.007054216656668666
245 0.006955627207891756
246 0.007118101102001824
247 0.007016739707614031
248 0.007152817214334913
249 0.006907033315559113
250 0.0069792335977249004
251 0.006648744417783111
252 0.006629306638672266
253 0.006575149970005995
254 0.006372405241173986
255 0.006283534126508031
256 0.006130792452620586
257 0.0060863502299540045
258 0.006057188562287543
259 0.00576141716101224
260 0.005436477982181342
261 0.005239284643071381
262 0.005150416027905529
263 0.004904620742518163
264 0.004800484347574931
265 0.004619961840965137
266 0.004522758226132551
267 0.004342239607634028
268 0.00411311015574663
269 0.004078397098358108
270 0.0037951170876935735
271 0.0036548606945277606
272 0.003445181796973936
273 0.0031938403985869498
274 0.0031771781754760166
275 0.003056368726254749
276 0.0029258315003665935
277 0.0027105973249794482
278 0.002499530371703436
279 0.002371770368148591
280 0.0022440209180386137
281 0.0020732156346508473
282 0.0019496306294296709
283 0.0017829956230976023
284 0.001639967562043147
285 0.0015441500588771135
286 0.0013580747739341025
287 0.001248375602657246
288 0.0011844986558243909
289 0.0010345261503254906
290 0.0009081611455486677
291 0.0008026283632162454
292 0.0007554136394943242
293 0.000679039469883801
294 0.0005762791886067229
295 0.0005054600191072893
296 0.00046657946188540016
297 0.00040131362616365536
298 0.00034576806860849994
299 0.0002832805661090001
300 0.00024717473172032226
301 0.00026661556577573333
302 0.00022773556399831115
303 0.00017774445110977779
304 0.0001652466728876445
305 0.00014302722788775567
306 0.00012219972672132228
307 8.887194783265565e-05
308 0.00010831361505476674
309 9.303833677708895e-05
310 6.94316692217112e-05
311 6.804222488835564e-05
312 4.999111288853342e-05
313 4.860194627741119e-05
314 5.8322502166233436e-05
315 3.610416805527784e-05
316 3.888139038858895e-05
317 3.193833455531116e-05
318 3.888139038858896e-05
319 2.221777866648893e-05
320 3.193805683307784e-05
321 2.0829445222066703e-05
322 1.3886111666555575e-05
323 1.805222288875558e-05
324 3.1938056833077833e-05
325 1.2497500499900018e-05
326 2.0829445222066703e-05
327 1.944055633317781e-05
328 2.08294452220667e-05
329 1.944083405541114e-05
330 1.2497500499900018e-05
331 1.6663889444333353e-05
332 1.944083405541114e-05
333 2.2217778666488927e-05
334 1.6663611722100027e-05
335 1.666333399986669e-05
336 1.5274722833211133e-05
337 9.720555888822236e-06
338 1.2498055944366679e-05
339 2.7772223333111155e-06
340 1.3886389388788908e-05
341 1.2497500499900018e-05
342 1.3886389388788908e-05
343 1.6663889444333353e-05
344 9.720555888822236e-06
345 8.331666999933345e-06
346 1.3886111666555577e-05
347 1.666333399986669e-05
348 1.805222288875558e-05
349 1.3886111666555575e-05
350 8.331666999933345e-06
351 5.554444666622231e-06
352 1.6663611722100024e-05
353 1.1109444777711123e-05
354 1.1109444777711121e-05
355 8.331666999933345e-06
356 6.94333355551112e-06
357 1.110888933324446e-05
358 1.2497500499900018e-05
