0 0.0
1 0.0
2 0.0
3 0.0
4 0.0
5 0.0
6 0.0
7 0.0
8 0.0
9 0.0
10 0.0
11 1.3886111666555577e-06
12 0.0
13 0.0
14 0.0
15 0.0
16 1.3886111666555577e-06
17 0.0
18 0.0
19 0.0
20 0.0
21 0.0
22 0.0
23 1.3886111666555577e-06
24 0.0
25 0.0
26 2.7772223333111155e-06
27 0.0
28 0.0
29 0.0
30 2.7772223333111155e-06
31 0.0
32 2.7772223333111155e-06
33 2.7772223333111155e-06
34 1.3886111666555577e-06
35 1.3886111666555577e-06
36 0.0
37 1.3886111666555577e-06
38 0.0
39 1.3886111666555577e-06
40 1.3886111666555577e-06
41 4.165833499966673e-06
42 1.3886111666555577e-06
43 5.554444666622231e-06
44 8.331666999933345e-06
45 1.110888933324446e-05
46 8.331666999933345e-06
47 1.3886111666555577e-05
48 1.2497500499900018e-05
49 1.9440556333177812e-05
50 1.1108889333244462e-05
51 1.666333399986669e-05
52 3.054944566642227e-05
53 3.7492501499700064e-05
54 4.7212779666288977e-05
55 5.693305783287789e-05
56 4.582416849963342e-05
57 8.192805883267784e-05
58 9.442555933257787e-05
59 0.00010275722633251118
60 0.0001235863938323445
61 0.00013747250549890004
62 0.00016663333999866677
63 0.0002221777866648889
64 0.0002180119531649222
65 0.0002957741784976334
66 0.00033604390233064446
67 0.0003874225154969
68 0.0004582416849963337
69 0.0005026772423293114
70 0.0005623875224955007
71 0.0006429269701615235
72 0.0007512386411606564
73 0.0008567730898264797
74 0.0009720278166588903
75 0.0010470128196582906
76 0.0011511586571574571
77 0.00128168810682308
78 0.001399720055988802
79 0.0014441556133217802
80 0.001583016729987336
81 0.0018288009064853705
82 0.0019343353551511911
83 0.0019621075784843024
84 0.002127352307316314
85 0.0021120775844831034
86 0.0022384412006487596
87 0.0024064631518140814
88 0.002312037592481503
89 0.0025508787131462603
90 0.0026050345486458267
91 0.002493945655313381
92 0.0025189406563131808
93 0.0026355839943122475
94 0.0026203092714790367
95 0.0025619876024795046
96 0.0026383612166455605
97 0.002585593992312648
98 0.002695294274478437
99 0.0027258437201448595
100 0.0026453042724788375
101 0.0027286209424781695
102 0.002706403163811682
103 0.002725843720144859
104 0.00270084871914506
105 0.00279388566731098
106 0.0029216378946432925
107 0.0029410784509764708
108 0.0029841253971427933
109 0.0029632962296429607
110 0.003023006509809148
111 0.003213246239640961
112 0.003242407074140728
113 0.003236852629474105
114 0.003189639849807815
115 0.0033562731898064825
116 0.003185474016307848
117 0.0033021173543069174
118 0.003235464018307449
119 0.0034743051389722036
120 0.003474305138972205
121 0.0033868226354729076
122 0.0034437556933057836
123 0.0033562731898064834
124 0.003324335132973406
125 0.0033396098558066173
126 0.0033548845786398273
127 0.003352107356306517
128 0.003368770690306384
129 0.0032146348508076167
130 0.0032757337421404605
131 0.003157701792974738
132 0.003238241240640762
133 0.0033160034659734717
134 0.0031563131818080825
135 0.0032090804061409924
136 0.003216023461974271
137 0.003199360127974404
138 0.0032549045746406275
139 0.00337015930147304
140 0.0032701792974738383
141 0.003331278188806683
142 0.0034701393054722383
143 0.003536792641471705
144 0.0036631562576373614
145 0.003654824590637428
146 0.00372008931547024
147 0.0038270123753027163
148 0.0038408984869692728
149 0.004067242107134128
150 0.004108900442133795
151 0.004150558777133462
152 0.004311637672465505
153 0.00449493434646404
154 0.00457963962763003
155 0.004811537692461506
156 0.004783765469128395
157 0.005204514652625027
158 0.005137861316625561
159 0.005318380768290786
160 0.005547501610788951
161 0.0056516474482881185
162 0.005732186895954141
163 0.00602934968561843
164 0.006127941078450974
165 0.0063751138661156635
166 0.006482036925948145
167 0.006595903041613899
168 0.006725043880112866
169 0.00689306583127819
170 0.006872236663778352
171 0.006974993890110868
172 0.007258270568108597
173 0.007034704170277057
174 0.007222166677775558
175 0.007390188628940881
176 0.00743879001977382
177 0.007208280566109004
178 0.0074568419649403495
179 0.007026372503277125
180 0.007168010842275992
181 0.007173565286942609
182 0.0071138550067764246
183 0.007048590281943609
184 0.007006931946943944
185 0.006826412495278721
186 0.006808360550112197
187 0.006725043880112868
188 0.006491757204114733
189 0.006520918038614498
190 0.006325123864116064
191 0.006265413583949877
192 0.006080728298784686
193 0.005772456619787152
194 0.005768290786287186
195 0.005625263836121663
196 0.005604434668621831
197 0.005278111044457775
198 0.005011497700459905
199 0.004954564642627031
200 0.00500733186695994
201 0.004778211024461772
202 0.004637961296629565
203 0.004493545735297381
204 0.004418560732297982
205 0.0042796996156324275
206 0.004108900442133796
207 0.004211657668466307
208 0.004061687662467506
209 0.004061687662467507
210 0.003863116265635761
211 0.0037075918149703413
212 0.0038159034859694715
213 0.0037325868159701387
214 0.0037450843164700386
215 0.0036173320891377276
216 0.003577062365304717
217 0.003496522917638694
218 0.003425703748139262
219 0.0034326468039725397
220 0.0034743051389722057
221 0.0035659534759714742
222 0.0034326468039725393
223 0.003535404030305049
224 0.0033993201359728067
225 0.0035048545846386287
226 0.003536792641471708
227 0.003446532915639093
228 0.0035923370881379263
229 0.0036353840343042506
230 0.0036589904241373945
231 0.0036395498678042154
232 0.0038089604301361937
233 0.0038658934879690723
234 0.003961707658468308
235 0.003990868492968071
236 0.004172776555799951
237 0.003951987380301718
238 0.004194994334466438
239 0.004589359905796616
240 0.004558810460130193
241 0.004514374902797218
242 0.004617132129129731
243 0.004693505743295781
244 0.004618520740296386
245 0.00503788131262636
246 0.004783765469128397
247 0.005078151036459374
248 0.005168410762291983
249 0.005380868270790283
250 0.0055502788331222635
251 0.005621098002621698
252 0.005872436623786354
253 0.005991857184118728
254 0.0063598391432824536
255 0.006265413583949876
256 0.0066500588771134655
257 0.006943055833277788
258 0.006875013886111664
259 0.006966662223110933
260 0.007411017796440711
261 0.007405463351774093
262 0.007627641138438977
263 0.00781371503477083
264 0.0077817769779377445
265 0.007785942811437713
266 0.00786509364793708
267 0.007906751982936744
268 0.008001177542269327
269 0.00782482392410407
270 0.0076526361394387826
271 0.007448510297940414
272 0.007329089737608033
273 0.007147181674776158
274 0.0068833455531116024
275 0.006672276655779957
276 0.006525083872114463
277 0.006201537470283718
278 0.005929369681619231
279 0.0055822168899553395
280 0.00529477437845764
281 0.004972616587793547
282 0.004758770468128594
283 0.004286642671465706
284 0.004006143215801284
285 0.0035520673643049164
286 0.0035131862516385617
287 0.0030702192894754374
288 0.002811937612477505
289 0.0025328267679797373
290 0.0023717478726476924
291 0.002180119531649225
292 0.001898231464818147
293 0.00160940034215379
294 0.0014330467239885352
295 0.0013566731098224797
296 0.0012247550489902018
297 0.0010247950409918013
298 0.0008970428136594907
299 0.0007803994756604237
300 0.0007276322513275128
301 0.0005776622453287123
302 0.00045824168499633355
303 0.00040130862716345546
304 0.00035548445866382213
305 0.0002777222333311112
306 0.00029021973383101113
307 0.00021106889733164453
308 0.00018468528516518896
309 0.0001360838943322445
310 0.00013052944966562228
311 0.00011525472683241116
312 9.99800039992001e-05
313 7.77622253327112e-05
314 7.776222533271118e-05
315 5.276722433291122e-05
316 4.026972383301119e-05
317 4.5824168499633416e-05
318 3.3326667999733394e-05
319 2.4995000999800042e-05
320 1.805194516652225e-05
321 1.666333399986669e-05
322 1.249750049990002e-05
323 1.9440556333177812e-05
324 8.331666999933345e-06
325 1.110888933324446e-05
326 5.554444666622231e-06
327 2.7772223333111155e-06
328 5.554444666622231e-06
329 5.554444666622231e-06
330 6.9430558332777885e-06
331 4.165833499966673e-06
332 5.554444666622231e-06
333 4.165833499966673e-06
334 1.3886111666555577e-06
335 0.0
336 0.0
337 0.0
338 0.0
339 0.0
340 1.3886111666555577e-06
341 0.0
342 0.0
343 0.0
344 1.3886111666555577e-06
345 1.3886111666555577e-06
346 0.0
347 0.0
348 0.0
349 0.0
350 0.0
351 0.0
352 0.0
353 0.0
354 0.0
355 0.0
356 1.3886111666555577e-06
357 0.0
358 0.0
