0 0.0003320086510768697
1 0.000338935585347409
2 0.00033755225535070057
3 0.00031532586284746447
4 0.0002944828034571195
5 0.0002930991931790854
6 0.00030005058579341015
7 0.00026810864518540155
8 0.00027226558356976483
9 0.0002889311389033875
10 0.00025698697207019876
11 0.0002222544656774293
12 0.00025698280323483043
13 0.00025142502134345077
14 0.0002486547490692419
15 0.00022781113223202824
16 0.0002611547511821549
17 0.0002208764138461303
18 0.00021253335645705308
19 0.0002041905743430289
20 0.00025143419440324245
21 0.00023058946756778604
22 0.00023475807773379637
23 0.0002403122441211616
24 0.0001986400163408936
25 0.0002125289071201392
26 0.00020975113089851739
27 0.00022226252573637618
28 0.0002222566863420494
29 0.00023614502067669516
30 0.00021253252128848436
31 0.00023475668489773886
32 0.00022086140928757292
33 0.00021253391234576387
34 0.00019447418361830406
35 0.00025698697084657507
36 0.00018891168234044908
37 0.00021531363440079653
38 0.00022642280034516354
39 0.00022085862717334827
40 0.00021253168801154128
41 0.00024309224556662897
42 0.00020975057189562605
43 0.0002528208638498666
44 0.00026392891390096307
45 0.0002444769656208839
46 0.00026392697173628724
47 0.0002708716919007631
48 0.00026948280623743237
49 0.00021808307361914964
50 0.0002958711369018752
51 0.00026670502445751983
52 0.0002583680816254433
53 0.0002889258570662397
54 0.0002639266943475873
55 0.0003139303058472649
56 0.0003167091937349301
57 0.0003028255855707432
58 0.00029170808106781886
59 0.00031392891545711945
60 0.0003167197549614443
61 0.00030283058868425583
62 0.00027920474729004134
63 0.0002930922473456745
64 0.0002986472489026096
65 0.0003222630832908861
66 0.00030282586340508864
67 0.0002958811415706096
68 0.00028754447357067663
69 0.0002875436366232631
70 0.00031810058434754234
71 0.000313935305958442
72 0.0003097769796294453
73 0.00026254030417981964
74 0.00029448169190111906
75 0.0002972680870722669
76 0.0003167141968485768
77 0.0002847647510699316
78 0.00027641779912067306
79 0.00028338391968336685
80 0.00031531474940137437
81 0.00025282085862344086
82 0.00027226085951342004
83 0.00027087641584713117
84 0.00028197919028890737
85 0.0002805905814574532
86 0.00028059363862477577
87 0.00027920613701258574
88 0.00026947668889945137
89 0.0002930939135673631
90 0.00029587169267860736
91 0.000265313081734975
92 0.0002597589105656952
93 0.0002528077978984283
94 0.00025697251928610517
95 0.0002625311325656065
96 0.00027920475006901966
97 0.00025420947279209804
98 0.000298654472012541
99 0.00033475558056642897
100 0.00029170780434625284
101 0.0003069928086826103
102 0.00028754224867916304
103 0.0002986594742377657
104 0.00030282558623867767
105 0.0003694933661272772
106 0.00032504975229177504
107 0.0003153166925672518
108 0.00036393530862657684
109 0.0003458839234627457
110 0.00032920725357092156
111 0.0003306005835681633
112 0.0003792222584629454
113 0.00035282725156894114
114 0.0004097850404660368
115 0.000408384198291953
116 0.0004347769798491985
117 0.00043617392957474534
118 0.00040146198796698105
119 0.0004500647615188005
120 0.0004792300415759689
121 0.0004431342170829849
122 0.0004681130938526462
123 0.000512572822131902
124 0.0005306278233549694
125 0.0005584044869072114
126 0.0005500769943028727
127 0.0006042597764149613
128 0.0005973097790836743
129 0.0005750853299706726
130 0.0006751025689795679
131 0.0007139992383144803
132 0.0006764697780805387
133 0.0006348114510862763
134 0.0007945736884265469
135 0.0008153939661480464
136 0.0008653956332596916
137 0.0008473514744336198
138 0.0008820692488738833
139 0.0009709717588234079
140 0.0010223945504974348
141 0.0011001653847766031
142 0.0010848720426578637
143 0.0011682084334917202
144 0.0013168604032280516
145 0.0012724137347847203
146 0.0013779687377837625
147 0.0015002176445709481
148 0.0015724648781349762
149 0.001562745156857698
150 0.0016502407099664958
151 0.0017710965604743345
152 0.001987799087434357
153 0.002026700477934189
154 0.002089193255489189
155 0.002243380770105001
156 0.0023572824429970046
157 0.00257815136023466
158 0.0026726121987380516
159 0.0028045883317484584
160 0.0030296453028204355
161 0.0031157933799996532
162 0.0033880200632276586
163 0.003575548408457289
164 0.00387000286000884
165 0.004095080696822751
166 0.0042103392930876865
167 0.004502061827162622
168 0.004603486013007975
169 0.0048951704786878965
170 0.005275800236087959
171 0.005488314970370126
172 0.005656409435828736
173 0.005788338329159578
174 0.006164808380968222
175 0.0062940164628162805
176 0.006612106479265113
177 0.006837148723838633
178 0.006952453467124965
179 0.006971872079406109
180 0.00737884736423421
181 0.007553934086827321
182 0.007563658531046498
183 0.00775668101886529
184 0.008034527707095477
185 0.008094319142408848
186 0.008295716924847374
187 0.008201233294675807
188 0.008558220284869527
189 0.008312405537573543
190 0.008341522211578281
191 0.008487368603078672
192 0.00864851918031368
193 0.008451258859446732
194 0.00847213639442183
195 0.008260945796952862
196 0.008222056628785517
197 0.008315106904836521
198 0.008081810250630178
199 0.008145689699631269
200 0.008138750788616814
201 0.007972034385222405
202 0.008006761062668559
203 0.00774002852225882
204 0.00775533408437705
205 0.007442810463758919
206 0.007545576006972183
207 0.007402520170251218
208 0.0074886118523717505
209 0.0072469418261357915
210 0.0071844148740754215
211 0.007244136818684793
212 0.00700799677822184
213 0.006980214018676224
214 0.0068579726030512725
215 0.0068524051135542
216 0.006769069554334086
217 0.006853780385278478
218 0.006666255368373907
219 0.006653802602386606
220 0.00665659650395315
221 0.006521802011691737
222 0.006577425938054496
223 0.006544019246594176
224 0.0064287553639322
225 0.006478750924608362
226 0.006407949526434502
227 0.006303728101795918
228 0.006418992565255709
229 0.006264851454588859
230 0.00604531309079285
231 0.006100903931741376
232 0.005988416975789843
233 0.006156484767908918
234 0.006114871168310801
235 0.006023121964228527
236 0.005981472263410952
237 0.00598007670685627
238 0.005764757780612049
239 0.005896713619443767
240 0.005750901422134501
241 0.005695358362190421
242 0.00564949945729017
243 0.005645321959010224
244 0.005417495544052762
245 0.005370275245647666
246 0.005453615259103458
247 0.00527719356897729
248 0.005256358298483282
249 0.005392511667177793
250 0.005072997719471853
251 0.0051382677236941655
252 0.005166052722915143
253 0.004828494915233222
254 0.004886859930688006
255 0.004814590735951567
256 0.004667372945939993
257 0.004653492954060475
258 0.004756273525741664
259 0.004511795444219031
260 0.004463124863540182
261 0.004477093781224725
262 0.004538198222110078
263 0.0043742668151561925
264 0.0043826037728877
265 0.0043465315548937246
266 0.0043131498615429165
267 0.004349269322776013
268 0.004308951521644753
269 0.004308998767551277
270 0.004332625159277783
271 0.004375657653549365
272 0.004279798470816301
273 0.004117280953089113
274 0.004339527089431805
275 0.004252047090544583
276 0.004265927358594521
277 0.004460395713382264
278 0.0043215076507685845
279 0.004450712970297949
280 0.004439560993776768
281 0.0045798523911674705
282 0.004510421837839762
283 0.00456315265143312
284 0.0046937849219060475
285 0.004568758498606466
286 0.004831351608699501
287 0.004625729084518015
288 0.0048174290975217466
289 0.004739615751849188
290 0.004803486849839541
291 0.004954927161030747
292 0.004818792139234397
293 0.004939604918567776
294 0.00468683462094629
295 0.004742412428080243
296 0.00461180432554665
297 0.004559051572342241
298 0.004654884345785664
299 0.00457982294183363
300 0.004502111854071261
301 0.004372871548107788
302 0.004365978229451574
303 0.00417285652921036
304 0.003836700101131981
305 0.003940881781362605
306 0.0038116906492381094
307 0.0037186328795796256
308 0.003556139252519856
309 0.0034185975630605333
310 0.003311607263660475
311 0.0029573833470934907
312 0.002846252218634365
313 0.002810154446751482
314 0.002676795531400978
315 0.0025254027582949853
316 0.0024628649586161326
317 0.0022989274282079492
318 0.002190622724391975
319 0.001928104091659334
320 0.001954462414540464
321 0.0019002999162647206
322 0.0017558310043619765
323 0.0016099746075283238
324 0.0014946815337926111
325 0.001386340698738825
326 0.0013043654031178076
327 0.0013460306888448453
328 0.0011724009462215123
329 0.0011765865060021816
330 0.001084885662832815
331 0.0010265589947210368
332 0.0010015309282143765
333 0.0009932167684965235
334 0.00088208731115445
335 0.0007876264662053481
336 0.0007848625871019979
337 0.000734825350313057
338 0.0007334614666521948
339 0.0006917856327080499
340 0.0006584139440261063
341 0.000626488397588355
342 0.0005667603390885231
343 0.0005903858970901006
344 0.0005959275587520085
345 0.0005389558762975351
346 0.0004723128336970421
347 0.000527850325411804
348 0.00041534865774647145
349 0.00044589865374444824
350 0.000444518379245059
351 0.0004959164469769225
352 0.00043479059690910174
353 0.00041672892990925756
354 0.0003889475365182897
355 0.0003833955982437916
356 0.0003861655924627011
357 0.0003639528147962778
358 0.0003681036440716214
