0 0.0
1 0.0
2 0.0
3 2.7772223333111155e-06
4 0.0
5 0.0
6 1.3886111666555577e-06
7 4.165833499966673e-06
8 4.165833499966673e-06
9 4.165833499966673e-06
10 4.165833499966673e-06
11 1.3886111666555577e-06
12 2.7772223333111155e-06
13 6.9430558332777885e-06
14 5.554444666622231e-06
15 5.554444666622231e-06
16 5.554444666622231e-06
17 1.2497500499900018e-05
18 1.2497500499900018e-05
19 5.554444666622231e-06
20 1.2497500499900018e-05
21 8.331666999933345e-06
22 1.805194516652225e-05
23 2.3606389833144485e-05
24 2.777222333311116e-05
25 3.1938056833077833e-05
26 3.8881112666355625e-05
27 3.332666799973339e-05
28 6.387611366615564e-05
29 8.887111466595563e-05
30 0.00011664333799906671
31 0.00010831167099913341
32 0.0001485813948321445
33 0.00017079917349863336
34 0.00020690306383167777
35 0.00023050945366482218
36 0.0003041058454975666
37 0.0003207691794974333
38 0.0004221377946632889
39 0.00046796196316292233
40 0.0005651647448288119
41 0.0006526472483281121
42 0.0008345553111599906
43 0.0009359239263258456
44 0.0012219778266568905
45 0.0014552645026550239
46 0.0015802395076540245
47 0.0018371325734853027
48 0.0022828767579817374
49 0.0025786509364793707
50 0.002714734830811614
51 0.0033368326334733043
52 0.003609000422137794
53 0.004083905441133996
54 0.004626852407296319
55 0.005076762425292718
56 0.005666922171121328
57 0.006125163856117663
58 0.0066944944344464455
59 0.0070499788931102664
60 0.007538770023773021
61 0.00799006865293608
62 0.008483025617098803
63 0.008899608967095464
64 0.008945433135595104
65 0.009200937590259722
66 0.009610577884423106
67 0.009481437045924142
68 0.00943977871092448
69 0.009246761758759358
70 0.00915511342176009
71 0.008755193405763292
72 0.00875241618342998
73 0.00839970894709947
74 0.008058110600102203
75 0.00744434446444044
76 0.006798640271945607
77 0.006483425537114796
78 0.005979359683618832
79 0.005322546601790752
80 0.005160079095292051
81 0.0044754937901308614
82 0.003961707658468306
83 0.0036700993134706392
84 0.0031257637361416612
85 0.002881368170810283
86 0.002477282321313514
87 0.002139849807816214
88 0.0019218378546512918
89 0.0016580017329867374
90 0.0014316581128218805
91 0.001224755048990201
92 0.0010553444866582239
93 0.0009428669821591244
94 0.0007470728076606902
95 0.0007095803061609899
96 0.0005832166899953342
97 0.0005193405763291784
98 0.00042769223932991117
99 0.0004026972383301111
100 0.00031938056833077786
101 0.00028327667799773326
102 0.00022634362016485566
103 0.00020551445266502226
104 0.00017357639583194442
105 0.00016385611766535558
106 0.0001374725054989001
107 0.00011803194916572229
108 0.000124975004999
109 0.00012775222733231117
110 7.637361416605563e-05
111 8.609389233264455e-05
112 9.998000399920007e-05
113 5.832166899953344e-05
114 8.053944766602232e-05
115 8.331666999933343e-05
116 5.4155835499566774e-05
117 4.8601390832944544e-05
118 5.554444666622232e-05
119 4.99900019996001e-05
120 5.137861316625565e-05
121 6.665333599946676e-05
122 6.109889133284455e-05
123 5.137861316625565e-05
124 6.109889133284455e-05
125 4.582416849963342e-05
126 4.8601390832944544e-05
127 6.80419471661223e-05
128 6.943055833277787e-05
129 7.776222533271117e-05
130 6.80419471661223e-05
131 8.609389233264452e-05
132 9.998000399920012e-05
133 0.00010136861516585564
134 0.00013052944966562225
135 0.00012358639383234452
136 0.00011942056033237786
137 0.00017357639583194455
138 0.00018190806283187785
139 0.00022495500899820002
140 0.00026105889933124445
141 0.0002652247328312112
142 0.0003457641804972334
143 0.0003582616809971335
144 0.0004276922393299112
145 0.000520729187495834
146 0.0005554444666622227
147 0.0006568130818280785
148 0.0007776222533271126
149 0.0009595303161589905
150 0.0010817280988246797
151 0.0013275122753227137
152 0.001473316447821547
153 0.0015857939523206482
154 0.0019357239663178474
155 0.0021703992534826367
156 0.0025800395476460254
157 0.0027758337221444602
158 0.0032410184629740706
159 0.003717312093136931
160 0.004154724610633428
161 0.0047198893554622375
162 0.005182296873958542
163 0.005772456619787152
164 0.00658895998578062
165 0.00698610277944411
166 0.007848430313937215
167 0.008538570063765025
168 0.0093203581505921
169 0.009692505943255792
170 0.010593714590415245
171 0.011575462685240725
172 0.011912895198738026
173 0.012643304672398853
174 0.012696071896731767
175 0.013673654158057278
176 0.013947210557888421
177 0.014145781954720172
178 0.014256870848052617
179 0.014377680019551645
180 0.014529038636717105
181 0.014449887800217732
182 0.013972205558888222
183 0.014161056677553387
184 0.01360977804439112
185 0.012743284676398056
186 0.012539158834899687
187 0.011947610477904418
188 0.011297740451909608
189 0.010747850429914017
190 0.009875802617254327
191 0.009256482036925947
192 0.008534404230265054
193 0.007803994756604236
194 0.00701526361394388
195 0.006405663311782087
196 0.0057905085649536765
197 0.005114254926792416
198 0.004625463796129661
199 0.004206103223799685
200 0.0035270723633051173
201 0.003206303183807682
202 0.002832766779977336
203 0.0025078317669799365
204 0.0021912284209824697
205 0.001899620075984803
206 0.0017066031238196799
207 0.0014219378346552907
208 0.0012400297718234133
209 0.001116443377991068
210 0.0009511986491590569
211 0.0008456642004932347
212 0.0006998600279944009
213 0.0005443355773289783
214 0.0005318380768290783
215 0.0004610189073296445
216 0.0003888111266635557
217 0.00029299695616432226
218 0.0002749450109978
219 0.00026244751049790005
220 0.00020551445266502228
221 0.0001971827856650889
222 0.00017218778466528896
223 0.00012636361616565558
224 0.0001374725054989001
225 9.581417049923344e-05
226 0.00011108889333244452
227 9.859139283254452e-05
228 9.025972583261121e-05
229 6.943055833277786e-05
230 7.081916949943342e-05
231 6.80419471661223e-05
232 7.637361416605564e-05
233 6.248750249950011e-05
234 6.24875024995001e-05
235 5.137861316625565e-05
236 4.999000199960009e-05
237 6.526472483281122e-05
238 4.3046946166322294e-05
239 4.5824168499633416e-05
240 4.8601390832944544e-05
241 5.971028016618898e-05
242 5.415583549956677e-05
243 5.1378613166255646e-05
244 4.721277966628898e-05
245 6.387611366615567e-05
246 7.220778066608899e-05
247 8.331666999933341e-05
248 8.053944766602233e-05
249 8.4705281165989e-05
250 9.581417049923341e-05
251 0.00010136861516585562
252 0.000134695283165589
253 0.00014302695016552225
254 0.00015691306183207788
255 0.00020690306383167777
256 0.00022912084249816672
257 0.00023050945366482226
258 0.0002957741784976334
259 0.0003429869581639222
260 0.0003735364038303444
261 0.00048323668599613376
262 0.000501288631162656
263 0.0006318180808282787
264 0.0006318180808282789
265 0.0007526272523273124
266 0.0009248150369926012
267 0.0010428469861583235
268 0.0012358639383234463
269 0.0014233264458219468
270 0.0016288408984869696
271 0.001917672021151326
272 0.002110688973316446
273 0.0025008887111466578
274 0.0028924770601435248
275 0.0032090804061409945
276 0.0036353840343042476
277 0.00402974960563443
278 0.004418560732297982
279 0.004928181030460575
280 0.005544724388455639
281 0.00596686218311893
282 0.006562576373614165
283 0.007015263613943879
284 0.0074485102979404095
285 0.0080956031016019
286 0.008559399231264853
287 0.008596891732764551
288 0.008841287298095935
289 0.009356462040925146
290 0.009371736763758357
291 0.009581417049923345
292 0.009643904552422847
293 0.00954670177075696
294 0.009187051478593172
295 0.008809349241262861
296 0.008719089515430252
297 0.008506632006931952
298 0.0082830656091004
299 0.007336032793441313
300 0.007304094736608234
301 0.006584794152280655
302 0.006251527472283325
303 0.005540558554955673
304 0.005093425759292585
305 0.004579639627630027
306 0.004172776555799947
307 0.0036131662556377637
308 0.0034159834699726706
309 0.0029216378946432925
310 0.00247589371014686
311 0.0023273123153147142
312 0.00190378590948477
313 0.0015552445066542248
314 0.0014011086671554581
315 0.0011830967139905353
316 0.0009900797618254125
317 0.0008040058654935683
318 0.0006887511386611567
319 0.000567941967162123
320 0.0005179519651625226
321 0.0004124175164967002
322 0.0003332666799973333
323 0.00030688306783087767
324 0.00022634362016485566
325 0.0001860738963318445
326 0.00015830167299873334
327 0.00011942056033237786
328 0.00011525472683241118
329 7.498500299940006e-05
330 8.053944766602229e-05
331 6.109889133284453e-05
332 5.2767224332911213e-05
333 4.443555733297787e-05
334 3.749250149970007e-05
335 2.916083449976672e-05
336 1.944055633317781e-05
337 1.805194516652225e-05
338 1.5274722833211133e-05
339 6.9430558332777885e-06
340 1.110888933324446e-05
341 9.720278166588903e-06
342 1.3886111666555575e-05
343 1.3886111666555577e-06
344 8.331666999933345e-06
345 4.165833499966673e-06
346 1.3886111666555577e-06
347 6.9430558332777885e-06
348 4.165833499966673e-06
349 0.0
350 2.7772223333111155e-06
351 0.0
352 1.3886111666555577e-06
353 2.7772223333111155e-06
354 0.0
355 0.0
356 1.3886111666555577e-06
357 1.3886111666555577e-06
358 1.3886111666555577e-06
