0 1.3886111666555577e-06
1 0.0
2 0.0
3 2.7772223333111155e-06
4 0.0
5 4.165833499966673e-06
6 1.3886111666555577e-06
7 2.7772223333111155e-06
8 5.554444666622231e-06
9 1.3886111666555577e-06
10 4.165833499966673e-06
11 2.7772223333111155e-06
12 1.3886111666555577e-06
13 5.554444666622231e-06
14 2.7772223333111155e-06
15 6.9430558332777885e-06
16 2.7772223333111155e-06
17 1.3886111666555577e-06
18 5.554444666622231e-06
19 8.331666999933345e-06
20 1.3886111666555575e-05
21 1.666333399986669e-05
22 1.2497500499900018e-05
23 2.2217778666488927e-05
24 2.777222333311116e-05
25 2.9160834499766715e-05
26 2.7772223333111154e-05
27 4.165833499966674e-05
28 5.6933057832877876e-05
29 6.943055833277784e-05
30 8.887111466595566e-05
31 8.609389233264453e-05
32 0.00013886111666555563
33 0.00015274722833211115
34 0.00019301695216512228
35 0.00018746250749850012
36 0.0002555044546646223
37 0.0003291008464973666
38 0.0004401897398298113
39 0.0004832366859961339
40 0.0005457241884956341
41 0.0006915283609944676
42 0.0008137261436601574
43 0.0009456442044924345
44 0.0011942056033237805
45 0.0013400097758226137
46 0.001614954786820415
47 0.0018621275744851035
48 0.0021995600879824023
49 0.002402297318314114
50 0.0029327467839765373
51 0.003281288186807083
52 0.0036562132018040827
53 0.004081128218800687
54 0.004529649625630425
55 0.0050476015907929515
56 0.00555999911128885
57 0.00594464440445244
58 0.0064959230376147
59 0.007037481392610367
60 0.007615143637939083
61 0.007938690039769823
62 0.008506632006931943
63 0.008828789797596034
64 0.009182885645093203
65 0.009378679819591638
66 0.009492545935257397
67 0.009416172321091336
68 0.009534204270257059
69 0.009666122331089336
70 0.009102346197427181
71 0.009085682863427308
72 0.008601057566264527
73 0.008624663956097662
74 0.007838710035770627
75 0.007560987802439513
76 0.0071249638961096646
77 0.00658618276344731
78 0.0060474016307849555
79 0.005716912173120929
80 0.005048990201959602
81 0.004587971294629962
82 0.004088071274633962
83 0.0035548445866382277
84 0.0034229265258059497
85 0.003132706791974938
86 0.002689739829811814
87 0.002313426203648159
88 0.0020259836921504588
89 0.001705214512653025
90 0.0015344153391543915
91 0.0011983714368237466
92 0.0010831167099913358
93 0.0010220178186584907
94 0.0008692705903263794
95 0.0006651447488280125
96 0.0006137661356617565
97 0.0004999000199960007
98 0.00047629363016285585
99 0.0004026972383301111
100 0.0003152147348308113
101 0.0002985514008309445
102 0.00023189806483147788
103 0.00021801195316492229
104 0.00019857139683174445
105 0.00013608389433224455
106 0.00014719278366548893
107 0.0001083116709991334
108 0.00012636361616565563
109 0.00011803194916572227
110 0.00010692305983247787
111 0.00010136861516585566
112 9.859139283254451e-05
113 6.804194716612232e-05
114 5.832166899953344e-05
115 7.081916949943344e-05
116 5.971028016618899e-05
117 4.860139083294454e-05
118 6.387611366615567e-05
119 5.971028016618898e-05
120 4.5824168499633416e-05
121 6.526472483281122e-05
122 5.693305783287789e-05
123 5.832166899953344e-05
124 6.387611366615565e-05
125 8.192805883267784e-05
126 6.109889133284455e-05
127 5.971028016618898e-05
128 7.637361416605563e-05
129 7.498500299940009e-05
130 7.081916949943341e-05
131 8.331666999933338e-05
132 0.00010275722633251122
133 0.00012219778266568898
134 0.00011803194916572229
135 0.00013191806083227785
136 0.00017496500699860007
137 0.0001763536181652556
138 0.0001999600079984
139 0.0001916283409984667
140 0.00026105889933124445
141 0.0003054944566642223
142 0.00033465529116398886
143 0.00040825168299673343
144 0.0004388011286631556
145 0.0005026772423293117
146 0.0006096003021617901
147 0.0006929169721611236
148 0.0007679019751605236
149 0.0008595503121597906
150 0.001085893932324646
151 0.001213646159656957
152 0.001413606167655357
153 0.0016732764558199473
154 0.001877402297318314
155 0.002131518140816281
156 0.0025897598258126154
157 0.0028508187251438605
158 0.0031826967939745385
159 0.0036048345886378294
160 0.004089459885800618
161 0.004669899353462638
162 0.005126752427292314
163 0.005841887178119929
164 0.006309849141282853
165 0.0070472016707769525
166 0.007660967806438712
167 0.008652436179430782
168 0.009220378146592902
169 0.009816092337088137
170 0.010206292074918345
171 0.011256082116909946
172 0.01197538270123753
173 0.01221561243306894
174 0.012723844120064874
175 0.013340387478059941
176 0.01358617165455798
177 0.014192994734386455
178 0.014124952787220334
179 0.014194383345553115
180 0.014523484192050481
181 0.014206880846053017
182 0.013930547223888553
183 0.013794463329556313
184 0.013193194694394457
185 0.012784943011397721
186 0.012512775222733223
187 0.011914283809904683
188 0.01113110711191095
189 0.010690917372081131
190 0.00999661178875336
191 0.009125952587260323
192 0.008428869781599235
193 0.007706791974938346
194 0.0070735852829434155
195 0.006538969983781022
196 0.005683585505121196
197 0.005242007154124727
198 0.004610189073296448
199 0.00421582350196627
200 0.003606223199804482
201 0.0030938256793085813
202 0.0027619476104779033
203 0.002489779821813414
204 0.002310648981314849
205 0.0019037859094847692
206 0.0017121575684863031
207 0.001337232553489302
208 0.0012900197738230134
209 0.0010303494856584237
210 0.0009053744806594237
211 0.0007692905863271792
212 0.0007234664178275456
213 0.0005498900219956008
214 0.0004999000199960005
215 0.0004374125174965
216 0.0003485414028305446
217 0.00032632362416405556
218 0.0002832766779977333
219 0.00024161834299806675
220 0.00024022973183141113
221 0.00017357639583194453
222 0.00016107889533204455
223 0.00014163833899886677
224 0.0001360838943322445
225 0.00012914083849896677
226 0.00010136861516585566
227 9.025972583261117e-05
228 7.77622253327112e-05
229 7.220778066608898e-05
230 7.49850029994001e-05
231 7.220778066608898e-05
232 5.554444666622232e-05
233 7.081916949943341e-05
234 5.5544446666222335e-05
235 7.915083649936674e-05
236 6.109889133284456e-05
237 5.693305783287789e-05
238 5.554444666622232e-05
239 5.6933057832877876e-05
240 5.554444666622232e-05
241 5.832166899953343e-05
242 5.137861316625566e-05
243 6.665333599946676e-05
244 4.860139083294453e-05
245 9.02597258326112e-05
246 6.80419471661223e-05
247 9.164833699926674e-05
248 7.498500299940011e-05
249 9.025972583261118e-05
250 8.609389233264453e-05
251 0.00012497500499900006
252 0.00014441556133217785
253 0.0001583016729987333
254 0.00018329667399853336
255 0.0001916283409984667
256 0.0002277322313315112
257 0.000247172787664689
258 0.0002791108444977668
259 0.00031521473483081124
260 0.0004082516829967333
261 0.00042352640582994454
262 0.0005443355773289783
263 0.0006262636361616568
264 0.0006943055833277793
265 0.0008484414228265457
266 0.000938701148659157
267 0.0011067230998244792
268 0.0012705792174898351
269 0.0014899797818214134
270 0.0016885511786531588
271 0.0019579417449843367
272 0.0021815081428158793
273 0.0024828367659801374
274 0.002998011508809351
275 0.0033465529116398956
276 0.00358261680997134
277 0.004207491834966339
278 0.004637961296629561
279 0.005205903263791685
280 0.005576662445288719
281 0.0060140749627852225
282 0.006743095825279388
283 0.007068030838276788
284 0.007584594192272653
285 0.007856761980937143
286 0.008510797840431914
287 0.008796851740762958
288 0.009292585927258996
289 0.009398120375924808
290 0.009461996489590965
291 0.009442555933257789
292 0.00968834010975582
293 0.00957308538292341
294 0.009305083427758893
295 0.009020418138594501
296 0.00874269590526339
297 0.008417760892265987
298 0.007919249483436645
299 0.007601257526272522
300 0.007154124730609435
301 0.0065917372081139335
302 0.006165433579950672
303 0.005672476615787953
304 0.004976782421293517
305 0.0045365926814637065
306 0.004183885445133196
307 0.003650658757137462
308 0.00322296651780755
309 0.0028230465018107484
310 0.0024259037081472584
311 0.002141238418982869
312 0.001919060632317981
313 0.0015635761736541574
314 0.0012983514408229462
315 0.0011317181008242794
316 0.0009748050389922013
317 0.0007915083649936678
318 0.0007373525294941018
319 0.0006401497478282122
320 0.0004943455753293783
321 0.000434635295163189
322 0.00030132862316425556
323 0.00029716278966428894
324 0.00023606389833144458
325 0.0002110688973316445
326 0.00013191806083227787
327 0.00013469528316558896
328 0.00010136861516585567
329 6.665333599946676e-05
330 6.665333599946676e-05
331 4.999000199960009e-05
332 2.2217778666488927e-05
333 4.8601390832944544e-05
334 3.3326667999733394e-05
335 2.3606389833144485e-05
336 1.944055633317781e-05
337 1.5274722833211133e-05
338 9.720278166588903e-06
339 1.2497500499900018e-05
340 1.110888933324446e-05
341 1.3886111666555575e-05
342 6.9430558332777885e-06
343 4.165833499966673e-06
344 2.7772223333111155e-06
345 9.720278166588904e-06
346 4.165833499966673e-06
347 5.554444666622231e-06
348 2.7772223333111155e-06
349 4.165833499966673e-06
350 2.7772223333111155e-06
351 6.9430558332777885e-06
352 2.7772223333111155e-06
353 5.554444666622231e-06
354 1.3886111666555577e-06
355 1.3886111666555577e-06
356 2.7772223333111155e-06
357 0.0
358 2.7772223333111155e-06
