0 0.0
1 1.3886111666555577e-06
2 0.0
3 2.7772223333111155e-06
4 0.0
5 1.3886111666555577e-06
6 1.3886111666555577e-06
7 0.0
8 0.0
9 0.0
10 2.7772223333111155e-06
11 5.554444666622231e-06
12 4.165833499966673e-06
13 2.7772223333111155e-06
14 1.3886111666555577e-06
15 6.9430558332777885e-06
16 4.165833499966673e-06
17 6.9430558332777885e-06
18 6.9430558332777885e-06
19 1.805194516652225e-05
20 9.720278166588903e-06
21 1.5274722833211136e-05
22 1.666333399986669e-05
23 2.4995000999800042e-05
24 3.054944566642228e-05
25 3.193805683307784e-05
26 5.137861316625565e-05
27 6.665333599946676e-05
28 5.6933057832877876e-05
29 9.442555933257783e-05
30 9.442555933257783e-05
31 0.00013469528316558896
32 0.00015413583949876666
33 0.00016802195116532226
34 0.0002430069541647223
35 0.0002888311226643555
36 0.0003749250149969999
37 0.0003999200159968
38 0.0005068430758292783
39 0.000602657246328512
40 0.0006554244706614235
41 0.0008165033659934682
42 0.001006743095825279
43 0.0011636561576573571
44 0.0012622475504899023
45 0.0015010886711546566
46 0.0016357839543202468
47 0.0018468528516518924
48 0.002071807860650091
49 0.002355084538647825
50 0.0025592103801461903
51 0.0027577817769779377
52 0.0030202292874758384
53 0.003172976515807949
54 0.0034854140283054513
55 0.0038256237641360624
56 0.0037797995956364273
57 0.003917272101135329
58 0.004197771556799748
59 0.004433835455131194
60 0.0046365726854629054
61 0.004512986291630561
62 0.004693505743295782
63 0.00482820102646137
64 0.004892077140127528
65 0.004768490746295182
66 0.0049101290852940505
67 0.004843475749294584
68 0.004822646581794751
69 0.004631018240796283
70 0.004726832411295516
71 0.004517152125130525
72 0.00417277655579995
73 0.0039658734919682725
74 0.003863116265635763
75 0.0037770223733031155
76 0.0035270723633051134
77 0.0033396098558066186
78 0.003218800684307583
79 0.002963296229642959
80 0.0029119176164767043
81 0.002725843720144861
82 0.0025147748228132156
83 0.0022787109244817704
84 0.0021051345286498264
85 0.001964884800817613
86 0.0017996400719856027
87 0.0017079917349863357
88 0.0014580417249883363
89 0.001459430336154991
90 0.0012858539403230466
91 0.0011955942144904353
92 0.0010900597658246123
93 0.0009373125374925016
94 0.0009081517029927346
95 0.0007651247528272124
96 0.0007665133639938678
97 0.0006984714168277455
98 0.0006109889133284453
99 0.000577662245328712
100 0.0004874025194961003
101 0.0004999000199960003
102 0.0004040858494967666
103 0.00036520473683041124
104 0.00035548445866382224
105 0.0003596502921637889
106 0.00029577417849763335
107 0.00026800195516452226
108 0.00027077917749783345
109 0.00021801195316492226
110 0.00019857139683174445
111 0.00022217778666488896
112 0.00019718278566508893
113 0.00018468528516518885
114 0.00016385611766535563
115 0.00018190806283187777
116 0.00018468528516518896
117 0.00015691306183207785
118 0.00015274722833211117
119 0.0001652447288320112
120 0.00014024972783221117
121 0.00014719278366548893
122 0.0001513586171654556
123 0.00017496500699860007
124 0.00012914083849896674
125 0.00011942056033237785
126 0.0001291408384989668
127 0.00014024972783221115
128 0.0001555244506654223
129 0.00017218778466528893
130 0.00016107889533204455
131 0.0002110688973316445
132 0.0002124575084983001
133 0.00024995000999800007
134 0.00021245750849830001
135 0.000249950009998
136 0.0002846652891643889
137 0.00031243751249750005
138 0.0003735364038303445
139 0.0003860339043302444
140 0.00046657335199626684
141 0.0004457441844964337
142 0.0005512786331622563
143 0.0005984914128285457
144 0.000676253638161257
145 0.0008387211446599569
146 0.000901208647159457
147 0.0011067230998244796
148 0.0011511586571574574
149 0.001353895887489168
150 0.0015316381168210811
151 0.0017885311826523588
152 0.0020495900819836026
153 0.0024189606523139797
154 0.002648081494812148
155 0.003060499011308848
156 0.0035534559754715716
157 0.00393532404630185
158 0.00442828101046457
159 0.005237841320624761
160 0.005728021062454174
161 0.006434824146281858
162 0.007165233619942678
163 0.008181696993934544
164 0.008881557021928945
165 0.010020218178586504
166 0.010835332933413313
167 0.011953164922571041
168 0.01291547246106334
169 0.013854173609722506
170 0.015110866715545778
171 0.016131495923037618
172 0.016984103179364125
173 0.01797557155235619
174 0.019054522428847573
175 0.01941833855451132
176 0.020207069697171672
177 0.020445910817836435
178 0.02034731942500389
179 0.02106523139816481
180 0.020855551111999812
181 0.02079861805416694
182 0.020290386367171006
183 0.020026550245506456
184 0.019310026883512178
185 0.018529627407851773
186 0.017602035148525853
187 0.017010486791530582
188 0.01616759981337066
189 0.01502477282321315
190 0.013997200559888021
191 0.012980737185896147
192 0.011986491590570776
193 0.011049179053078267
194 0.010059099291252857
195 0.009005143415761297
196 0.008216412273100934
197 0.007440178630940478
198 0.006709769157279653
199 0.005771068008620497
200 0.005254504654624629
201 0.004487991290630763
202 0.003979759603634826
203 0.0034423670821391284
204 0.003074385122975404
205 0.002710568997311649
206 0.0023814681508142806
207 0.0021023573063165147
208 0.0017829767379857362
209 0.0015816281188206801
210 0.0013247350529894029
211 0.0011914283809904688
212 0.0011067230998244788
213 0.0009817480948254797
214 0.0007998400319936014
215 0.0007331866959941345
216 0.0006290408584949676
217 0.0005887711346619564
218 0.00048184807482947795
219 0.0004193605723299777
220 0.0003735364038303445
221 0.00039992001599680003
222 0.0003152147348308111
223 0.00025967028816458886
224 0.0002777222333311112
225 0.00022773223133151126
226 0.00020690306383167783
227 0.00019857139683174447
228 0.00019718278566508896
229 0.00018051945166522223
230 0.00016107889533204447
231 0.0001638561176653556
232 0.0001388611166655556
233 0.0001333066719989334
234 0.0001235863938323445
235 0.00013886111666555558
236 0.00014024972783221115
237 0.00015413583949876674
238 0.00015135861716545563
239 0.00016663333999866671
240 0.00014302695016552225
241 0.0001360838943322445
242 0.0001624675064987
243 0.00018051945166522228
244 0.00015969028416538893
245 0.0001541358394987667
246 0.0001846852851651889
247 0.00018190806283187782
248 0.00019023972983181123
249 0.00021523473083161118
250 0.00022078917549823334
251 0.00021523473083161115
252 0.0002943855673309778
253 0.0002985514008309445
254 0.00033048945766402224
255 0.000340209735830611
256 0.00040408584949676654
257 0.00048184807482947795
258 0.0004957341864960337
259 0.0004693505743295779
260 0.0006387611366615566
261 0.0005929369681619232
262 0.0006568130818280787
263 0.000738741140660757
264 0.0007734564198271453
265 0.0009137061476593572
266 0.0009484214268257463
267 0.0010567330978248797
268 0.001173376435823946
269 0.001276133662156457
270 0.0014608189473216474
271 0.0015524672843209141
272 0.001692717012153125
273 0.0019065631318180803
274 0.002055144526650225
275 0.002064864804816814
276 0.0024106289853140475
277 0.002535603990313048
278 0.002660578995312048
279 0.0028188806683107806
280 0.0031160434579750704
281 0.003385434024306251
282 0.0033423870781399273
283 0.0035978915328045494
284 0.0038478415428025506
285 0.0038839454331355936
286 0.004128340998466972
287 0.00443244684396454
288 0.004392177120131528
289 0.00461018907329645
290 0.004589359905796617
291 0.0047976515807949495
292 0.0050337154791263924
293 0.004825423804128064
294 0.004765713523961874
295 0.004771267968628492
296 0.0048351440822946515
297 0.004728221022462172
298 0.004639349907796218
299 0.004686562687462506
300 0.004449110177964409
301 0.004133895443133596
302 0.004031138216801084
303 0.0038978315448021505
304 0.0037311982048034856
305 0.0034201493034726393
306 0.003204914572641027
307 0.0030007887311426598
308 0.0027702792774778376
309 0.0026203092714790354
310 0.0023064831478148812
311 0.00213151814081628
312 0.001820469239485435
313 0.0016982714568197473
314 0.0014108289453220462
315 0.001376113666155657
316 0.001165044768824013
317 0.0010400697638250124
318 0.0008234464218267459
319 0.0007220778066608907
320 0.0006276522473283122
321 0.0005054544646626226
322 0.00041102890533004457
323 0.00032632362416405546
324 0.00028605390033104445
325 0.00022078917549823334
326 0.00021245750849830001
327 0.00014858139483214447
328 0.00013747250549890006
329 0.000109700282165789
330 8.748250349930009e-05
331 7.359639183274455e-05
332 6.804194716612232e-05
333 4.99900019996001e-05
334 3.332666799973339e-05
335 3.193805683307784e-05
336 2.6383612166455603e-05
337 1.944055633317781e-05
338 1.5274722833211133e-05
339 1.3886111666555575e-05
340 1.110888933324446e-05
341 1.3886111666555575e-05
342 1.110888933324446e-05
343 6.9430558332777885e-06
344 2.7772223333111155e-06
345 5.554444666622231e-06
346 2.7772223333111155e-06
347 4.165833499966673e-06
348 4.165833499966673e-06
349 4.165833499966673e-06
350 1.3886111666555577e-06
351 1.3886111666555577e-06
352 1.3886111666555577e-06
353 2.7772223333111155e-06
354 1.3886111666555577e-06
355 1.3886111666555577e-06
356 1.3886111666555577e-06
357 4.165833499966673e-06
358 1.3886111666555577e-06
