0 1.3886111666555577e-06
1 0.0
2 1.3886111666555577e-06
3 1.3886111666555577e-06
4 0.0
5 0.0
6 4.165833499966673e-06
7 4.165833499966673e-06
8 2.7772223333111155e-06
9 1.3886111666555577e-06
10 2.7772223333111155e-06
11 0.0
12 4.165833499966673e-06
13 0.0
14 4.165833499966673e-06
15 6.9430558332777885e-06
16 0.0
17 4.165833499966673e-06
18 6.9430558332777885e-06
19 4.165833499966673e-06
20 1.3886667111022237e-05
21 1.2497500499900018e-05
22 1.666333399986669e-05
23 2.9160834499766715e-05
24 1.805194516652225e-05
25 2.4995000999800042e-05
26 4.0269723833011185e-05
27 4.165861272190008e-05
28 4.5824168499633416e-05
29 7.359639183274453e-05
30 8.331666999933345e-05
31 7.498500299940009e-05
32 0.0001221980603879223
33 0.00013886111666555563
34 0.00015969083960985558
35 0.0001999605634428667
36 0.0002471741762758556
37 0.0003054958452753889
38 0.00029716390055322225
39 0.0004179736274967222
40 0.0004929589082183558
41 0.0005721091892732564
42 0.0006484825257170785
43 0.000817894754382457
44 0.0008678839232153575
45 0.0009442578151036459
46 0.0010817308760470126
47 0.001263639494323357
48 0.0013830606101002008
49 0.0014788753360439016
50 0.0016899436779310797
51 0.0018926836854851257
52 0.0020759800817614256
53 0.0022662217556488704
54 0.002475901208647158
55 0.002666140660756738
56 0.002782784276478037
57 0.0029341434490879593
58 0.003082724843920104
59 0.00335627957741785
60 0.003497918194138949
61 0.0035520762514163837
62 0.003621506532026929
63 0.0036867715345819743
64 0.003806192650358817
65 0.003761760703414875
66 0.0038395198738030165
67 0.00377703181585905
68 0.0038381323735252933
69 0.00388395765291386
70 0.0038617426514697068
71 0.0037589820924703926
72 0.0036548343109155945
73 0.0035187509720278174
74 0.003443766524472885
75 0.0033771115221400156
76 0.003164655402252881
77 0.002898039836477149
78 0.002724462052034037
79 0.002648088437867983
80 0.0025050637094803244
81 0.00245090454131396
82 0.0021106964718167467
83 0.0020759786931502586
84 0.0019496178542069361
85 0.0017871478482081355
86 0.0017274359017085468
87 0.0015635806172098912
88 0.0013566761647670466
89 0.0012719711613232909
90 0.0011789328245462019
91 0.0010997833766580017
92 0.0009859178164367132
93 0.0008928794796596237
94 0.0006956964162723012
95 0.0007484630851607457
96 0.000649872247772668
97 0.0005804414117176563
98 0.0005846072452176227
99 0.00048462668577395573
100 0.0004068633495523113
101 0.00042491585016330016
102 0.0003485419582750111
103 0.0003610400142193779
104 0.0003041072341087333
105 0.00027633389988668895
106 0.0002596711213312889
107 0.00023467556488702236
108 0.00023328750916483344
109 0.00021940084205381117
110 0.0001791316736652667
111 0.00019440584105401116
112 0.00017635417360972226
113 0.0001763541736097223
114 0.00016802333977648893
115 0.00015969111733208898
116 0.00013886139438778892
117 0.0001513591726099223
118 0.00015413611722100008
119 0.0001471930613877223
120 0.0001374733386656
121 0.00013053000511008893
122 0.00013330667199893341
123 0.00015135889488768897
124 0.00016246778422093343
125 0.00015969028416538898
126 0.00016385667310982229
127 0.00014858250572107783
128 0.00021801223088715557
129 0.00018468584060965564
130 0.00022078917549823345
131 0.00024300778733142228
132 0.00026800195516452226
133 0.00026800306605345557
134 0.0002943861227754444
135 0.00033465584660845554
136 0.00038742307094136673
137 0.00039297862649692215
138 0.0004554650181074891
139 0.0005346169654957896
140 0.0005679436334955231
141 0.0006540366926614679
142 0.0007928994756604233
143 0.0008776044791041793
144 0.0010275753182696792
145 0.001130334488657824
146 0.0013233500522117794
147 0.0014774878357661804
148 0.0016149583972094482
149 0.001912123408651603
150 0.0021829059188162364
151 0.002350924259592525
152 0.002803613721700104
153 0.0030007959519207264
154 0.003604847641582795
155 0.004015873214246037
156 0.004476892677020148
157 0.005018451865182519
158 0.005672493279121952
159 0.006495939700948698
160 0.007327720844719946
161 0.007902608644937682
162 0.008857977015707967
163 0.00954255759959119
164 0.010514589859805806
165 0.011599102679464094
166 0.0124211621564576
167 0.013414022473283107
168 0.014480481125997029
169 0.015246991712768557
170 0.01605516729987337
171 0.017302147626030356
172 0.018108930991579456
173 0.018826837410295713
174 0.019682227998844667
175 0.02025017607589592
176 0.020583443311337726
177 0.02081394943233576
178 0.02131801306405384
179 0.02132079195272057
180 0.0213791161212202
181 0.021612396687329206
182 0.021149989446555134
183 0.020595931924726175
184 0.02014602912750783
185 0.01914344797707125
186 0.018611602957186335
187 0.01795339987558044
188 0.017043860950032224
189 0.016321787031482588
190 0.0150914686507143
191 0.014124992779221931
192 0.013204343575729298
193 0.012240641871625671
194 0.011238063776133666
195 0.010463211524361792
196 0.009613381212646354
197 0.008496935612877421
198 0.007795684751938501
199 0.007008339720944703
200 0.006376521362394187
201 0.005744698004843476
202 0.005046224921682326
203 0.004476896009686949
204 0.003978382656801974
205 0.0035506865293607934
206 0.0031382726232531267
207 0.0027605670532560157
208 0.0023842525939256586
209 0.002082924248483637
210 0.0019385086871514584
211 0.0015844103401541907
212 0.0014330492234886345
213 0.0012650267168788467
214 0.001158106434268702
215 0.000960921704547979
216 0.0009025994801039794
217 0.0007970633651047567
218 0.0006804219711613233
219 0.0006707016929947345
220 0.000530450576551356
221 0.00044852168455197783
222 0.00044435696194094457
223 0.0003360452909418111
224 0.00033049029083072226
225 0.00030688390099757774
226 0.0002346761203314889
227 0.0002513386211646556
228 0.0002318988979981778
229 0.0002235672309982445
230 0.0002110691750538779
231 0.00017357695127641118
232 0.00017357667355417784
233 0.0001652461174431778
234 0.0001763544513319556
235 0.0001791319513875001
236 0.00015274750605434449
237 0.00017079917349863342
238 0.00018329695172076668
239 0.0001485816725543778
240 0.00018468528516518888
241 0.00014302722788775562
242 0.00015691333955431113
243 0.00016524556199871114
244 0.00019857195227621118
245 0.0001458052833877667
246 0.00018885139638738892
247 0.00018885167410962231
248 0.0001846855628874223
249 0.00020829223044280005
250 0.00021384695283165566
251 0.0002457844542202667
252 0.0002499511208869335
253 0.0002638372325534889
254 0.00030410695638650006
255 0.00033882306871958875
256 0.0003721491812748556
257 0.0003652050145526446
258 0.00038742334866359997
259 0.00045685446244084454
260 0.0004624091848297002
261 0.0005401708547179447
262 0.0006096033571063564
263 0.0006956969717167677
264 0.0007762358639383242
265 0.00082622642138239
266 0.0008748275344931017
267 0.0008720505898820236
268 0.0011803219911573238
269 0.0012303128263236244
270 0.0013275156079895127
271 0.0013927806105445573
272 0.0015219222822102248
273 0.0016413428425426026
274 0.001856578406540914
275 0.001905181741429492
276 0.002084312026483591
277 0.0021884567530938252
278 0.002367587315870159
279 0.0025564409340354164
280 0.0028022284432002473
281 0.0029882978959763604
282 0.0031174390121975603
283 0.003213252349530093
284 0.0032604695727521163
285 0.0034784806927503384
286 0.003714547368304118
287 0.0036964929236374933
288 0.0037450945921926725
289 0.0037423193139149943
290 0.0038784012641916066
291 0.00402837238107934
292 0.0037881404274700617
293 0.0039519976560243525
294 0.0037631493145815287
295 0.003854794596636229
296 0.0037159334799706737
297 0.0036381726432491266
298 0.0033993287453620382
299 0.0034173804128063276
300 0.003338228743140261
301 0.0030632851207536256
302 0.0029424723388655595
303 0.0027786226088115703
304 0.002635593159145949
305 0.002427298429203048
306 0.002317599535648426
307 0.0020912553600391033
308 0.0018857392410406805
309 0.0017566000688751136
310 0.0016246800639872023
311 0.0013747286653780356
312 0.0012691939389899804
313 0.0011317219889355457
314 0.0009873053167144344
315 0.0008651069786042795
316 0.0007234683618831789
317 0.0005901619676064787
318 0.0005401716878846451
319 0.000458242795885267
320 0.0003874230709413668
321 0.0003388216801084222
322 0.0002832780666089
323 0.00026383612166455564
324 0.00017774278477637783
325 0.00015135889488768897
326 0.00014997028372103335
327 0.00010553472638805567
328 9.442583705481116e-05
329 7.915111422160009e-05
330 8.192805883267783e-05
331 5.6933057832877876e-05
332 4.4435835055211195e-05
333 4.4435835055211195e-05
334 2.2218056388722254e-05
335 2.360638983314448e-05
336 2.916083449976672e-05
337 1.8051945166522255e-05
338 8.331666999933345e-06
339 5.554444666622231e-06
340 4.165833499966673e-06
341 6.9430558332777885e-06
342 5.554444666622231e-06
343 4.165833499966673e-06
344 8.331944722166677e-06
345 1.3886111666555577e-06
346 2.7772223333111155e-06
347 2.7772223333111155e-06
348 4.165833499966673e-06
349 0.0
350 1.3886111666555577e-06
351 0.0
352 4.165833499966673e-06
353 0.0
354 1.3886111666555577e-06
355 1.3886111666555577e-06
356 0.0
357 1.3886111666555577e-06
358 1.3886111666555577e-06
