0 1.3886111666555577e-06
1 1.3886111666555577e-06
2 0.0
3 1.3886111666555577e-06
4 2.7772223333111155e-06
5 0.0
6 1.3886111666555577e-06
7 2.7772223333111155e-06
8 5.554444666622231e-06
9 2.7772223333111155e-06
10 4.165833499966673e-06
11 0.0
12 1.3886111666555577e-06
13 2.7772223333111155e-06
14 5.554444666622231e-06
15 5.554444666622231e-06
16 8.331666999933345e-06
17 9.720278166588903e-06
18 1.805194516652225e-05
19 1.5274722833211133e-05
20 1.805194516652225e-05
21 1.8052222888755584e-05
22 2.4995278722033376e-05
23 3.610389033304451e-05
24 2.3606389833144488e-05
25 4.304722388855563e-05
26 3.193805683307784e-05
27 5.137861316625565e-05
28 7.220778066608895e-05
29 8.887111466595564e-05
30 9.442555933257787e-05
31 0.0001291408384989667
32 0.00014024972783221112
33 0.00015135861716545563
34 0.00022217806438712233
35 0.0002374525094981
36 0.00028049945566442213
37 0.0003679822368859556
38 0.00043047057255215577
39 0.0005026780754960121
40 0.000597103912550823
41 0.0007623486413828348
42 0.0007623494745495346
43 0.0009039878135484019
44 0.0010886725432691239
45 0.0012067047701570797
46 0.001278913106267635
47 0.0015177539492101575
48 0.0016399520095980804
49 0.0017871447932635693
50 0.0019496131329289693
51 0.002169013697260547
52 0.002381470928036613
53 0.00254949482325757
54 0.0027480689973116467
55 0.0029188645604212487
56 0.00302439900908707
57 0.003182700959808039
58 0.0033160092981403704
59 0.003481255693305781
60 0.003532630973805239
61 0.0036645495900819846
62 0.0036520562554155835
63 0.003900613766135661
64 0.0038339598746917284
65 0.0038478479304139158
66 0.00372703848119265
67 0.003907557377413405
68 0.0038728412650803176
69 0.0036826026461374405
70 0.0037075973694150033
71 0.0034881976382501287
72 0.003527076529138615
73 0.0035062476393610174
74 0.0032729606856406507
75 0.0031577076251416377
76 0.003093830956031015
77 0.002791113443977871
78 0.002653638161256637
79 0.0025078370437023705
80 0.002275936757093026
81 0.0022439981448154813
82 0.0020412611922060024
83 0.0018454675731520362
84 0.001649673120931369
85 0.0016427292319313922
86 0.0015594122842098245
87 0.0014274945010997804
88 0.001253918382990069
89 0.0011789331022684347
90 0.0009664736497145016
91 0.0009900817058810468
92 0.000824837254771268
93 0.000805396976160324
94 0.0007512397520495898
95 0.000670700026661335
96 0.0005943255793285791
97 0.0005804400231064898
98 0.0004512986291630555
99 0.00046101890732964463
100 0.00039436612677464455
101 0.0003971433491079557
102 0.0003860341820524778
103 0.0003665939034415334
104 0.00033465529116398886
105 0.00029299723388655555
106 0.00027355667755337787
107 0.00023884139838698892
108 0.0002443958430536112
109 0.00022495528672043325
110 0.0001930172298873556
111 0.00016941111777644453
112 0.00016663417316536673
113 0.00016802222888755565
114 0.00016524472883201128
115 0.00017913084049856677
116 0.0001666338954431334
117 0.00014302695016552223
118 0.00015552500610988893
119 0.00012358667155457786
120 0.00013052944966562233
121 0.0001610797284987445
122 0.00017913084049856672
123 0.00013608389433224455
124 0.0001680222288875556
125 0.0001485816725543778
126 0.0001944058410540112
127 0.00018468584060965556
128 0.00020134945233175568
129 0.0002082916749983335
130 0.00022495528672043338
131 0.0002485616765535778
132 0.00025411584349796675
133 0.0003082716789975334
134 0.0003235466795529779
135 0.00035409612521940004
136 0.0004499105734408669
137 0.0005207308538292339
138 0.0004915689084405337
139 0.0005637769668288564
140 0.0006109891910506789
141 0.000694307527383412
142 0.0008248366993268016
143 0.0009678630940478569
144 0.0010720083761025568
145 0.0011955958808238353
146 0.001380282276877958
147 0.0015469147837099246
148 0.001801031738096824
149 0.0020232100802061804
150 0.002288433146703992
151 0.0025925395476460254
152 0.002904979281921393
153 0.003311842076029239
154 0.00369787820213735
155 0.004168614888133482
156 0.004851812970739184
157 0.005340606878624273
158 0.006032134961896512
159 0.006680615821280186
160 0.007280499733386657
161 0.00804978976426937
162 0.008705214512653025
163 0.009732790386367172
164 0.01073536570463685
165 0.01149216351174209
166 0.01236559715834611
167 0.013405668588504522
168 0.014244389455442243
169 0.015377505609989116
170 0.01613568508520518
171 0.017092439567642028
172 0.017968652936079455
173 0.018458833233353344
174 0.018971236308293882
175 0.019825232453509308
176 0.02004601801861851
177 0.020715329156390946
178 0.020959725832611256
179 0.020683394154502426
180 0.02053202887200337
181 0.020677836654891257
182 0.020002965795729744
183 0.019726636617121027
184 0.019555841331733645
185 0.018701839632073575
186 0.017818683207802877
187 0.017393766524472883
188 0.01653976926836855
189 0.015378888111266642
190 0.014648479193050281
191 0.01365284332022485
192 0.012805789953120478
193 0.011810157412961852
194 0.010861729876246973
195 0.009971627618920655
196 0.009194004254704614
197 0.008358065331378166
198 0.007420747517163236
199 0.0068180897153902595
200 0.006207096080783844
201 0.0055336229976226965
202 0.00498511825412695
203 0.004328307671798973
204 0.0038811729320802485
205 0.003488195694194495
206 0.003049395120975804
207 0.002689741496145215
208 0.00240785620653647
209 0.0021106917505387818
210 0.0018385236841520587
211 0.0016691131218200806
212 0.0014538781132662356
213 0.0012483631051567463
214 0.0010845069874913904
215 0.0009886928169921577
216 0.0008734372569930461
217 0.0007623478082161346
218 0.0006943064164944793
219 0.0005651661334399783
220 0.00060960113532849
221 0.0005068430758292785
222 0.00045268779577417796
223 0.0003735369592748112
224 0.00032493501299739997
225 0.0003027172343309111
226 0.00027911139994223343
227 0.0002652250105534445
228 0.00023884139838698892
229 0.0002374525094981
230 0.0001846852851651889
231 0.00019023972983181112
232 0.0001749650069986
233 0.00019579500766513338
234 0.00019857139683174447
235 0.00020273750805394454
236 0.0001735766735541778
237 0.00017357639583194453
238 0.00016246778422093343
239 0.00016385639538758897
240 0.0001638561176653556
241 0.00017635389588748897
242 0.00018607417405407779
243 0.00017357639583194447
244 0.00019440584105401116
245 0.00017218806238752233
246 0.00019857167455397773
247 0.00020829167499833334
248 0.00022078945322046682
249 0.00023606445377591124
250 0.00024439556533137786
251 0.00028744251149769994
252 0.00028050001110888897
253 0.0003513189028860889
254 0.0003429872358861554
255 0.0003777025150525444
256 0.00043185862827434436
257 0.0004512994623297558
258 0.0004901797418294118
259 0.0005318397431624784
260 0.0005401708547179452
261 0.000649871136883734
262 0.000654036692661468
263 0.00069291752760559
264 0.0008803800351040906
265 0.0009650855939923124
266 0.000984526705769957
267 0.0010622894865471354
268 0.0012761361616565577
269 0.0012719686618231905
270 0.0014760958919327251
271 0.0014941472816547795
272 0.0016232906196538468
273 0.0017885336821524575
274 0.0018871256304294698
275 0.0020843103601501933
276 0.0021509620298162586
277 0.0024203539847586016
278 0.0025800442689239925
279 0.002777224832811217
280 0.0029063651158657156
281 0.0031688154035859496
282 0.0032493545735297388
283 0.003485420138194582
284 0.003495140138638939
285 0.003753420427025705
286 0.0037756409829145274
287 0.004008926548023728
288 0.003974211824301807
289 0.004128346275189407
290 0.004064470716967716
291 0.004232492390410805
292 0.004224161556577574
293 0.0042449901686329415
294 0.004150564053855896
295 0.004150565442467061
296 0.0038506215423581946
297 0.003922832377968849
298 0.0036645501455264476
299 0.0035673481970272614
300 0.0036798232020262577
301 0.003370164855917706
302 0.003113271790086426
303 0.003024398731364839
304 0.0027383442755893263
305 0.00266336121664556
306 0.002480061209980225
307 0.0022926020351485233
308 0.001955166466706659
309 0.0018912906307627366
310 0.0015913514519318352
311 0.0014580439467662028
312 0.001299741162878535
313 0.0011469950454353573
314 0.001038683652158457
315 0.0009275944811037797
316 0.0007248566953276011
317 0.0006401500255504458
318 0.0005554458552733898
319 0.000444355573329778
320 0.00039297751560798895
321 0.0003707602923859667
322 0.00030688334555311106
323 0.00026105945477571113
324 0.00021523473083161115
325 0.00016663361772090005
326 0.00014302695016552228
327 0.0001138661156657556
328 0.00010553472638805567
329 7.359639183274455e-05
330 5.6933335555111216e-05
331 3.8881112666355625e-05
332 4.999000199960009e-05
333 4.0269723833011185e-05
334 2.0829167499833366e-05
335 2.4995000999800042e-05
336 2.2217778666488927e-05
337 1.3886111666555575e-05
338 1.110888933324446e-05
339 6.9430558332777885e-06
340 2.7772223333111155e-06
341 5.554444666622231e-06
342 6.9430558332777885e-06
343 5.554444666622231e-06
344 6.9430558332777885e-06
345 2.7772223333111155e-06
346 4.165833499966673e-06
347 5.554444666622231e-06
348 4.165833499966673e-06
349 0.0
350 4.165833499966673e-06
351 0.0
352 2.7772223333111155e-06
353 1.3886111666555577e-06
354 1.3886111666555577e-06
355 0.0
356 0.0
357 2.7772223333111155e-06
358 2.7772223333111155e-06
