0 0.0
1 0.0
2 1.3886111666555577e-06
3 0.0
4 1.3886111666555577e-06
5 1.3886111666555577e-06
6 2.7772223333111155e-06
7 0.0
8 2.7772223333111155e-06
9 0.0
10 1.3886111666555577e-06
11 0.0
12 0.0
13 2.7772223333111155e-06
14 0.0
15 1.3886111666555577e-06
16 2.7772223333111155e-06
17 4.165833499966673e-06
18 5.554444666622231e-06
19 1.3886111666555577e-06
20 5.554444666622231e-06
21 5.554444666622231e-06
22 1.110888933324446e-05
23 1.110888933324446e-05
24 1.2497500499900018e-05
25 1.944055633317781e-05
26 3.610389033304451e-05
27 2.4995000999800042e-05
28 4.304694616632231e-05
29 3.749250149970007e-05
30 3.7492501499700064e-05
31 7.49850029994001e-05
32 6.943055833277786e-05
33 8.609389233264452e-05
34 0.00013330667199893344
35 0.0001471927836654889
36 0.00018190806283187782
37 0.00022912084249816677
38 0.00028883112266435553
39 0.0003291008464973667
40 0.00036520473683041113
41 0.00046518474082961136
42 0.0005276722433291117
43 0.0005498900219956008
44 0.0007442955853273793
45 0.0009012086471594573
46 0.0009706392054922349
47 0.001053955875491568
48 0.0012622475504899017
49 0.00133167810882268
50 0.0015080317269879355
51 0.0016593903441533922
52 0.001862127574485103
53 0.0019968228576506923
54 0.002219000644315581
55 0.0022953742584816343
56 0.0025328267679797373
57 0.0025244951009798042
58 0.00272862094247817
59 0.0028966428936434935
60 0.002999400119976006
61 0.0029785709524761694
62 0.003246572907640693
63 0.0031729765158079494
64 0.0031965829056410933
65 0.00327295651980715
66 0.0033729365238063503
67 0.0033076717989735382
68 0.0032979515208069496
69 0.0032243551289742045
70 0.003252127352307316
71 0.003085494012308649
72 0.003059110400142193
73 0.002989679841809416
74 0.002978570952476171
75 0.0027077917749783365
76 0.002646692883645492
77 0.002553655935479571
78 0.002567542047146127
79 0.0023536959274811703
80 0.002173176475815945
81 0.0021204092514830373
82 0.0019468328556510922
83 0.00180658312781888
84 0.001664944788820015
85 0.0014580417249883356
86 0.0014149947788220135
87 0.0012830767179897345
88 0.0011525472683241134
89 0.0010678419871581238
90 0.0010247950409918013
91 0.0009775822613255125
92 0.0008678819791597234
93 0.0007762336421604568
94 0.0007026372503277125
95 0.0006526472483281122
96 0.0006137661356617565
97 0.0005276722433291117
98 0.0005165633539958673
99 0.0005040658534959674
100 0.0004415783509964666
101 0.000444355573329778
102 0.0003749250149969999
103 0.00038047945966362213
104 0.0003179919571641222
105 0.00029299695616432226
106 0.00028466528916438897
107 0.0002902197338310111
108 0.00022495500899820007
109 0.00025272723233131104
110 0.00022912084249816677
111 0.00021940056433157785
112 0.00020551445266502226
113 0.00019857139683174447
114 0.0001707991734986334
115 0.00019718278566508904
116 0.00018190806283187782
117 0.0001416383389988667
118 0.0001721877846652889
119 0.00019162834099846663
120 0.00017079917349863342
121 0.00017079917349863336
122 0.0001666333399986667
123 0.00017357639583194455
124 0.0001957941744984334
125 0.00016246750649870015
126 0.00022078917549823345
127 0.00021245750849830012
128 0.00021801195316492234
129 0.00023189806483147777
130 0.0002568930658312778
131 0.0002624475104979001
132 0.0003041058454975666
133 0.00031521473483081097
134 0.0003624275144970999
135 0.00041102890533004457
136 0.00046101890732964484
137 0.0004415783509964667
138 0.000523506409829145
139 0.00060960030216179
140 0.0006651447488280127
141 0.0007651247528272124
142 0.0008803794796596234
143 0.0009609189273256461
144 0.001109500322157791
145 0.001285853940323046
146 0.0014469328356550909
147 0.0016371725654869026
148 0.0018010286831522582
149 0.002113466195649759
150 0.0024550645426470244
151 0.0027022373303117143
152 0.003011897620475905
153 0.0033409984669732725
154 0.00400475460463463
155 0.004438001288631166
156 0.005028161034459772
157 0.005512786331622563
158 0.006257081916949947
159 0.006958330556111001
160 0.007673465306938612
161 0.008416372281099337
162 0.009623075384923012
163 0.010172965406918609
164 0.01120609211491036
165 0.011979548534737499
166 0.012862705236730427
167 0.014094403341553905
168 0.014870636983714373
169 0.01611622120020441
170 0.01686745984136507
171 0.017510386811526578
172 0.018600446577351198
173 0.019169777155679975
174 0.020211235530671643
175 0.020999966673332003
176 0.021230476126996835
177 0.021662334199826713
178 0.021842853651491932
179 0.02184146504032527
180 0.022060865604656834
181 0.02188867781999155
182 0.02182480170632539
183 0.021208258348330327
184 0.020563942767002165
185 0.020068208580506116
186 0.019457219667177686
187 0.018628218800684316
188 0.018025561554355796
189 0.016774422893199133
190 0.01599263480637207
191 0.015017829767379861
192 0.013947210557888421
193 0.013175142749227927
194 0.0117823657490724
195 0.011131107111910947
196 0.01004660179075295
197 0.009089848696927274
198 0.008335832833433312
199 0.007617920860272392
200 0.007074973894110062
201 0.006100168855117863
202 0.005439189939789817
203 0.004914294918794016
204 0.00435329600746517
205 0.003864504876802416
206 0.003364604856806418
207 0.002936912617476503
208 0.002682796773978535
209 0.0023842453731475915
210 0.0020662534159834696
211 0.0018385211846519587
212 0.001645504232486836
213 0.0015052545046546253
214 0.001335843942322646
215 0.0011705992134906358
216 0.0009831367059921347
217 0.0008734364238263463
218 0.0007623475304939014
219 0.0006665333599946677
220 0.0006137661356617564
221 0.0004874025194961004
222 0.0005040658534959671
223 0.0004165833499966665
224 0.00040130862716345546
225 0.000352707236330511
226 0.00027355639983114453
227 0.00027077917749783345
228 0.00025828167699793326
229 0.00023467528716478896
230 0.00025272723233131104
231 0.00022912084249816677
232 0.00020829167499833342
233 0.00021384611966495572
234 0.00019162834099846682
235 0.00018329667399853334
236 0.0001458041724988334
237 0.0002055144526650222
238 0.00017635361816525553
239 0.00018051945166522228
240 0.00016107889533204453
241 0.00019857139683174453
242 0.0001916283409984667
243 0.00017774222933191115
244 0.00019023972983181115
245 0.0001805194516652223
246 0.00019162834099846677
247 0.00020829167499833337
248 0.0002291208424981668
249 0.00025550445466462223
250 0.00020690306383167785
251 0.0002624475104979001
252 0.00029438556733097775
253 0.00024439556533137786
254 0.0002888311226643556
255 0.00031521473483081124
256 0.0003332666799973333
257 0.0004040858494967666
258 0.00044296696216312233
259 0.00046101890732964474
260 0.0005012886311626564
261 0.0005054544646626231
262 0.0005846053011619897
263 0.0005846053011619895
264 0.000705414472661023
265 0.0007623475304939013
266 0.0007609589193272458
267 0.0008651047568264128
268 0.0009650847608256127
269 0.0010553444866582243
270 0.0011469928236574904
271 0.0012289208824901687
272 0.0012983514408229468
273 0.0014802595036548247
274 0.001491368392988069
275 0.0016024572863205131
276 0.0017593703481525922
277 0.0019273922993179146
278 0.0019440556333177807
279 0.002153735919482771
280 0.0023814681508142815
281 0.0024064631518140814
282 0.002605034548645826
283 0.0027688906663111833
284 0.002839709835810616
285 0.002985514008309447
286 0.0030563331778088823
287 0.003091048456975272
288 0.003161867626474704
289 0.003104934568641828
290 0.0033160034659734713
291 0.00335071874513986
292 0.0033243351329734065
293 0.0032215779066408945
294 0.003381268190806282
295 0.003242407074140726
296 0.0031854740163078485
297 0.003136872625474905
298 0.0031229865138083517
299 0.002936912617476503
300 0.002832766779977335
301 0.0027369526094781047
302 0.0026369726054789053
303 0.0024425670421471257
304 0.002387022595480903
305 0.002214834810815614
306 0.0020440356373169805
307 0.0018551845186518248
308 0.0017288209024861692
309 0.0014760936701548578
310 0.0013372325534893015
311 0.0012261436601568568
312 0.0010872825434913016
313 0.0009428669821591241
314 0.0008748250349930013
315 0.0007484614188273461
316 0.0005693305783287784
317 0.0004943455753293781
318 0.00047351640782954487
319 0.00040547446066342214
320 0.0003263236241640556
321 0.0002652247328312111
322 0.00020412584149836683
323 0.00016941056233197785
324 0.0001583016729987334
325 0.00010831167099913343
326 8.887111466595561e-05
327 8.887111466595564e-05
328 5.276722433291122e-05
329 5.276722433291121e-05
330 5.832166899953343e-05
331 4.30469461663223e-05
332 2.916083449976672e-05
333 1.5274722833211133e-05
334 1.666333399986669e-05
335 2.2217778666488924e-05
336 9.720278166588903e-06
337 1.3886111666555577e-05
338 9.720278166588903e-06
339 4.165833499966673e-06
340 4.165833499966673e-06
341 1.3886111666555577e-06
342 1.3886111666555577e-06
343 9.720278166588903e-06
344 1.3886111666555577e-06
345 1.3886111666555577e-06
346 2.7772223333111155e-06
347 2.7772223333111155e-06
348 1.3886111666555577e-06
349 0.0
350 0.0
351 1.3886111666555577e-06
352 0.0
353 1.3886111666555577e-06
354 1.3886111666555577e-06
355 0.0
356 0.0
357 0.0
358 1.3886111666555577e-06
