0 4.165833499966673e-06
1 1.3886111666555577e-06
2 0.0
3 0.0
4 4.165833499966673e-06
5 0.0
6 2.7772223333111155e-06
7 1.3886111666555577e-06
8 0.0
9 1.3886111666555577e-06
10 4.165833499966673e-06
11 1.3886111666555577e-06
12 0.0
13 1.3886111666555577e-06
14 1.3886111666555577e-06
15 0.0
16 2.7772223333111155e-06
17 0.0
18 2.7772223333111155e-06
19 6.9430558332777885e-06
20 4.165833499966673e-06
21 1.110888933324446e-05
22 5.554444666622231e-06
23 8.331666999933345e-06
24 5.554444666622231e-06
25 1.110888933324446e-05
26 1.666333399986669e-05
27 1.666333399986669e-05
28 2.3606389833144485e-05
29 1.2497500499900018e-05
30 3.888111266635563e-05
31 4.026972383301119e-05
32 4.582416849963342e-05
33 5.137861316625565e-05
34 6.526472483281122e-05
35 0.00010553444866582229
36 9.30369481659223e-05
37 0.00012636361616565558
38 0.00016385611766535566
39 0.00018468528516518899
40 0.0002207891754982334
41 0.0002943855673309778
42 0.00033604390233064446
43 0.00042630362816325557
44 0.0004985114088293453
45 0.0007040258614943679
46 0.0008206691994934351
47 0.0009345353151591904
48 0.0011053344886578233
49 0.0013816681108222797
50 0.0015969028416538908
51 0.0018232464618187481
52 0.002206503143815682
53 0.0025689306583127837
54 0.0030646648448088144
55 0.0033757137461396603
56 0.003924215156968605
57 0.0043560732297984826
58 0.004942067142127127
59 0.005722466617787554
60 0.006240418582950076
61 0.006781976937945744
62 0.0074873914106067686
63 0.008044224488435649
64 0.008737141460596768
65 0.009399508987091465
66 0.009853584838587837
67 0.010518729587415846
68 0.0109075407140794
69 0.011321346841742762
70 0.011772645470905813
71 0.011675442689239928
72 0.011979548534737493
73 0.012254493545735292
74 0.01170599213490635
75 0.011825412695238728
76 0.011512975182741227
77 0.011213035170743624
78 0.010885322935412911
79 0.010299329023084274
80 0.010142415961252193
81 0.009496711768757351
82 0.008837121464595971
83 0.008159479215268058
84 0.007710957808438315
85 0.007238830011775422
86 0.006677831100446579
87 0.006155713301784087
88 0.00553778133262236
89 0.005133695483125595
90 0.004546312959630292
91 0.0041283409984669735
92 0.003785354040303048
93 0.0032868426314737057
94 0.0030618876224755053
95 0.0027980515008109485
96 0.0023411984269812694
97 0.002206503143815682
98 0.001935723966317847
99 0.0016871625674865027
100 0.0015719078406540915
101 0.0013483414428225463
102 0.0011789308804905682
103 0.0011400497678242128
104 0.0009609189273256465
105 0.0008151147548268126
106 0.000802617254326913
107 0.0007165233619942683
108 0.0006623675264947012
109 0.0005235064098291448
110 0.0005332266879957342
111 0.0004707391854962336
112 0.00040130862716345546
113 0.0003915883489968668
114 0.0003402097358306109
115 0.00039019973783021114
116 0.00031521473483081135
117 0.00028188806683107783
118 0.00025133862116465567
119 0.00027494501099779997
120 0.0002721677886644889
121 0.00024022973183141118
122 0.00023745250949810007
123 0.00025689306583127783
124 0.00025828167699793326
125 0.0002624475104979001
126 0.00023745250949810013
127 0.0002735563998311445
128 0.00022078917549823345
129 0.000265224732831211
130 0.00028049945566442224
131 0.0002777222333311111
132 0.00030410584549756664
133 0.0003415983469972668
134 0.0003402097358306112
135 0.00039853140483014454
136 0.00042769223932991106
137 0.0004165833499966666
138 0.00048462529716278947
139 0.0005457241884956337
140 0.0005762736341620562
141 0.0006207091914950342
142 0.0007665133639938681
143 0.0008012286431602567
144 0.0009720278166588909
145 0.0010553444866582236
146 0.0011400497678242122
147 0.001249750049990002
148 0.0014052745006554249
149 0.0016121775644871027
150 0.0017732564598191478
151 0.0019662734119842706
152 0.0023536959274811716
153 0.0024772823213135156
154 0.0028424870581439266
155 0.003197971516807749
156 0.0033729365238063507
157 0.00353818125263836
158 0.0040839054411339944
159 0.004631018240796284
160 0.004911517696460707
161 0.005510009109289251
162 0.005936312737452507
163 0.006498700259948006
164 0.006956941944944347
165 0.007115243617943077
166 0.0077359528094381085
167 0.008505243395765291
168 0.008956542024928344
169 0.009296751760758955
170 0.009853584838587837
171 0.010321546801750757
172 0.010864493767913076
173 0.011257470728076603
174 0.011554633517740893
175 0.011794863249572303
176 0.011878179919571637
177 0.012158679375236065
178 0.012251716323401989
179 0.012487780221733422
180 0.012143404652402844
181 0.01207258548290342
182 0.011857350752071812
183 0.011847630473905213
184 0.011336621564575966
185 0.011082505721078002
186 0.010813115154746821
187 0.01030904930125086
188 0.009979948454753486
189 0.009591137328089937
190 0.009075962585260723
191 0.008265013663933878
192 0.007815103645937477
193 0.00734991890510787
194 0.0069291697216112315
195 0.006275133862116462
196 0.005778011064453778
197 0.00531004910129085
198 0.004837921304627959
199 0.004458830456130992
200 0.0041061232198004866
201 0.0036617676464707066
202 0.003256293185807284
203 0.002778610944477771
204 0.0025717078806460933
205 0.002334255371147993
206 0.001963496189650959
207 0.0018038059054855701
208 0.001587182563487302
209 0.0013830567219889353
210 0.001312237552489502
211 0.001153935879490768
212 0.0008803794796596238
213 0.0008428869781599234
214 0.0006998600279944016
215 0.0006887511386611568
216 0.0006054344686618234
217 0.0005248950209958005
218 0.0004887911306627561
219 0.00041936057232997776
220 0.0003985314048301443
221 0.00033465529116398897
222 0.00029855140083094437
223 0.0003082716789975333
224 0.0002374525094981
225 0.00023189806483147783
226 0.00022217778666488896
227 0.0001819080628318779
228 0.0001930169521651223
229 0.00016107889533204447
230 0.00016941056233197785
231 0.0001791308404985667
232 0.00015691306183207782
233 0.00014858139483214442
234 0.0001458041724988334
235 0.00013330667199893341
236 0.00011664333799906674
237 0.00013608389433224452
238 0.00012775222733231123
239 0.0001333066719989334
240 0.00014441556133217785
241 0.00012775222733231117
242 0.00015274722833211117
243 0.00015552445066542228
244 0.00015135861716545563
245 0.00017357639583194447
246 0.00016246750649870012
247 0.0002235663978315445
248 0.00019718278566508904
249 0.00020551445266502228
250 0.00025550445466462223
251 0.0002638361216645557
252 0.0003443755693305778
253 0.00036381612566375554
254 0.00036937057033037786
255 0.00042908085049656687
256 0.0005207291874958337
257 0.0005471127996622898
258 0.0006220978026616895
259 0.0007276322513275122
260 0.0008081716989935353
261 0.0009442555933257794
262 0.0010400697638250122
263 0.0010845053211579903
264 0.0012303094936568244
265 0.0014066631118220799
266 0.001528860894487768
267 0.001666333399986669
268 0.0019232264658179477
269 0.002074585082983403
270 0.0022731564798151474
271 0.0026064231598124806
272 0.002735563998311449
273 0.0030382812326423593
274 0.003270179297473838
275 0.0035270723633051173
276 0.00398809127063476
277 0.004026972383301118
278 0.00442272656579795
279 0.004635184074296248
280 0.004962896309626964
281 0.0050712079806260945
282 0.005494734386456038
283 0.005385034104290256
284 0.005564164944788816
285 0.005630818280788284
286 0.005697471616787753
287 0.005801617454286921
288 0.005728021062454174
289 0.005880768290786284
290 0.0055599991112888535
291 0.00575718189695394
292 0.005508620498122594
293 0.005423915216956606
294 0.005030938256793085
295 0.004993445755293386
296 0.004579639627630029
297 0.0044699393454642414
298 0.004046412939634295
299 0.0039242151569686065
300 0.003499300139972005
301 0.0031646448488080164
302 0.002939689839809816
303 0.0026550245506454257
304 0.002355084538647826
305 0.002117632029149726
306 0.001949610077984403
307 0.0017038259014863697
308 0.00146915061432158
309 0.0012566931058232793
310 0.0010539558754915682
311 0.0009692505943255797
312 0.0008026172543269127
313 0.0007193005843275791
314 0.0005540558554955675
315 0.0005248950209958004
316 0.0004110289053300444
317 0.00036798195916372216
318 0.0003110489013308444
319 0.00025133862116465556
320 0.00017079917349863344
321 0.00019718278566508896
322 0.0001346952831655889
323 0.00014163833899886677
324 8.748250349930009e-05
325 9.025972583261122e-05
326 5.6933057832877876e-05
327 3.8881112666355625e-05
328 5.137861316625566e-05
329 2.7772223333111154e-05
330 2.6383612166455603e-05
331 3.193805683307784e-05
332 1.9440556333177805e-05
333 1.805194516652225e-05
334 1.666333399986669e-05
335 9.720278166588903e-06
336 5.554444666622231e-06
337 1.944055633317781e-05
338 5.554444666622231e-06
339 8.331666999933345e-06
340 1.110888933324446e-05
341 4.165833499966673e-06
342 1.3886111666555577e-06
343 2.7772223333111155e-06
344 0.0
345 0.0
346 1.3886111666555577e-06
347 1.3886111666555577e-06
348 1.3886111666555577e-06
349 0.0
350 1.3886111666555577e-06
351 2.7772223333111155e-06
352 0.0
353 1.3886111666555577e-06
354 0.0
355 1.3886111666555577e-06
356 0.0
357 0.0
358 1.3886111666555577e-06
