0 0.0
1 0.0
2 1.3886111666555577e-06
3 0.0
4 1.3886111666555577e-06
5 0.0
6 0.0
7 0.0
8 2.7772223333111155e-06
9 1.3886111666555577e-06
10 4.165833499966673e-06
11 0.0
12 0.0
13 8.331666999933345e-06
14 2.7772223333111155e-06
15 1.3886111666555577e-06
16 2.7772223333111155e-06
17 5.554444666622231e-06
18 6.9430558332777885e-06
19 1.3886111666555575e-05
20 5.554444666622231e-06
21 5.554444666622231e-06
22 1.110888933324446e-05
23 5.554444666622231e-06
24 1.3886111666555575e-05
25 1.2497500499900018e-05
26 2.3606389833144488e-05
27 3.749250149970007e-05
28 3.6103890333044516e-05
29 3.193805683307784e-05
30 3.054944566642228e-05
31 5.137861316625566e-05
32 6.665333599946676e-05
33 0.00010136861516585562
34 8.748250349930009e-05
35 0.00014441556133217782
36 0.0001888511186651556
37 0.00021940056433157785
38 0.000259670288164589
39 0.00033465529116398897
40 0.0003888111266635555
41 0.0004096402941633889
42 0.0005554444666622231
43 0.0006151547468284119
44 0.0005846053011619897
45 0.0007276322513275122
46 0.0008831567019929348
47 0.0010456242084916354
48 0.0011581017129907352
49 0.0012483614388233465
50 0.0013761136661556582
51 0.0014955342264880364
52 0.0016691106223199802
53 0.00190656313181808
54 0.002095414250483237
55 0.002173176475815946
56 0.002380079539647624
57 0.0024828367659801365
58 0.0025855939923126476
59 0.002606423159812481
60 0.00278833122264436
61 0.0028466528916438957
62 0.0029952342864760385
63 0.003035504010309049
64 0.0031646448488080164
65 0.0032451842964740384
66 0.0032132462396409593
67 0.003171587904641293
68 0.003031338176809081
69 0.0029383012286431608
70 0.003045224288475638
71 0.0029091403941433934
72 0.0029605190073096477
73 0.003003565953475972
74 0.0026508587171454605
75 0.0025439356573129807
76 0.0025022773223133134
77 0.0024453442644804383
78 0.0023536959274811685
79 0.0021204092514830355
80 0.00208152813881668
81 0.0018468528516518918
82 0.0018190806283187805
83 0.0016677220111533247
84 0.0015580217289875363
85 0.0014358239463218457
86 0.0013427869981559248
87 0.0012136461596569574
88 0.0011567131018240797
89 0.0010456242084916348
90 0.0008984314248261458
91 0.0008303894776600235
92 0.0008220578106600901
93 0.0007151347508276124
94 0.0007081916949943345
95 0.0006109889133284452
96 0.0005984914128285452
97 0.000536003910329045
98 0.0005262836321624561
99 0.0004610189073296445
100 0.00042769223932991117
101 0.00038325668199693343
102 0.0003624275144970999
103 0.00035687306983047773
104 0.00028605390033104445
105 0.00029160834499766667
106 0.00028327667799773337
107 0.00026105889933124445
108 0.00022078917549823345
109 0.00026800195516452226
110 0.00020134861916505555
111 0.0001902397298318112
112 0.0001888511186651556
113 0.00020412584149836672
114 0.00017496500699859996
115 0.0001749650069986
116 0.0001610788953320445
117 0.0001430269501655223
118 0.00015969028416538896
119 0.0001458041724988335
120 0.00014997000599880012
121 0.00012219778266568893
122 0.00014719278366548893
123 0.0001583016729987334
124 0.0001832966739985334
125 0.00018051945166522217
126 0.00018051945166522234
127 0.00018468528516518899
128 0.00020690306383167785
129 0.00024300695416472223
130 0.000249950009998
131 0.00028049945566442224
132 0.0002832766779977334
133 0.0003249350129974
134 0.000365204736830411
135 0.0003790908484969666
136 0.0004082516829967334
137 0.0004512986291630555
138 0.0005526672443289123
139 0.0006526472483281121
140 0.0006845853051611902
141 0.0007817880868270794
142 0.0009095403141593906
143 0.0008998200359928016
144 0.0010775622653247127
145 0.0012830767179897356
146 0.0014024972783221133
147 0.0016357839543202466
148 0.0018579617409851365
149 0.0021620675864827033
150 0.0023800795396476254
151 0.0027466728876446938
152 0.003195194294474437
153 0.0035937256993045833
154 0.003839509875802616
155 0.004494934346464037
156 0.005089259925792618
157 0.005686362727454507
158 0.0062223666377835525
159 0.007081916949943349
160 0.007760947810437909
161 0.008477471172432178
162 0.009434224266257856
163 0.010221566797751559
164 0.01138244573307561
165 0.012358639383234466
166 0.013545901930724975
167 0.014140227510053541
168 0.015015052545046556
169 0.01623286453820347
170 0.017053533737696906
171 0.018432424626185884
172 0.019104512430847157
173 0.01965717967517608
174 0.020429247483836555
175 0.021377668910662298
176 0.021599846697327205
177 0.022138627829989557
178 0.02220111533248905
179 0.02225388255682197
180 0.022487169232820108
181 0.02255937701348619
182 0.022119187273656384
183 0.021452653913661714
184 0.02147487169232819
185 0.020573663045168753
186 0.019758548290341925
187 0.019053133817680905
188 0.018297729343020302
189 0.017225721522362184
190 0.01637450287720234
191 0.015240007554044747
192 0.014266591126219206
193 0.013362605256726424
194 0.012162845208736027
195 0.011412995178742029
196 0.010371536803750359
197 0.0094078406540914
198 0.008464973671932281
199 0.00774150725410473
200 0.007004154724610632
201 0.006244584416450041
202 0.005687751338621162
203 0.005086482703459306
204 0.004450498789131064
205 0.0039158834899686735
206 0.0034465329156390945
207 0.0030299495656424275
208 0.002764724832811214
209 0.0024036859294807697
210 0.002052367304316915
211 0.0018774022973183137
212 0.001630229509653625
213 0.0013427869981559246
214 0.0012372525494901017
215 0.001171987824657291
216 0.001047012819658291
217 0.0008706592014930347
218 0.0007554044746606233
219 0.0007123575284943013
220 0.0006220978026616898
221 0.0005373925214957006
222 0.00046379612966295603
223 0.0003915883489968666
224 0.0003957541824968334
225 0.00034437556933057786
226 0.00035548445866382224
227 0.0002860539003310445
228 0.0002527272323313112
229 0.00024717278766468894
230 0.00022773223133151115
231 0.00021106889733164445
232 0.00023467528716478894
233 0.00021523473083161118
234 0.00017635361816525566
235 0.00015691306183207785
236 0.0001610788953320445
237 0.00015135861716545563
238 0.00017496500699860012
239 0.00015691306183207788
240 0.00017079917349863344
241 0.0001694105623319778
242 0.00017357639583194453
243 0.00015552445066542223
244 0.00017218778466528888
245 0.0001763536181652556
246 0.00018607389633184442
247 0.0001819080628318778
248 0.00020551445266502228
249 0.00020968028616498893
250 0.0002527272323313111
251 0.00025272723233131115
252 0.00023467528716478896
253 0.0002555044546646223
254 0.000272167788664489
255 0.0003318780688306779
256 0.0003568730698304778
257 0.00034576418049723335
258 0.0003999200159968001
259 0.00041380612766335543
260 0.0004624075184963002
261 0.0004804594636628226
262 0.0004818480748294783
263 0.0006109889133284452
264 0.0005818280788286788
265 0.0006859739163278456
266 0.0007012486391610565
267 0.0008581617009931348
268 0.0008567730898264794
269 0.0010025772623253127
270 0.0010136861516585576
271 0.0011386611566575574
272 0.001219200604323579
273 0.0013275122753227133
274 0.00136917061032238
275 0.0015871825634873027
276 0.0016649447888200139
277 0.0018898997978182147
278 0.0019787709124841684
279 0.0020606989713168474
280 0.0021801195316492245
281 0.00243145815281388
282 0.002439789819813814
283 0.002543935657312981
284 0.0026439156613121814
285 0.0028161034459774697
286 0.0028910884489768713
287 0.0029605190073096494
288 0.003092437068141928
289 0.00302578373214246
290 0.003085494012308649
291 0.003164644848808015
292 0.0031243751249750043
293 0.0031021573463085156
294 0.0031063231798084826
295 0.0029952342864760385
296 0.0029091403941433934
297 0.002914694838810016
298 0.002884145393143594
299 0.0028063831678108815
300 0.0027425070541447247
301 0.0025592103801461924
302 0.0023828567619809376
303 0.002374525094981003
304 0.0022467728676486927
305 0.0019468328556510911
306 0.0018468528516518918
307 0.0017191006243195816
308 0.0015483014508209459
309 0.0015135861716545577
310 0.0012622475504899015
311 0.0011428269901575245
312 0.0009734164278255459
313 0.0008817680908262798
314 0.0007984514208269454
315 0.0006734764158279454
316 0.0006137661356617572
317 0.00048462529716278936
318 0.0004540758514963668
319 0.00035687306983047773
320 0.000302717234330911
321 0.0002721677886644889
322 0.00021940056433157785
323 0.00017079917349863336
324 0.00015969028416538898
325 9.998000399920009e-05
326 9.581417049923344e-05
327 8.887111466595563e-05
328 6.387611366615565e-05
329 5.137861316625565e-05
330 4.5824168499633416e-05
331 4.1658334999666746e-05
332 3.054944566642227e-05
333 2.6383612166455603e-05
334 1.805194516652225e-05
335 1.110888933324446e-05
336 1.3886111666555575e-05
337 1.666333399986669e-05
338 1.110888933324446e-05
339 5.554444666622231e-06
340 2.7772223333111155e-06
341 6.9430558332777885e-06
342 6.9430558332777885e-06
343 2.7772223333111155e-06
344 4.165833499966673e-06
345 1.3886111666555577e-06
346 8.331666999933345e-06
347 1.3886111666555577e-06
348 1.3886111666555577e-06
349 1.3886111666555577e-06
350 1.3886111666555577e-06
351 1.3886111666555577e-06
352 0.0
353 2.7772223333111155e-06
354 1.3886111666555577e-06
355 0.0
356 0.0
357 0.0
358 0.0
