0 1.3886111666555577e-06
1 1.3886111666555577e-06
2 1.3886111666555577e-06
3 0.0
4 2.7772223333111155e-06
5 0.0
6 4.165833499966673e-06
7 2.7772223333111155e-06
8 4.165833499966673e-06
9 6.9430558332777885e-06
10 2.7772223333111155e-06
11 5.554444666622231e-06
12 1.3886111666555577e-06
13 2.7772223333111155e-06
14 5.554444666622231e-06
15 1.3886111666555577e-06
16 9.720278166588903e-06
17 5.554444666622231e-06
18 5.554444666622231e-06
19 1.110888933324446e-05
20 1.2497500499900018e-05
21 1.805194516652225e-05
22 1.2497500499900018e-05
23 2.4995000999800042e-05
24 3.471527916638895e-05
25 2.9160834499766715e-05
26 4.7212779666288977e-05
27 3.8881112666355625e-05
28 5.971028016618898e-05
29 6.387611366615565e-05
30 7.637361416605564e-05
31 0.00010970028216578893
32 0.00011664333799906674
33 0.00013052944966562233
34 0.0001944055633317779
35 0.00022495500899820007
36 0.0002457841764980333
37 0.0003277122353307112
38 0.000377702237330311
39 0.00040825168299673327
40 0.000498511408829345
41 0.000630429469661623
42 0.0007498500299940009
43 0.0007831766979937348
44 0.0008859339243262457
45 0.001083116709991335
46 0.0012108689373236457
47 0.001373336443822347
48 0.0014899797818214132
49 0.0017399297918194144
50 0.001975993690150858
51 0.00207875091648337
52 0.002292597036148326
53 0.0025175520451465264
54 0.0027647248328112137
55 0.0028744251149770044
56 0.003023006509809149
57 0.003199360127974405
58 0.0035131862516385604
59 0.00336043902330645
60 0.003643715701304183
61 0.0039089404341353965
62 0.003878390988468971
63 0.003964484880801617
64 0.004110289053300452
65 0.0041672221111333264
66 0.004197771556799752
67 0.004121397942633695
68 0.004211657668466306
69 0.004061687662467505
70 0.004008920438134597
71 0.003976982381301517
72 0.0038242351529694063
73 0.003650658757137462
74 0.0035770623653047177
75 0.0034423670821391275
76 0.0032146348508076176
77 0.0032035259614743715
78 0.0029632962296429603
79 0.002811937612477503
80 0.002664744828812014
81 0.0024786709324801687
82 0.002257881756981937
83 0.002142627030149524
84 0.0019662734119842698
85 0.0018301895176520244
86 0.0017343753471527924
87 0.0015955142304872358
88 0.0013636161656557576
89 0.0013427869981559241
90 0.0011442156013241793
91 0.0011303294896576237
92 0.0009498100379924022
93 0.0009262036481592572
94 0.0008359439223266455
95 0.0007442955853273788
96 0.0007526272523273123
97 0.0006318180808282794
98 0.0005387811326623564
99 0.000531838076829078
100 0.000501288631162656
101 0.0004360239063298445
102 0.00043046946166322235
103 0.00038186807083027784
104 0.00033882112466395575
105 0.0003596502921637888
106 0.0002832766779977334
107 0.00026383612166455564
108 0.0002860539003310444
109 0.0002082916749983334
110 0.00021523473083161112
111 0.0002221777866648889
112 0.00018468528516518893
113 0.00019301695216512223
114 0.00018051945166522223
115 0.00017496500699859999
116 0.00017079917349863334
117 0.0001721877846652889
118 0.00014997000599880004
119 0.00017635361816525572
120 0.00014024972783221115
121 0.00014719278366548893
122 0.00015969028416538896
123 0.00017496500699860007
124 0.00017496500699860004
125 0.00017913084049856666
126 0.00018468528516518896
127 0.00017079917349863344
128 0.00020690306383167783
129 0.00021245750849830001
130 0.00020551445266502228
131 0.0002221777866648889
132 0.00028188806683107783
133 0.00030966029016418875
134 0.0003346552911639891
135 0.0003721477926636888
136 0.0003804794596636224
137 0.0004429669621631224
138 0.00043602390632984457
139 0.0005485014108289449
140 0.0005748850229954005
141 0.0006762536381612567
142 0.0007679019751605236
143 0.0008414983669932686
144 0.0009192605923259794
145 0.0010942255993245794
146 0.001260858939323247
147 0.0014858139483214473
148 0.001696882845653092
149 0.0018857339643182478
150 0.002045424248483637
151 0.0025119976004799043
152 0.0026966828856450913
153 0.0030271723433091154
154 0.0034520873603057158
155 0.0038436757093025845
156 0.004392177120131526
157 0.004860139083294447
158 0.005526672443289115
159 0.006236252749450109
160 0.006797251660778956
161 0.0076290297496056335
162 0.008342775889266588
163 0.009119009531427046
164 0.010197960407918415
165 0.011021406829745152
166 0.012078139927570038
167 0.012946021906729761
168 0.01399858917105467
169 0.015160856717545376
170 0.01572324424004088
171 0.016613343997867094
172 0.017149347908196142
173 0.017958908218356332
174 0.018871225754849025
175 0.019490546335177418
176 0.01993073607500723
177 0.020584771934501978
178 0.020726410273500865
179 0.02109578084383124
180 0.020670865826834632
181 0.02075834833033394
182 0.02030843831233753
183 0.02015846830633873
184 0.019455831056011022
185 0.018896220755848826
186 0.01809638072385523
187 0.017402075140527454
188 0.01664528205470018
189 0.01611760981137106
190 0.015021995600879835
191 0.014019418338554508
192 0.013011286631562579
193 0.012133684374236266
194 0.011211646559576969
195 0.010182685685085204
196 0.009539758714923678
197 0.008442755893265787
198 0.007902586149436779
199 0.006836132773445312
200 0.00622375524895021
201 0.005700248839121065
202 0.0049420671421271265
203 0.004324135172965408
204 0.003956153213801682
205 0.003440978470972472
206 0.00307299651180875
207 0.0027230664978115473
208 0.002428680930480571
209 0.0022162234219822692
210 0.0018371325734853027
211 0.0016607789553200482
212 0.0013733364438223467
213 0.0012358639383234463
214 0.0011386611566575576
215 0.0009345353151591901
216 0.0008428869781599234
217 0.0007387411406607571
218 0.000723466417827546
219 0.00060960030216179
220 0.000533226687995734
221 0.00048184807482947806
222 0.00039992001599680003
223 0.0003901997378302112
224 0.0003221577906640889
225 0.0003041058454975667
226 0.00023884112066475553
227 0.00023328667599813337
228 0.000249950009998
229 0.0002194005643315778
230 0.00019162834099846672
231 0.0001916283409984667
232 0.00018607389633184445
233 0.00022495500899820002
234 0.0001957941744984334
235 0.0001569130618320778
236 0.00015135861716545563
237 0.0001305294496656223
238 0.0001499700059988
239 0.0001541358394987668
240 0.00016802195116532226
241 0.0001541358394987667
242 0.00017357639583194444
243 0.00016107889533204447
244 0.0001763536181652556
245 0.00016107889533204444
246 0.0001874625074985001
247 0.00018607389633184447
248 0.00023328667599813348
249 0.00022078917549823358
250 0.0002666133439978667
251 0.0002971627896642889
252 0.0002749450109978001
253 0.0002860539003310444
254 0.0003402097358306112
255 0.00037353640383034443
256 0.0004068630718300778
257 0.0004735164078295449
258 0.0004540758514963669
259 0.00046240751849630033
260 0.0005873825234953009
261 0.0005721078006620896
262 0.0006109889133284459
263 0.0006457041924948341
264 0.0007831766979937344
265 0.0008109489213268458
266 0.0009248150369926012
267 0.000991468372992068
268 0.0011150547668244135
269 0.0011983714368237468
270 0.001383056721988936
271 0.0014191606123219796
272 0.0015607989513208465
273 0.0016052345086538253
274 0.0018204692394854375
275 0.0019996000799840023
276 0.0021273523073163133
277 0.0023689706503143815
278 0.002521717878646491
279 0.00265363593947877
280 0.002895254282476837
281 0.0030924370681419274
282 0.0031632562376413616
283 0.003189639849807816
284 0.0033868226354729055
285 0.003531238196805086
286 0.0038075718189695385
287 0.0037728565398031507
288 0.004011697660467905
289 0.003983925437134794
290 0.004072796551800751
291 0.004006143215801287
292 0.004140838498966872
293 0.004283865449132395
294 0.004050578773134261
295 0.0041533359994667726
296 0.004011697660467905
297 0.003974205158968205
298 0.0039408784909684726
299 0.0036534359794707736
300 0.0035923370881379285
301 0.0033937656913061824
302 0.0031771423493079168
303 0.0029702392854762372
304 0.0028896998378102156
305 0.0026300295496456258
306 0.002541158434979671
307 0.002260658979315248
308 0.002120409251483037
309 0.0018912884089848693
310 0.0017121575684863036
311 0.0015635761736541576
312 0.001358061720989136
313 0.0013136261636561572
314 0.001065064764824813
315 0.0009553644826590236
316 0.0007873425314937012
317 0.000681808082827879
318 0.0006026572463285122
319 0.0004735164078295449
320 0.0004526872403297112
321 0.0003929769601635221
322 0.0003124375124975
323 0.00025411584349796664
324 0.0002221777866648889
325 0.00018885111866515564
326 0.00014858139483214447
327 0.00010831167099913343
328 0.00010414583749916674
329 7.915083649936678e-05
330 7.637361416605564e-05
331 7.081916949943342e-05
332 4.8601390832944544e-05
333 4.165833499966674e-05
334 2.4995000999800042e-05
335 2.7772223333111154e-05
336 1.666333399986669e-05
337 1.3886111666555575e-05
338 2.2217778666488927e-05
339 9.720278166588903e-06
340 5.554444666622231e-06
341 9.720278166588903e-06
342 0.0
343 4.165833499966673e-06
344 4.165833499966673e-06
345 4.165833499966673e-06
346 6.9430558332777885e-06
347 1.3886111666555577e-06
348 4.165833499966673e-06
349 1.3886111666555577e-06
350 4.165833499966673e-06
351 2.7772223333111155e-06
352 4.165833499966673e-06
353 0.0
354 1.3886111666555577e-06
355 1.3886111666555577e-06
356 4.165833499966673e-06
357 0.0
358 1.3886111666555577e-06
