0 1.5275000555444463e-05
1 1.9440834055411142e-05
2 6.9430558332777885e-06
3 9.720278166588903e-06
4 1.110888933324446e-05
5 1.388666711102224e-05
6 6.9430558332777885e-06
7 1.5275000555444463e-05
8 8.331944722166677e-06
9 2.0829167499833366e-05
10 6.94333355551112e-06
11 1.8052222888755584e-05
12 1.666333399986669e-05
13 8.331666999933345e-06
14 1.944055633317781e-05
15 1.249777822213335e-05
16 5.554722388855562e-06
17 1.2497500499900018e-05
18 8.332222444400008e-06
19 1.2497500499900018e-05
20 1.249805594436668e-05
21 1.9440556333177812e-05
22 1.110888933324446e-05
23 1.2497500499900018e-05
24 9.720555888822236e-06
25 1.805250061098891e-05
26 9.720278166588903e-06
27 1.388666711102224e-05
28 2.0829167499833366e-05
29 1.2497500499900018e-05
30 1.8051945166522255e-05
31 1.110888933324446e-05
32 1.5274722833211133e-05
33 1.5274722833211133e-05
34 1.5275000555444466e-05
35 1.6663611722100024e-05
36 1.110888933324446e-05
37 2.360722299984448e-05
38 2.3606667555377818e-05
39 3.0549723388655606e-05
40 3.8881668110822284e-05
41 3.6104723499744495e-05
42 2.6383612166455603e-05
43 2.777305649981115e-05
44 2.9160834499766715e-05
45 4.721333511075564e-05
46 4.582527938856674e-05
47 6.526500255504452e-05
48 7.359833588837784e-05
49 8.331805861050006e-05
50 6.109972449954455e-05
51 0.00010553555955475562
52 0.00010275861494367786
53 0.00013886278299895564
54 0.0001402508387211445
55 0.00015691528360994446
56 0.00019302028483192223
57 0.00021940445244284458
58 0.00021523834122064443
59 0.0002416219533871
60 0.0002624513986091666
61 0.0002916102890533001
62 0.0003582650136639331
63 0.00039020556999711116
64 0.00046519085071874484
65 0.0005179597413850562
66 0.0006276589126619118
67 0.0006471036348285899
68 0.0007373658601613012
69 0.0008859469772712127
70 0.0010136983714368235
71 0.001042861149992224
72 0.0012553256015463577
73 0.0013802947743784572
74 0.0014663956097669358
75 0.0015580500566553352
76 0.0017399536759314807
77 0.001807996733986536
78 0.002009353129374125
79 0.002132935912817436
80 0.0022315267502055133
81 0.0024717634250927606
82 0.0026314537092581485
83 0.0027925381590348593
84 0.003000826223644159
85 0.003104982892310428
86 0.003245230953809238
87 0.003491019851585238
88 0.0035423981870292614
89 0.0036784854140283047
90 0.003863169032860094
91 0.004260318214134949
92 0.004318635995023217
93 0.004396397942633692
94 0.004661637117021041
95 0.004619981559243708
96 0.004781058788242353
97 0.005125437134795261
98 0.005215693805683306
99 0.005314290752960521
100 0.005542025483792129
101 0.005779482992290429
102 0.005804478271012462
103 0.006123856339843143
104 0.005955832722344421
105 0.006090530505010108
106 0.006462696071896732
107 0.0065529502432846755
108 0.0065793327445622
109 0.00675429969561643
110 0.006804291086227202
111 0.007088950543224688
112 0.007045909706947499
113 0.007088962485280723
114 0.007013969150614318
115 0.007045905263391766
116 0.007302799162389744
117 0.007302804439112183
118 0.007200050267724231
119 0.007183384711946501
120 0.0070417472061143314
121 0.007198665544668841
122 0.007107009709169278
123 0.007059799984447551
124 0.006962600535448464
125 0.006912603868115265
126 0.0068015085871714525
127 0.0065598810793396885
128 0.006559890244173386
129 0.0066668169143949026
130 0.006636265524672846
131 0.006209958841565021
132 0.006327988291230642
133 0.0059933268901775204
134 0.006000271612344197
135 0.005771158546068563
136 0.0058308579950676525
137 0.00590028855340043
138 0.0054128857561820945
139 0.005415650481014903
140 0.005276798806905284
141 0.005225412417516498
142 0.005094874913906107
143 0.0048602101801861804
144 0.004738011008909326
145 0.0047185601768535155
146 0.004572756837521386
147 0.004310315159190384
148 0.004345021273523071
149 0.00394787570263725
150 0.003965928758692705
151 0.003961758481637005
152 0.0038437323646381815
153 0.0036715381923615254
154 0.003541014019418339
155 0.0037243090270834703
156 0.0034729604079184176
157 0.0034118609611411047
158 0.0032966101224199598
159 0.003267443733475528
160 0.003152187618031948
161 0.0030785940034215365
162 0.0031008117820880247
163 0.002941121497922638
164 0.0030619326134773044
165 0.0027883678819791593
166 0.0028119778822013374
167 0.002874470939145504
168 0.0027467048257015254
169 0.002753653991423937
170 0.0026050745406474263
171 0.002725890932924525
172 0.0025092548157035267
173 0.002530088704481326
174 0.00266200982025817
175 0.0024884270368148594
176 0.0026189570419249486
177 0.002450929258592725
178 0.0025162028705370027
179 0.002552301761869849
180 0.0024953698149259027
181 0.0025023087049256807
182 0.0024787098135928367
183 0.0025217528716478923
184 0.0025939581528138813
185 0.0025814614854806806
186 0.002563407040814059
187 0.0026939423226465817
188 0.0026661709324801684
189 0.00273837787997956
190 0.0027481009353684817
191 0.002760595936368281
192 0.0028911278855340036
193 0.002767536770423693
194 0.002878627052367304
195 0.002902240940700748
196 0.0029744453887000383
197 0.00297860844497767
198 0.00307998317003266
199 0.00315774456219867
200 0.00326328373214246
201 0.003289667344308916
202 0.0033910367926414716
203 0.0033757576262525265
204 0.0035229567975293835
205 0.003575726521362394
206 0.003836789031082673
207 0.0037437498611388852
208 0.0039006654224710596
209 0.004047855984358679
210 0.004071464318247461
211 0.004247821824523984
212 0.004429732664578195
213 0.004461673220911372
214 0.004474164889244372
215 0.0047352343420204845
216 0.00500323490857384
217 0.005071278522073362
218 0.004978242129351904
219 0.005353175198293672
220 0.005430935201848521
221 0.005433714090515228
222 0.0055961793752360624
223 0.0058503013286231595
224 0.005875291330622764
225 0.006003047168344106
226 0.006147471616787757
227 0.006171075507120797
228 0.006536280521673444
229 0.006584888300117756
230 0.006579322191117332
231 0.0067043074718389686
232 0.006762625808171701
233 0.006862605534448664
234 0.006822350252171789
235 0.007098674431780313
236 0.007168112210891158
237 0.007104237208113936
238 0.00720143554622409
239 0.007313909995778623
240 0.007176437490279723
241 0.00736945999688951
242 0.007133388322335533
243 0.007255597769335027
244 0.007176441100668757
245 0.007266704436890402
246 0.006991756648670268
247 0.007166716378946435
248 0.007091735541780533
249 0.006804293863449533
250 0.006757071363505076
251 0.006770959419227262
252 0.006529338854451332
253 0.006397418849563418
254 0.006302995512008709
255 0.006200226065897931
256 0.006121079117509827
257 0.0058155788286787065
258 0.005789197160567888
259 0.005682277711124442
260 0.00533928853118265
261 0.0051407090804061395
262 0.005065726021462372
263 0.004842157124130729
264 0.00471995128752027
265 0.004510270723633051
266 0.004367244328911992
267 0.004152006543135815
268 0.004027024595080985
269 0.003945094036748207
270 0.0037743015285831728
271 0.003624323190917371
272 0.0034951829078628716
273 0.003209126785753961
274 0.003125805949921125
275 0.0028925181630340604
276 0.0027425506565353585
277 0.0026939389899797834
278 0.002498147037259214
279 0.002252362027594481
280 0.0022190292497056142
281 0.0020260114643737923
282 0.0019163131262636358
283 0.001666357284098736
284 0.0016094258925992576
285 0.001470560332377969
286 0.0013566911617676463
287 0.0012678172698793572
288 0.0010789642071585676
289 0.0010192517052145125
290 0.0008762255882156905
291 0.0007693016952165124
292 0.0006609872469950458
293 0.0006443228021062454
294 0.000508236130551667
295 0.0004651902952742779
296 0.0004888000177742228
297 0.0003832627918860666
298 0.0003193844564420445
299 0.0003027211224421778
300 0.0002485652869426112
301 0.00024301056455375565
302 0.0001971850074429556
303 0.0001638586171654556
304 0.0001471950054433556
305 0.00012775417138794452
306 0.00010692389299917784
307 9.442833655491119e-05
308 9.720417027705567e-05
309 7.776444711057787e-05
310 6.804222488835564e-05
311 4.7213335110755636e-05
312 6.248805794396678e-05
313 3.610416805527784e-05
314 4.860166855517787e-05
315 4.304833477748896e-05
316 3.610444577751117e-05
317 2.916138994423338e-05
318 3.749250149970007e-05
319 2.9161112222000048e-05
320 2.082972294430003e-05
321 2.6383612166455597e-05
322 5.554444666622231e-06
323 3.193833455531116e-05
324 2.221777866648893e-05
325 1.9440556333177812e-05
326 1.944055633317781e-05
327 1.249805594436668e-05
328 1.3886389388788905e-05
329 1.6663611722100024e-05
330 1.1108889333244462e-05
331 1.944055633317781e-05
332 1.110888933324446e-05
333 2.0829167499833366e-05
334 1.110888933324446e-05
335 1.110888933324446e-05
336 1.110888933324446e-05
337 1.3886111666555577e-05
338 9.720278166588903e-06
339 1.3886389388788905e-05
340 1.1109167055477792e-05
341 9.720555888822234e-06
342 1.3886111666555575e-05
343 5.554444666622231e-06
344 1.1109167055477792e-05
345 1.3886111666555577e-05
346 5.554722388855562e-06
347 1.110888933324446e-05
348 1.3886111666555575e-05
349 1.110888933324446e-05
350 1.8052500610988914e-05
351 5.554722388855562e-06
352 1.5275278277677796e-05
353 1.2498055944366679e-05
354 8.331666999933345e-06
355 1.2497778222133348e-05
356 9.720278166588903e-06
357 6.94333355551112e-06
358 1.805222288875558e-05
