0 1.6663333999866694e-05
1 1.6663333999866694e-05
2 1.3886111666555575e-05
3 9.720555888822236e-06
4 1.2497500499900018e-05
5 1.1109722499944456e-05
6 9.720278166588903e-06
7 4.165833499966673e-06
8 2.7772223333111155e-06
9 2.7772223333111155e-06
10 1.3886111666555577e-06
11 6.9430558332777885e-06
12 4.165833499966673e-06
13 5.554444666622231e-06
14 6.9430558332777885e-06
15 5.554444666622231e-06
16 9.720833611055566e-06
17 4.165833499966673e-06
18 1.110888933324446e-05
19 9.720278166588903e-06
20 1.6663611722100027e-05
21 2.4995278722033372e-05
22 1.8051945166522248e-05
23 2.2218056388722257e-05
24 2.499555644426671e-05
25 2.083000066653336e-05
26 4.999083516630009e-05
27 3.6104723499744495e-05
28 5.1380001777422305e-05
29 6.109944677731121e-05
30 5.693361327734453e-05
31 5.971194649958896e-05
32 8.054083627718898e-05
33 8.054111399942232e-05
34 9.581694772156674e-05
35 9.165139194383343e-05
36 0.000105537503610389
37 0.00010276028127707783
38 0.00012497944855473334
39 0.0001222005598880223
40 0.00015830528338776675
41 0.00015691417272101118
42 0.00019441222866537787
43 0.00017358056166544457
44 0.0001791333399986667
45 0.00023884473105378895
46 0.00026800612099802236
47 0.00027633778799795555
48 0.00030688917772001136
49 0.00037771056899731114
50 0.0003971536248305888
51 0.0004568616832189115
52 0.0004735258503854779
53 0.0006443264124952789
54 0.0007526408607167455
55 0.0008192955853273792
56 0.0009595464240485235
57 0.0010997967073252013
58 0.001370586715990136
59 0.001549717001044236
60 0.0019079842364860362
61 0.002223204803483748
62 0.0024606612010931155
63 0.0027203320447021697
64 0.003149420671421271
65 0.0035507406851962944
66 0.004079811259970229
67 0.004479744606634228
68 0.004838016285631762
69 0.0053587515830167305
70 0.0059475235508453855
71 0.006387727454509097
72 0.0068890235841720555
73 0.007141754704614634
74 0.007663871947832656
75 0.007893002788331223
76 0.007991598902441732
77 0.008398473360883384
78 0.008540098924659513
79 0.008724795318714033
80 0.008973366437823541
81 0.009210822279988444
82 0.009227478115488012
83 0.009264979226376948
84 0.009227476171432374
85 0.009166388666711104
86 0.009123339498766913
87 0.009085849774489544
88 0.00906502921637894
89 0.009044203103823683
90 0.008713678375436023
91 0.0084748425314937
92 0.008413744751049796
93 0.00826099530093981
94 0.007980501955164521
95 0.007744425837054806
96 0.00723618609611411
97 0.0070653758137261425
98 0.006858479970672533
99 0.006576577184563087
100 0.006090564387122574
101 0.005822551600790946
102 0.00528931935835055
103 0.005062970461463262
104 0.004806071285742851
105 0.004386707380746072
106 0.004129805983247796
107 0.003756256804194714
108 0.003441039569863804
109 0.003193862338643381
110 0.0028855826057010824
111 0.0026189700948699144
112 0.0024190048101490817
113 0.0021982070252616133
114 0.001948251183096713
115 0.0018232864538203467
116 0.001601093947877091
117 0.0015469442222666577
118 0.001295599768935102
119 0.0011831158768246348
120 0.0011553447643804576
121 0.0010595292052700566
122 0.000994265591326179
123 0.0008206825301606345
124 0.0007845800284387571
125 0.0007443091937168122
126 0.0006734872469950459
127 0.0006776544691061789
128 0.0006387719678286563
129 0.0006498811348841346
130 0.0006137780777177899
131 0.0006707128018840672
132 0.0007193161367726454
133 0.0007040411362172013
134 0.0006929286364949234
135 0.0007484747494945457
136 0.0007915253060499009
137 0.0007609722499944461
138 0.000823462251994046
139 0.0008831728098824679
140 0.0009817650358817124
141 0.0009748208691595018
142 0.0011359030971583456
143 0.0011331283743251353
144 0.001305319769379457
145 0.0014025194961007797
146 0.00153999533426648
147 0.0016358120042658127
148 0.0017455197849319027
149 0.001873273678597613
150 0.0019913056277633366
151 0.002096839520984692
152 0.002270425637094803
153 0.002567596202981625
154 0.0026758984314248255
155 0.0028369834366460045
156 0.002850871770090426
157 0.0031160976138105718
158 0.003370221788975539
159 0.0035229720722522156
160 0.003617401241973829
161 0.004028437090359706
162 0.004006209869137285
163 0.004364489602079583
164 0.004403362105356706
165 0.004768568508520516
166 0.004913001844075627
167 0.005126849907796219
168 0.005396251027572263
169 0.005610093814570416
170 0.005836437712457509
171 0.005936423270901373
172 0.006362735508453864
173 0.006455775511564353
174 0.006766828301006466
175 0.006751548023728586
176 0.006759888300117755
177 0.00680154746828412
178 0.007052879424115176
179 0.007163988868892886
180 0.007348661378835344
181 0.007225068597391631
182 0.0075055794396676236
183 0.007520855551112
184 0.007465314992557042
185 0.007493082772334423
186 0.007637497222777661
187 0.007581950276611341
188 0.007809683896554023
189 0.007494461107778443
190 0.007526410273500856
191 0.007600015830167294
192 0.007663894721055787
193 0.007695824168499633
194 0.007462532215779071
195 0.007238963596169655
196 0.007533355551111999
197 0.007290327490057546
198 0.0072361908173920785
199 0.007269510542335976
200 0.006979289697616034
201 0.0069556844186718265
202 0.006744619687173674
203 0.006532153013841673
204 0.006458554955675529
205 0.006396054955675529
206 0.006253018007509609
207 0.005875318825123863
208 0.005700352151791863
209 0.0055198263125152735
210 0.005280984636406052
211 0.005085185462907419
212 0.004853289619853804
213 0.004514459608078384
214 0.004238115987913527
215 0.004002050423248682
216 0.003835417916416719
217 0.0036132334644182274
218 0.0032049817814214943
219 0.003006393998977983
220 0.0027925520451465235
221 0.00271339204381346
222 0.0024259412006487594
223 0.0021343323002066244
224 0.0020565697971516804
225 0.0018441084005421144
226 0.0017552361749872244
227 0.0015150019996000804
228 0.0014775100535448459
229 0.001212280877157902
230 0.0010900764291586129
231 0.000980373925214957
232 0.000876228643160257
233 0.000827625585993912
234 0.0007776341953831458
235 0.0007470839165500238
236 0.00057211613232909
237 0.0005554516874402894
238 0.0005304580750516561
239 0.00047074807260770023
240 0.0004054830700526555
241 0.0003985397364971446
242 0.0003846530693861223
243 0.0003929844586638223
244 0.0003582675131640333
245 0.00036243279121953346
246 0.0003263302894976556
247 0.0003166097336088334
248 0.0002930027883312221
249 0.00032216334510875547
250 0.0002582847319425
251 0.00030133306671998895
252 0.00032077612255326674
253 0.0003277194561087779
254 0.00036660056877513346
255 0.0003999272367748668
256 0.00036938029060854454
257 0.00036798751360838907
258 0.0003735447354973446
259 0.0003902086249416779
260 0.00041242529271923336
261 0.00044019807149681123
262 0.0004415872381079334
263 0.00044852973849674463
264 0.0005207405741074004
265 0.0005110186296074114
266 0.0005707266879957341
267 0.0005360127974405116
268 0.0006012797440511898
269 0.0006609930791619455
270 0.0006221133551067568
271 0.0006359953009398123
272 0.0007234772489946454
273 0.00076791419493879
274 0.0007484803039392123
275 0.0008595661423270902
276 0.0009526030904930129
277 0.0009678764247150572
278 0.0010234217045479793
279 0.0010595275389366572
280 0.001160899764491546
281 0.001216446710657868
282 0.0012747697682685684
283 0.0014455711635450682
284 0.0014608503299340134
285 0.001516393110266836
286 0.0016816328400986475
287 0.0016649772823213132
288 0.0017427395076540255
289 0.001814939234375347
290 0.0019496445155413357
291 0.0020968428536514917
292 0.002202372303317114
293 0.0021815486902619467
294 0.0023717856428714266
295 0.002524540925148303
296 0.002677296485147415
297 0.00279254232486836
298 0.0028994731609233697
299 0.0030966545579772923
300 0.003353559010420138
301 0.003527137072585482
302 0.0035604651291963815
303 0.0038242973627496727
304 0.003838184863027396
305 0.004174232375747073
306 0.004083979315248061
307 0.004189510986691551
308 0.004489448776911284
309 0.004457511553244907
310 0.0045005707191894916
311 0.004703313781688107
312 0.0047116396165211415
313 0.00471164211602124
314 0.004625544057855095
315 0.004756070730298384
316 0.004568610722299981
317 0.004579713224021864
318 0.004447804883467749
319 0.004056202926081451
320 0.004045100979804038
321 0.0038215184740829624
322 0.0037715365260281276
323 0.003439645959696949
324 0.003266077062365304
325 0.0030869356684218694
326 0.0029064145504232495
327 0.002553708980426136
328 0.0023315228620942475
329 0.0022620881379279687
330 0.0020204606300962035
331 0.0016371981159323682
332 0.0016552558932657914
333 0.0013803039392121564
334 0.0012511608789353237
335 0.0011081372614366021
336 0.000966495034326468
337 0.00081790419693839
338 0.0006970939145504231
339 0.0006623797462729672
340 0.00048046668444088974
341 0.000479078350996467
342 0.00038603973649714454
343 0.0003249427892199333
344 0.0002818911217756445
345 0.0002277369526094778
346 0.0001874663956097667
347 0.00015969278366548894
348 0.0001735794507765111
349 0.00011386805972138897
350 0.00010831417049923343
351 6.526583572174453e-05
352 6.665389144393344e-05
353 5.971083561065565e-05
354 4.443639049967786e-05
355 2.9161112222000048e-05
356 2.499555644426671e-05
357 1.94413894998778e-05
358 2.9161112222000048e-05
