0 0.037336543326621584
1 0.036752145619196167
2 0.03542632970980924
3 0.034219080603119116
4 0.03266521645044924
5 0.030887917347292952
6 0.02872169425473163
7 0.026949078931142095
8 0.024776602290846904
9 0.022751670847314616
10 0.020789246776572123
11 0.01865466976902862
12 0.016544441153569813
13 0.014696616029756351
14 0.013023075518021813
15 0.011229393816998187
16 0.009811814495547005
17 0.008403232399360066
18 0.0072629082790815
19 0.00602067269014343
20 0.005129332847561694
21 0.004146815854536564
22 0.0034355417917450045
23 0.002922506135694618
24 0.0023483228509461485
25 0.001918682508495046
26 0.0015683458118349203
27 0.0012008370934324317
28 0.0009960813688871504
29 0.0007756236587990408
30 0.0005967197133880692
31 0.000511708540113769
32 0.0004082368640709527
33 0.0002840035466725558
34 0.0002249134738783748
35 0.00019031122825702656
36 0.00015568452477450075
37 0.00011534342882733148
38 8.50571491297761e-05
39 7.064928910779962e-05
40 4.904099353661646e-05
41 2.017077198500208e-05
42 2.7406823546516147e-05
43 2.308909738007549e-05
44 1.1545346059428879e-05
45 1.1535115289165408e-05
46 5.7786337654343615e-06
47 4.310057712481544e-06
48 2.879122903998526e-06
49 2.8848040375296675e-06
50 2.883609882566976e-06
51 0.0
52 0.0
53 1.445554630400592e-06
54 1.4398599304259683e-06
55 1.4306642860412947e-06
56 0.0
57 1.4431513808072413e-06
58 0.0
59 1.4398599304259683e-06
60 0.0
61 0.0
62 0.0
63 0.0
64 0.0
65 0.0
66 0.0
67 0.0
68 0.0
69 0.0
70 0.0
71 0.0
72 0.0
73 0.0
74 0.0
75 0.0
76 0.0
77 0.0
78 0.0
79 0.0
80 0.0
81 0.0
82 0.0
83 0.0
84 0.0
85 0.0
86 0.0
87 0.0
88 0.0
89 0.0
90 0.0
91 0.0
92 0.0
93 0.0
94 0.0
95 0.0
96 0.0
97 0.0
98 0.0
99 0.0
100 0.0
101 0.0
102 0.0
103 0.0
104 0.0
105 0.0
106 0.0
107 0.0
108 0.0
109 0.0
110 0.0
111 0.0
112 0.0
113 0.0
114 0.0
115 0.0
116 0.0
117 0.0
118 0.0
119 0.0
120 0.0
121 0.0
122 0.0
123 0.0
124 0.0
125 0.0
126 0.0
127 0.0
128 0.0
129 0.0
130 0.0
131 0.0
132 0.0
133 0.0
134 0.0
135 0.0
136 0.0
137 0.0
138 0.0
139 0.0
140 0.0
141 0.0
142 0.0
143 0.0
144 0.0
145 0.0
146 0.0
147 0.0
148 0.0
149 0.0
150 0.0
151 0.0
152 0.0
153 0.0
154 0.0
155 0.0
156 0.0
157 0.0
158 0.0
159 0.0
160 0.0
161 0.0
162 0.0
163 0.0
164 0.0
165 0.0
166 0.0
167 0.0
168 0.0
169 0.0
170 0.0
171 0.0
172 0.0
173 0.0
174 0.0
175 0.0
176 0.0
177 0.0
178 0.0
179 0.0
180 0.0
181 0.0
182 0.0
183 0.0
184 0.0
185 0.0
186 0.0
187 0.0
188 0.0
189 0.0
190 0.0
191 0.0
192 0.0
193 0.0
194 0.0
195 0.0
196 0.0
197 0.0
198 0.0
199 0.0
200 0.0
201 0.0
202 0.0
203 0.0
204 0.0
205 0.0
206 0.0
207 0.0
208 0.0
209 0.0
210 0.0
211 0.0
212 0.0
213 0.0
214 0.0
215 0.0
216 0.0
217 0.0
218 0.0
219 0.0
220 0.0
221 0.0
222 0.0
223 0.0
224 0.0
225 0.0
226 0.0
227 0.0
228 0.0
229 0.0
230 0.0
231 0.0
232 0.0
233 0.0
234 0.0
235 0.0
236 0.0
237 0.0
238 0.0
239 0.0
240 0.0
241 0.0
242 0.0
243 0.0
244 0.0
245 0.0
246 0.0
247 0.0
248 0.0
249 0.0
250 0.0
251 0.0
252 0.0
253 0.0
254 0.0
255 0.0
256 0.0
257 0.0
258 0.0
259 0.0
260 0.0
261 0.0
262 0.0
263 0.0
264 0.0
265 0.0
266 0.0
267 0.0
268 0.0
269 0.0
270 0.0
271 0.0
272 0.0
273 0.0
274 0.0
275 0.0
276 0.0
277 0.0
278 0.0
279 0.0
280 0.0
281 0.0
282 0.0
283 0.0
284 0.0
285 0.0
286 0.0
287 0.0
288 0.0
289 0.0
290 0.0
291 0.0
292 0.0
293 0.0
294 0.0
295 0.0
296 0.0
297 0.0
298 0.0
299 1.4386667587413393e-06
300 0.0
301 0.0
302 1.4452537865649208e-06
303 0.0
304 0.0
305 0.0
306 1.4425518164612472e-06
307 0.0
308 4.309161171453386e-06
309 2.8815331788171544e-06
310 5.760734437926729e-06
311 2.883009075213465e-06
312 4.332781615812704e-06
313 7.208292560880089e-06
314 1.729692538612224e-05
315 2.0166577965164805e-05
316 4.038459058681294e-05
317 3.88722712940944e-05
318 6.49000408007282e-05
319 5.1890796512114965e-05
320 8.507855205018803e-05
321 0.0001599432032785604
322 0.00016286310801548042
323 0.00021047036563383626
324 0.0002983878938240817
325 0.00041659077458222285
326 0.0004857734211047064
327 0.0006184052701384321
328 0.0008432965649180098
329 0.0010178715651160053
330 0.001309172024749212
331 0.0018237211258665012
332 0.0021336530888583036
333 0.0026600174547056266
334 0.0032866983266067115
335 0.0040365765291408085
336 0.004864157760551609
337 0.005903331463507559
338 0.006837833877567289
339 0.008010847295561157
340 0.009566048089381374
341 0.010942039859840862
342 0.012740732442027695
343 0.014653885345578536
344 0.016568453339234807
345 0.0183031398446251
346 0.020719414552806206
347 0.022541971183543296
348 0.024693877871012355
349 0.027042448891460683
350 0.02893691028609566
351 0.030722962567893183
352 0.032520494753982804
353 0.03425099352364547
354 0.035499283175832404
355 0.03702031241246906
356 0.03787350143130901
357 0.037659897665902664
358 0.03813793845562343
