0 0.0
1 0.0
2 0.0
3 0.0
4 0.0
5 0.0
6 0.0
7 0.0
8 0.0
9 0.0
10 0.0
11 0.0
12 0.0
13 0.0
14 0.0
15 0.0
16 0.0
17 0.0
18 0.0
19 0.0
20 0.0
21 0.0
22 0.0
23 0.0
24 0.0
25 0.0
26 0.0
27 0.0
28 0.0
29 0.0
30 0.0
31 0.0
32 0.0
33 0.0
34 0.0
35 0.0
36 0.0
37 0.0
38 0.0
39 0.0
40 0.0
41 0.0
42 0.0
43 0.0
44 0.0
45 0.0
46 0.0
47 0.0
48 0.0
49 0.0
50 0.0
51 0.0
52 0.0
53 0.0
54 0.0
55 0.0
56 0.0
57 0.0
58 0.0
59 0.0
60 0.0
61 0.0
62 0.0
63 0.0
64 0.0
65 0.0
66 0.0
67 0.0
68 0.0
69 0.0
70 0.0
71 0.0
72 0.0
73 0.0
74 0.0
75 0.0
76 0.0
77 0.0
78 0.0
79 0.0
80 0.0
81 0.0
82 0.0
83 0.0
84 0.0
85 0.0
86 0.0
87 0.0
88 0.0
89 0.0
90 0.0
91 0.0
92 0.0
93 0.0
94 0.0
95 0.0
96 0.0
97 0.0
98 0.0
99 0.0
100 0.0
101 0.0
102 0.0
103 0.0
104 0.0
105 0.0
106 0.0
107 0.0
108 0.0
109 0.0
110 0.0
111 0.0
112 0.0
113 0.0
114 0.0
115 0.0
116 0.0
117 0.0
118 0.0
119 1.3886111666555577e-06
120 0.0
121 0.0
122 0.0
123 0.0
124 0.0
125 2.7772223333111155e-06
126 2.7772223333111155e-06
127 2.7772223333111155e-06
128 5.554444666622231e-06
129 4.165833499966673e-06
130 4.165833499966673e-06
131 5.554444666622231e-06
132 1.944055633317781e-05
133 2.0829167499833366e-05
134 3.054944566642228e-05
135 2.6383612166455603e-05
136 3.471527916638895e-05
137 7.77622253327112e-05
138 8.470528116598894e-05
139 0.00011525472683241118
140 0.00012219778266568898
141 0.0001832966739985334
142 0.0002485613988313445
143 0.00030271723433091105
144 0.00040408584949676676
145 0.0004943455753293781
146 0.000631818080828279
147 0.0008040058654935682
148 0.0010553444866582234
149 0.0012719678286564904
150 0.0016774422893199139
151 0.0019815481348174815
152 0.0024703392654802374
153 0.00302578373214246
154 0.0036770423693039175
155 0.004518540736297181
156 0.005348930213957204
157 0.006305683307782886
158 0.007313815014774823
159 0.008755193405763294
160 0.01006187651358617
161 0.01140327490057544
162 0.013305672198893557
163 0.015078928658712703
164 0.017021595680863828
165 0.01876846852851652
166 0.02082361305516674
167 0.023044002310648997
168 0.02508248350329933
169 0.02703487080361705
170 0.0285054100291053
171 0.030380035104090295
172 0.031943611277744456
173 0.032943411317736454
174 0.03474582861205536
175 0.03546790641871627
176 0.03586227199004644
177 0.03602473949654515
178 0.036581572574374
179 0.03600529894021196
180 0.03532904530205069
181 0.03453337110355706
182 0.03341692772556601
183 0.03160895598658045
184 0.030457797329423015
185 0.02841931613677264
186 0.026432213557288548
187 0.024911684329800714
188 0.022766280077317867
189 0.020704192494834375
190 0.018635161856517594
191 0.016735541780532784
192 0.015183074496211865
193 0.01325568219689395
194 0.01161573240907374
195 0.010292385967250987
196 0.008900997578262125
197 0.00766513363993868
198 0.006573685262947413
199 0.005443355773289785
200 0.0047212779666288935
201 0.00402558377213446
202 0.0032715679086404957
203 0.0026328067719789366
204 0.002206503143815682
205 0.0018329667399853361
206 0.0014177720011553242
207 0.0012678019951565245
208 0.0010067430958252794
209 0.0007915083649936682
210 0.0005859939123286455
211 0.00048740251949610066
212 0.00039297696016352216
213 0.00028605390033104445
214 0.00024161834299806675
215 0.00016107889533204442
216 0.00014441556133217782
217 0.00013886111666555563
218 6.943055833277787e-05
219 9.998000399920007e-05
220 4.304694616632231e-05
221 5.137861316625565e-05
222 2.9160834499766715e-05
223 3.1938056833077833e-05
224 1.805194516652225e-05
225 1.110888933324446e-05
226 1.110888933324446e-05
227 8.331666999933345e-06
228 1.3886111666555577e-06
229 4.165833499966673e-06
230 2.7772223333111155e-06
231 2.7772223333111155e-06
232 4.165833499966673e-06
233 0.0
234 0.0
235 1.3886111666555577e-06
236 0.0
237 0.0
238 0.0
239 0.0
240 0.0
241 0.0
242 0.0
243 0.0
244 0.0
245 0.0
246 0.0
247 0.0
248 0.0
249 0.0
250 0.0
251 0.0
252 0.0
253 0.0
254 0.0
255 0.0
256 0.0
257 0.0
258 0.0
259 0.0
260 0.0
261 0.0
262 0.0
263 0.0
264 0.0
265 0.0
266 0.0
267 0.0
268 0.0
269 0.0
270 0.0
271 0.0
272 0.0
273 0.0
274 0.0
275 0.0
276 0.0
277 0.0
278 0.0
279 0.0
280 0.0
281 0.0
282 0.0
283 0.0
284 0.0
285 0.0
286 0.0
287 0.0
288 0.0
289 0.0
290 0.0
291 0.0
292 0.0
293 0.0
294 0.0
295 0.0
296 0.0
297 0.0
298 0.0
299 0.0
300 0.0
301 0.0
302 0.0
303 0.0
304 0.0
305 0.0
306 0.0
307 0.0
308 0.0
309 0.0
310 0.0
311 0.0
312 0.0
313 0.0
314 0.0
315 0.0
316 0.0
317 0.0
318 0.0
319 0.0
320 0.0
321 0.0
322 0.0
323 0.0
324 0.0
325 0.0
326 0.0
327 0.0
328 0.0
329 0.0
330 0.0
331 0.0
332 0.0
333 0.0
334 0.0
335 0.0
336 0.0
337 0.0
338 0.0
339 0.0
340 0.0
341 0.0
342 0.0
343 0.0
344 0.0
345 0.0
346 0.0
347 0.0
348 0.0
349 0.0
350 0.0
351 0.0
352 0.0
353 0.0
354 0.0
355 0.0
356 0.0
357 0.0
358 0.0
