0 0.05690555491781468
1 0.055815207828765825
2 0.05374480398274116
3 0.05184155646319609
4 0.04683155968885225
5 0.042811722462924424
6 0.0390664249701316
7 0.03365240287923683
8 0.029441086957736395
9 0.02490893735271346
10 0.020998623038370464
11 0.016810664462616958
12 0.013537766938361116
13 0.010828160479408742
14 0.008356433272391056
15 0.006366926901636137
16 0.00479414841506296
17 0.0035101221102253432
18 0.0025736300770495338
19 0.0018431007675719002
20 0.0012898408324188986
21 0.0008482407678747139
22 0.0005766074283135103
23 0.00039189938591258295
24 0.0002317583502677331
25 0.0001745737217986634
26 9.391560460132232e-05
27 5.869390980129987e-05
28 4.551046837644959e-05
29 2.7886204639406356e-05
30 1.759838665082501e-05
31 1.7609305880357285e-05
32 7.325102946838207e-06
33 2.935719486131661e-06
34 1.466619734835152e-06
35 1.4681700728212355e-06
36 0.0
37 1.4656911026687303e-06
38 0.0
39 0.0
40 0.0
41 0.0
42 0.0
43 0.0
44 0.0
45 0.0
46 0.0
47 0.0
48 0.0
49 0.0
50 0.0
51 0.0
52 0.0
53 0.0
54 0.0
55 0.0
56 0.0
57 0.0
58 0.0
59 0.0
60 0.0
61 0.0
62 0.0
63 0.0
64 0.0
65 0.0
66 0.0
67 0.0
68 0.0
69 0.0
70 0.0
71 0.0
72 0.0
73 0.0
74 0.0
75 0.0
76 0.0
77 0.0
78 0.0
79 0.0
80 0.0
81 0.0
82 0.0
83 0.0
84 0.0
85 0.0
86 0.0
87 0.0
88 0.0
89 0.0
90 0.0
91 0.0
92 0.0
93 0.0
94 0.0
95 0.0
96 0.0
97 0.0
98 0.0
99 0.0
100 0.0
101 0.0
102 0.0
103 0.0
104 0.0
105 0.0
106 0.0
107 0.0
108 0.0
109 0.0
110 0.0
111 0.0
112 0.0
113 0.0
114 0.0
115 0.0
116 0.0
117 0.0
118 0.0
119 0.0
120 0.0
121 0.0
122 0.0
123 0.0
124 0.0
125 0.0
126 0.0
127 0.0
128 0.0
129 0.0
130 0.0
131 0.0
132 0.0
133 0.0
134 0.0
135 0.0
136 0.0
137 0.0
138 0.0
139 0.0
140 0.0
141 0.0
142 0.0
143 0.0
144 0.0
145 0.0
146 0.0
147 0.0
148 0.0
149 0.0
150 0.0
151 0.0
152 0.0
153 0.0
154 0.0
155 0.0
156 0.0
157 0.0
158 0.0
159 0.0
160 0.0
161 0.0
162 0.0
163 0.0
164 0.0
165 0.0
166 0.0
167 0.0
168 0.0
169 0.0
170 0.0
171 0.0
172 0.0
173 0.0
174 0.0
175 0.0
176 0.0
177 0.0
178 0.0
179 0.0
180 0.0
181 0.0
182 0.0
183 0.0
184 0.0
185 0.0
186 0.0
187 0.0
188 0.0
189 0.0
190 0.0
191 0.0
192 0.0
193 0.0
194 0.0
195 0.0
196 0.0
197 0.0
198 0.0
199 0.0
200 0.0
201 0.0
202 0.0
203 0.0
204 0.0
205 0.0
206 0.0
207 0.0
208 0.0
209 0.0
210 0.0
211 0.0
212 0.0
213 0.0
214 0.0
215 0.0
216 0.0
217 0.0
218 0.0
219 0.0
220 0.0
221 0.0
222 0.0
223 0.0
224 0.0
225 0.0
226 0.0
227 0.0
228 0.0
229 0.0
230 0.0
231 0.0
232 0.0
233 0.0
234 0.0
235 0.0
236 0.0
237 0.0
238 0.0
239 0.0
240 0.0
241 0.0
242 0.0
243 0.0
244 0.0
245 0.0
246 0.0
247 0.0
248 0.0
249 0.0
250 0.0
251 0.0
252 0.0
253 0.0
254 0.0
255 0.0
256 0.0
257 0.0
258 0.0
259 0.0
260 0.0
261 0.0
262 0.0
263 0.0
264 0.0
265 0.0
266 0.0
267 0.0
268 0.0
269 0.0
270 0.0
271 0.0
272 0.0
273 0.0
274 0.0
275 0.0
276 0.0
277 0.0
278 0.0
279 0.0
280 0.0
281 0.0
282 0.0
283 0.0
284 0.0
285 0.0
286 0.0
287 0.0
288 0.0
289 0.0
290 0.0
291 0.0
292 0.0
293 0.0
294 0.0
295 0.0
296 0.0
297 0.0
298 0.0
299 0.0
300 0.0
301 0.0
302 0.0
303 0.0
304 0.0
305 0.0
306 0.0
307 0.0
308 0.0
309 0.0
310 0.0
311 0.0
312 0.0
313 0.0
314 0.0
315 0.0
316 0.0
317 0.0
318 0.0
319 0.0
320 0.0
321 0.0
322 0.0
323 0.0
324 2.935410860986684e-06
325 0.0
326 4.406698311277809e-06
327 2.9360324399651656e-06
328 4.3949674664980806e-06
329 1.4660475647291915e-05
330 3.3739093753836675e-05
331 2.7867228658774033e-05
332 5.425960587572043e-05
333 0.0001042443412954261
334 0.00016428588379796614
335 0.0002406813685114495
336 0.0004534848916395586
337 0.000591275976254245
338 0.0008568648571907652
339 0.0013531247019027267
340 0.0017642490511944806
341 0.0024605653972294135
342 0.003392825845434689
343 0.004765941865591816
344 0.006366356725738315
345 0.008441860378684687
346 0.010550444523993329
347 0.013669293186116867
348 0.01698280898752536
349 0.02068331656076044
350 0.025092432180601816
351 0.029455441426274265
352 0.03459984469435707
353 0.03860758944125776
354 0.04326824853671573
355 0.04698631525432987
356 0.05084006027152036
357 0.05418846006718225
358 0.05554715443519895
