0 0.0
1 2.7772223333111155e-06
2 1.3886111666555577e-06
3 0.0
4 2.7772223333111155e-06
5 0.0
6 1.3886111666555577e-06
7 2.7772223333111155e-06
8 1.3886111666555577e-06
9 2.7772223333111155e-06
10 2.7772223333111155e-06
11 0.0
12 4.165833499966673e-06
13 4.165833499966673e-06
14 1.3886111666555577e-06
15 5.554444666622231e-06
16 5.554444666622231e-06
17 8.331666999933345e-06
18 1.5274722833211133e-05
19 1.3886111666555575e-05
20 2.082916749983337e-05
21 1.9440834055411142e-05
22 2.082916749983337e-05
23 1.110888933324446e-05
24 2.4995000999800042e-05
25 2.7772223333111154e-05
26 4.582472394410009e-05
27 4.860139083294454e-05
28 6.804250261058898e-05
29 4.99900019996001e-05
30 9.44258370548112e-05
31 0.00011803250461018897
32 0.00012081056011020006
33 0.00014441611677664453
34 0.00017357778444311117
35 0.0001944066742207112
36 0.0002707808438312334
37 0.0003332691794974333
38 0.0003652061254415778
39 0.00047074112955186706
40 0.0005401719656068785
41 0.000598495856384279
42 0.0007484644737719124
43 0.0008040103090493011
44 0.0009234303139372129
45 0.0011095069874913906
46 0.0011983800462129792
47 0.0014649917238774468
48 0.0016482900642093817
49 0.0017066120109311474
50 0.0019426800750960917
51 0.002062098691372836
52 0.0023287134239818714
53 0.002471740929591859
54 0.0027369692728121033
55 0.002996639838698926
56 0.0030605198404763494
57 0.0031507742895865256
58 0.0034743237463618387
59 0.003681231809193716
60 0.0037603834788597834
61 0.003986727099024639
62 0.004004775989246598
63 0.0039922776555799955
64 0.0040922651580794925
65 0.004182521551245304
66 0.0042297326645781945
67 0.0041561368281899155
68 0.004369981003799237
69 0.0042325093314670385
70 0.004128363216245637
71 0.004199186273856339
72 0.004018660990024214
73 0.0038159301473038717
74 0.0037326048679153026
75 0.0035382012486391604
76 0.0033188031838076817
77 0.003239647903752582
78 0.002923044280032881
79 0.0028105634428669817
80 0.0027397451065342498
81 0.0025592239885356277
82 0.002346766757759559
83 0.0021829073074274025
84 0.0020107206336510467
85 0.0018926870181519234
86 0.0016941139549867805
87 0.0015260931147103912
88 0.0014261122775444906
89 0.0013816750538781133
90 0.0012192061587682468
91 0.0010664586527139013
92 0.0010636814303805902
93 0.0009109328134373128
94 0.0007873469750494346
95 0.0007567975293830122
96 0.0006818130818280786
97 0.0006984744717723127
98 0.0005929419671621229
99 0.0005235091870514782
100 0.0004832386300517669
101 0.0004596339065520225
102 0.0004360250172187778
103 0.0003485439023306444
104 0.00034854279144171097
105 0.00033049167944188885
106 0.0002999425114976999
107 0.00029855278944211096
108 0.00024023056499811112
109 0.0002277327867759779
110 0.00023884306472038888
111 0.0001971838965540223
112 0.00020690334155391125
113 0.0001957961185540667
114 0.00018885278499855557
115 0.00019163056277633325
116 0.00015691306183207782
117 0.00016246833966539998
118 0.00014441611677664453
119 0.0001291413939434334
120 0.00015135972805438896
121 0.00017496584016530006
122 0.00013330750516563338
123 0.0001624683396654001
124 0.00018052084027638885
125 0.00016107917305427778
126 0.00017080000666533336
127 0.00016107972849874444
128 0.00020690417472061116
129 0.00018746334066520003
130 0.00019162861872070008
131 0.00021523584172054448
132 0.00027772556599791107
133 0.0002652255659979111
134 0.00031243890110866664
135 0.0003554866804416888
136 0.0003402114021640111
137 0.0003943669599413446
138 0.00045824362905196703
139 0.000551280854940123
140 0.0005637797440511898
141 0.0006123811348841342
142 0.0008359480881601464
143 0.0008651075340487458
144 0.0009942533715479134
145 0.0011456117109911348
146 0.001253921993379102
147 0.0014316664444888796
148 0.0016441247861538801
149 0.0017982617365415801
150 0.0020843139705392253
151 0.002377317869759381
152 0.0026161592681463704
153 0.0031160640094203373
154 0.003359070685862827
155 0.00387980570552556
156 0.004414419616076783
157 0.004815730465018108
158 0.005532264935901706
159 0.006165466628896445
160 0.006958369437223666
161 0.007513818625163858
162 0.00856916366726654
163 0.009260697860427915
164 0.009977226776866846
165 0.010885384867470947
166 0.011815754071407933
167 0.013034964118287454
168 0.013894520540336372
169 0.014920702526161444
170 0.015412277266768866
171 0.016600938701148666
172 0.017536869015085874
173 0.01822145348708036
174 0.018724140449687846
175 0.019555917705347817
176 0.02006276800195517
177 0.020364099957786222
178 0.02036131856961941
179 0.020895950809838033
180 0.02056405996578462
181 0.020443241351729646
182 0.020280775789286592
183 0.01976560687862428
184 0.01928514074962785
185 0.01889632212446399
186 0.018322819325023883
187 0.017382730120642544
188 0.01639958897109467
189 0.01588302061809861
190 0.014622167788664483
191 0.01395284470883601
192 0.01294332216889956
193 0.011933785742851429
194 0.010956204314692611
195 0.010021660945588661
196 0.009124615076984604
197 0.008342823102046253
198 0.007651292796996154
199 0.00685700082205781
200 0.0060321607900642085
201 0.005375343542402625
202 0.005050403252682797
203 0.00440886517141016
204 0.003964507654024752
205 0.003388227909973559
206 0.0032799187384745256
207 0.0024911798195916377
208 0.002278725643760136
209 0.002074595358706037
210 0.001835754238041282
211 0.00153998033726588
212 0.0013955631096003015
213 0.00129002782776778
214 0.0010761783754360235
215 0.0009650911484369798
216 0.000823453364882579
217 0.0007262469728276564
218 0.0006887558599391232
219 0.000595720855828834
220 0.0005318414094958786
221 0.000494348907996178
222 0.0004360266835521777
223 0.0003596511253304889
224 0.00034715445799728893
225 0.0003096622342198222
226 0.00025689417672021113
227 0.0002596716767757556
228 0.0002457858428314333
229 0.00020134889688728892
230 0.00020273750805394452
231 0.0002069044524428444
232 0.00019857278544291115
233 0.0001874627852207334
234 0.0001860744517763112
235 0.00016385750627652225
236 0.00015135945033215557
237 0.00017774417338754447
238 0.00014719361683218903
239 0.00015413722810993333
240 0.0001374733386656
241 0.0001485825057210778
242 0.00016107972849874444
243 0.00015135889488768895
244 0.0001777427847763778
245 0.00017218889555422224
246 0.00016524583972094445
247 0.00016663389544313337
248 0.0001930177853318223
249 0.00023606473149814447
250 0.00023606639783154443
251 0.00026383778799795546
252 0.00024578500966473336
253 0.0003179944566642222
254 0.0003235489013308445
255 0.0003457658468306334
256 0.0003943669599413444
257 0.0004054752938301223
258 0.0004235286276078112
259 0.00044713418427425543
260 0.0005387836321624563
261 0.0005693322446621785
262 0.0007054169721611235
263 0.0007054169721611234
264 0.0007401364171610126
265 0.0008345594769934898
266 0.0008734411451043123
267 0.0009761980937145909
268 0.0010858986536026126
269 0.0012219842142682563
270 0.0013302967184340908
271 0.0014830433913217355
272 0.0016149628407651799
273 0.0017232764558199475
274 0.0018621375724855024
275 0.0020093325779288575
276 0.0021940203625941484
277 0.0024078623164256025
278 0.002528673154258035
279 0.002680031493701258
280 0.0028563928880890477
281 0.0032160354040303035
282 0.0033063017951965156
283 0.003414615410251283
284 0.003489597358306118
285 0.003621519029527429
286 0.0038062007043035803
287 0.004036709602523938
288 0.00405476571352396
289 0.0041727951631895825
290 0.004121417105467793
291 0.004097814603745917
292 0.0043588748916883295
293 0.004261672110022435
294 0.004221400997578262
295 0.004021435990579661
296 0.0040353282121353504
297 0.004110311826523584
298 0.003895077373414206
299 0.0036923345886378293
300 0.00372844014530427
301 0.0033993404096958374
302 0.0032382592925859267
303 0.003028575396031904
304 0.0029383167810882256
305 0.002645318436312736
306 0.002480072318869559
307 0.002357877313426203
308 0.002056542302650581
309 0.0019343472972072244
310 0.0017663236797085024
311 0.0015483106156546464
312 0.0014038933879890686
313 0.001199765602435069
314 0.001156719767157679
315 0.0010747903197138348
316 0.0008345597547157239
317 0.0006887555822168904
318 0.0006345983581061566
319 0.0005276752982736783
320 0.00044019223932991136
321 0.00037631668110822236
322 0.00034576529138616665
323 0.0002541163989424334
324 0.00022912250883156668
325 0.0001791322291097333
326 0.00016246833966539998
327 0.0001221980603879223
328 0.00011247805994356678
329 7.081916949943344e-05
330 7.220778066608898e-05
331 6.387694683285565e-05
332 4.721305738852231e-05
333 3.74927792219334e-05
334 2.777222333311116e-05
335 2.4995000999800042e-05
336 3.05497233886556e-05
337 1.2497500499900018e-05
338 1.5274722833211133e-05
339 8.331666999933345e-06
340 5.554444666622231e-06
341 6.9430558332777885e-06
342 5.554444666622231e-06
343 2.7772223333111155e-06
344 5.554444666622231e-06
345 2.7772223333111155e-06
346 9.720278166588903e-06
347 1.3886111666555577e-06
348 2.7772223333111155e-06
349 0.0
350 1.3886111666555577e-06
351 2.7772223333111155e-06
352 2.7772223333111155e-06
353 1.3886111666555577e-06
354 2.7772223333111155e-06
355 1.3886111666555577e-06
356 0.0
357 1.3886111666555577e-06
358 1.3886111666555577e-06
