0 0.0014912328146404372
1 0.0015218668599499832
2 0.0016456764066086601
3 0.0014384501201404828
4 0.0016261770925944188
5 0.001658114783736975
6 0.0016025016643952223
7 0.0016664842753125802
8 0.0016289289194929245
9 0.0017152070788561723
10 0.0016901995938523632
11 0.0017416817520323436
12 0.0017819702527703516
13 0.0018125483466382496
14 0.0018098321648969673
15 0.0018501399494876896
16 0.0019225244327384348
17 0.0018946622919193887
18 0.0020212869440043735
19 0.0021465037834710117
20 0.002285576574602013
21 0.0022632786067780606
22 0.002412064088143868
23 0.0023258099236615265
24 0.0024677713740936694
25 0.0025762959197142853
26 0.0027209682659014127
27 0.002782127752478714
28 0.0028405885668928766
29 0.002819742994193657
30 0.0030645486570856167
31 0.003253750593852864
32 0.0032898883423911982
33 0.0033886405337008813
34 0.0037210737150265177
35 0.0037225666736363217
36 0.0038657615308951387
37 0.003965907096921311
38 0.004233028583053743
39 0.004323421786217307
40 0.004445928237379358
41 0.004489090688144087
42 0.004693453046651878
43 0.004822939166279416
44 0.00502595468717136
45 0.005152486767138697
46 0.005280454890497686
47 0.005318067448645927
48 0.005764466581585261
49 0.005704836438266664
50 0.005728419880893135
51 0.005855125316119103
52 0.005978906462631439
53 0.006063625179183562
54 0.006138821172513422
55 0.006276509866439821
56 0.006218071243012051
57 0.0064017635906394406
58 0.006236027271443645
59 0.006343247959944783
60 0.006339228907815569
61 0.006229244196075405
62 0.006209770894978256
63 0.006014951928550811
64 0.006027481484716221
65 0.005903545802022827
66 0.005739514326601544
67 0.005676867044280886
68 0.005469619272548406
69 0.005491986083620128
70 0.005436306056713865
71 0.00518724323971065
72 0.005064799750253414
73 0.0048644632191256
74 0.004779730100982487
75 0.004493060326292185
76 0.0044556111608706
77 0.004337354901131442
78 0.0041662137783405285
79 0.00394224388218364
80 0.003869947465104489
81 0.0038532549244091924
82 0.0035972376587466467
83 0.0035263840640456126
84 0.0034610002675254433
85 0.003355213369602179
86 0.0031896980417888267
87 0.0031465790492603
88 0.003082590220888489
89 0.0029072713042610867
90 0.002879427515909641
91 0.0027821313663279174
92 0.0026179834395009486
93 0.0026374149661133692
94 0.0025652043368667495
95 0.002441322660882315
96 0.002324463119575447
97 0.002434349500164813
98 0.002247975457644791
99 0.0022215144351912706
100 0.0021005267343782415
101 0.002112978257256744
102 0.0020155759001760556
103 0.0020128263432811935
104 0.00198366692817462
105 0.0018501202041781599
106 0.0018445434519683704
107 0.0018000180018921867
108 0.0017123744007622069
109 0.0017012243147905535
110 0.0016859133766215523
111 0.0017290527402034064
112 0.001612228620222085
113 0.001528735757026649
114 0.0015955447242209455
115 0.0014911882032845629
116 0.0014884382965361174
117 0.0014453053687643969
118 0.0014063252005495817
119 0.0014007782657277739
120 0.0014160744184929823
121 0.001386826975799554
122 0.0012881528646467057
123 0.0013479496235130417
124 0.0013312587229134605
125 0.0013646443508822542
126 0.0013646218528699824
127 0.0013215184004078185
128 0.001360448459403329
129 0.0013855272883525572
130 0.0013841194822581692
131 0.0013882501334727768
132 0.0014049922930000419
133 0.0013312598567831121
134 0.0014105726398535618
135 0.001416144902262762
136 0.0014675378661324892
137 0.00144809009906947
138 0.0014981777533760476
139 0.001466142264181428
140 0.0014272141493207576
141 0.0015190316907383735
142 0.001471725668442169
143 0.0015064809910354
144 0.0015524126085578811
145 0.001477326939578217
146 0.0016039406969881492
147 0.0015482504288174457
148 0.0016414506151943196
149 0.001628921995678025
150 0.0015899780362066758
151 0.0016748143337552185
152 0.0017220882446285434
153 0.001706769826796011
154 0.0016316663135749153
155 0.001695682400783234
156 0.0017110049966096318
157 0.0016540113477307723
158 0.0016567372997997674
159 0.0017708160162488598
160 0.001827802148288031
161 0.0017500052851352854
162 0.0017541226400539418
163 0.0017638637364418058
164 0.0018542291294137742
165 0.0017401963850289402
166 0.0018055991732460876
167 0.0018111291004119245
168 0.0019433056386952215
169 0.001830620866975666
170 0.0018528279697554058
171 0.0018640271147396378
172 0.0018751150826749182
173 0.0019543774236065684
174 0.0018390107010652407
175 0.0018779407597898888
176 0.002004529443299887
177 0.001926674358756082
178 0.001880728043517759
179 0.0018932107119212366
180 0.0019057109712539337
181 0.001884898319725531
182 0.001962728871725596
183 0.0018695743197615262
184 0.0017916777081961857
185 0.001830609975782374
186 0.0019433037063475603
187 0.0018946324803073285
188 0.0018820921521367079
189 0.0018556620406989957
190 0.0018514861506368917
191 0.0017791336868519501
192 0.001806995261945001
193 0.0019071455364286667
194 0.0017346450546621465
195 0.0017944660928356543
196 0.0017513066414505615
197 0.001681787401565008
198 0.0018069830174748383
199 0.001698514514437117
200 0.001727675844297953
201 0.0015719010470309329
202 0.001747146182162483
203 0.0015566048631911876
204 0.001596958671293876
205 0.0015426706514304277
206 0.0015079183978245264
207 0.0014925940671307403
208 0.001551035160296384
209 0.001438350671695974
210 0.0014314103610581868
211 0.001464784847305209
212 0.001439763186599742
213 0.0013771895101387763
214 0.0014856791795562008
215 0.0013214925188318408
216 0.0013591155854025619
217 0.0013618456873694747
218 0.0013103906082903636
219 0.0013548692375191344
220 0.0014133807752364877
221 0.0013660502523727108
222 0.001372967632151939
223 0.001329895741385521
224 0.0013882487387274327
225 0.0013326590527930025
226 0.0013215081330342148
227 0.0013326757445955295
228 0.0013604192060120764
229 0.0013548369319186459
230 0.001364667503375856
231 0.001329883222320317
232 0.0013827458818318717
233 0.0013952076327885365
234 0.0014050218437050299
235 0.0014230656481036528
236 0.0014550025201497958
237 0.001386886644692457
238 0.0014661740483112526
239 0.0014703819324432355
240 0.0014898137964604273
241 0.0015218011073337362
242 0.0016205585603128458
243 0.0016191783346474482
244 0.0015565987429427065
245 0.001676194557416956
246 0.0016776433371728393
247 0.0017430212939753475
248 0.001794453513710507
249 0.0018542143629568149
250 0.0019238643165318938
251 0.0020322874265508778
252 0.0019586207180659998
253 0.001930758834961204
254 0.0020726531545142103
255 0.002068491491191935
256 0.002068506849773383
257 0.002094903169359394
258 0.002175588425927059
259 0.0022897273263985875
260 0.0022340342334097895
261 0.002385630943927632
262 0.0023341427138991056
263 0.002373183911223589
264 0.0025470598839169266
265 0.0024399343015299186
266 0.0026416442894622322
267 0.0027918401583790792
268 0.0026610920959266506
269 0.0028488616917012335
270 0.002921236469525647
271 0.002932380414740834
272 0.0030575158955931806
273 0.0030728106036565354
274 0.003312057585904058
275 0.0032299826206644284
276 0.003498636727121718
277 0.003577725836842014
278 0.00351098174301424
279 0.003750247687748073
280 0.003879621144766412
281 0.0040298860709478
282 0.0040965782540754
283 0.004422207900912401
284 0.004409689800423039
285 0.004665615177304814
286 0.004878403356738104
287 0.0048798183951455085
288 0.004924318270008863
289 0.005258168883639232
290 0.005195659024866984
291 0.0053833402659525485
292 0.005337495276754834
293 0.005575386027249555
294 0.005718585877217691
295 0.00579376744788267
296 0.006045439486394608
297 0.00599270082731181
298 0.0061233970039165425
299 0.006176285057417481
300 0.006343183982304316
301 0.006212445652681843
302 0.006117789676614021
303 0.0062333626293124104
304 0.006088670254703534
305 0.006034437613747534
306 0.006099787691547314
307 0.00592587128004985
308 0.0059551191654397834
309 0.005692266742522264
310 0.005607361078946507
311 0.005636608477473378
312 0.005440479032579785
313 0.005123250769892516
314 0.005027283390331035
315 0.004986982541112868
316 0.004859018279018275
317 0.00456405173977484
318 0.0044417297669371095
319 0.004338732605621297
320 0.004042415578553295
321 0.003951900379156602
322 0.00388665498276231
323 0.0037266476190258597
324 0.0035722718890884384
325 0.003633466214037006
326 0.003293999572417189
327 0.0031550327148413115
328 0.003013052294922663
329 0.003035310686169609
330 0.0027724403754072827
331 0.0028600171440413807
332 0.002655552668173137
333 0.0024831051346370305
334 0.002480204482603438
335 0.0022854784707766413
336 0.0022925125638265705
337 0.0022967408809128377
338 0.0021227396596780754
339 0.002099152871832442
340 0.002014331080566272
341 0.002014314110613023
342 0.001916889486146505
343 0.0018306398096094147
344 0.00172491503501604
345 0.0017318825905403739
346 0.0016665180275748078
347 0.0016692459492314384
348 0.0017026859187818392
349 0.001744392620848161
350 0.0017290831205558326
351 0.0016136545705355751
352 0.0016470703257440546
353 0.001566345208720715
354 0.0015719682002980511
355 0.001513469469659307
356 0.0015107357063942279
357 0.00147595673216525
358 0.0015315893646356492
