0 0.0011593703465931542
1 0.0011788039399552286
2 0.0012135765163591794
3 0.0012330326467175372
4 0.0010884674955938655
5 0.001157970604391997
6 0.0011843898154034918
7 0.0011913225786011267
8 0.0012038186725620251
9 0.0011913172960989144
10 0.0012149754334182291
11 0.0013011691206510274
12 0.001316442733706264
13 0.0013469890445679648
14 0.0012997707761939446
15 0.0014262672939836783
16 0.0014791015412906072
17 0.001495727832807529
18 0.00152219488391591
19 0.0015638871712846671
20 0.0016959124705741525
21 0.0018238396318786948
22 0.001857231097716428
23 0.0019169908561409194
24 0.001932245548280772
25 0.002072694940312832
26 0.002149158920339913
27 0.0022533436063954474
28 0.0023854196101469167
29 0.0024897114608764797
30 0.002578664000618453
31 0.002821944520294101
32 0.002924805184435398
33 0.0031235375339741162
34 0.0032501208509390276
35 0.0034891454219740086
36 0.0037157971144101
37 0.0036017549620434458
38 0.00417310609234654
39 0.004249602655438797
40 0.004447007064424497
41 0.004786169535319865
42 0.004936300483018043
43 0.005100367444237231
44 0.005353278927903489
45 0.00544509106344782
46 0.005582683650935894
47 0.0060207060111837395
48 0.00606919714852679
49 0.006319458865733735
50 0.006568341449481278
51 0.006602979599834418
52 0.006619760843418561
53 0.006850454623640072
54 0.006964395126099383
55 0.0070478403315348504
56 0.007214661857995953
57 0.007182656529248805
58 0.00692963926963363
59 0.007024235861098195
60 0.007093788899398766
61 0.0070617729175734105
62 0.00690048435762169
63 0.006879623231303528
64 0.006794841188067623
65 0.006466731037401098
66 0.006487606403514739
67 0.006013590386216744
68 0.006026144937976461
69 0.005892634098709925
70 0.005702197870023876
71 0.005600771697557489
72 0.005311626163069945
73 0.005077967372285178
74 0.005046125052532713
75 0.004749988914832391
76 0.004502506350569728
77 0.0043635415126096685
78 0.004141127422694037
79 0.0039006305587783404
80 0.003858899354494757
81 0.0037324292581350665
82 0.0035447635154615665
83 0.0033752170097673725
84 0.0032625757405926195
85 0.003104141502848897
86 0.002951172311318147
87 0.0029053451465816463
88 0.0027412999731347954
89 0.002607825919140601
90 0.0024827566814588785
91 0.00237290540923586
92 0.0023465187510259425
93 0.002162986563613246
94 0.0022853141894095875
95 0.0021727725351392384
96 0.00206989820927829
97 0.002065706801349986
98 0.0019239461540029093
99 0.0018141029486406
100 0.0017973828587022592
101 0.0017612848529782732
102 0.001766831770972006
103 0.001708438628763446
104 0.0017084553418810428
105 0.001562462090462873
106 0.0015971887360557943
107 0.0015791880226515317
108 0.001587481827395614
109 0.0015249693303588671
110 0.0014331914140596918
111 0.0014666009602006245
112 0.0014665586637268501
113 0.0013706321804743441
114 0.0013039082250460969
115 0.001287255202842286
116 0.0013567357952221392
117 0.0013025521673526448
118 0.0012371845649616121
119 0.0012330295750688127
120 0.001194095063509939
121 0.0011968636494118932
122 0.0011912942052081626
123 0.0011954987079938004
124 0.001180171128127368
125 0.0011329558715489191
126 0.0011246047417553685
127 0.0011190478218650213
128 0.0011565316795005842
129 0.0011676736188117266
130 0.0011510078209524177
131 0.0011468174927893638
132 0.0011955257015624238
133 0.0011523908800347587
134 0.001134360107559661
135 0.0012052231221131196
136 0.0012274361611434082
137 0.0011899055929402956
138 0.0012038156207507613
139 0.0012538757040999235
140 0.0012983362551624031
141 0.0013039151738851906
142 0.0013400930573935644
143 0.0013136538132166513
144 0.0013998394482005196
145 0.001442906661605009
146 0.0014290205635199846
147 0.0014637845006830132
148 0.0014651491789962647
149 0.0016180665958691535
150 0.0015902634883635262
151 0.0016500680351733243
152 0.001633354644442327
153 0.0017348375237887974
154 0.0017654245414623641
155 0.0017723611692216854
156 0.001850222662660427
157 0.001890575263855158
158 0.0018641162510684196
159 0.002062936785032905
160 0.0020045103191731555
161 0.0020851590402630044
162 0.0021212717633190244
163 0.002074017850329117
164 0.0021588104337157453
165 0.0021253997569565196
166 0.0021379907603018746
167 0.0022881306522516817
168 0.0022769894975446688
169 0.002317295614173344
170 0.002345060284565826
171 0.002353456802190404
172 0.0024312562289838984
173 0.0024701985344815006
174 0.0025202583000901524
175 0.0024715793389920933
176 0.0023173153773038313
177 0.002467453879666629
178 0.0025494308193017624
179 0.0024827224298776475
180 0.0024104373870125245
181 0.0024534842976510146
182 0.002450705690372433
183 0.002420208841225851
184 0.0024257095659845755
185 0.002335328343437167
186 0.0023645779369150634
187 0.002390989068355319
188 0.0023395364606789582
189 0.002386772052221515
190 0.0023311856232971777
191 0.002321524058688648
192 0.0023270128202500695
193 0.002221391949295765
194 0.0020698312000693576
195 0.0020962726135280683
196 0.002107356173079646
197 0.0019948058969825617
198 0.002030929484056695
199 0.0020114578223622095
200 0.0020156511757794373
201 0.0018432857032039064
202 0.0019239119307484032
203 0.0017793175589243958
204 0.0017932431888386803
205 0.0017960009279886998
206 0.0016278091249593602
207 0.0016111544082279743
208 0.0015513698869093402
209 0.0015263518311936656
210 0.0014860186897854002
211 0.0015276864469571704
212 0.0015096706647306829
213 0.0014206463349302157
214 0.001383192556116818
215 0.0013956947581798013
216 0.001337281036173824
217 0.0013052790121132393
218 0.001406777226532434
219 0.0013080860060498923
220 0.001287255178756269
221 0.0012955787862805649
222 0.0011941078592050988
223 0.0011829928401597837
224 0.001198267312696129
225 0.0011232180798592501
226 0.001260856299135054
227 0.0011954831077591562
228 0.0011565711413479328
229 0.0011482038830927996
230 0.0011718578249294087
231 0.001198252565378228
232 0.0011663045113205635
233 0.0011857297397215492
234 0.0011718636849617204
235 0.0011802259540387408
236 0.0011676839322787907
237 0.0013108707802350053
238 0.001203815341464408
239 0.0012260759601381383
240 0.0012663793051237548
241 0.0012316448859705082
242 0.001330324349718131
243 0.001320600191216595
244 0.0013553552510067067
245 0.001348362387092178
246 0.0013622896812109724
247 0.0014137450332323903
248 0.0014595905687341383
249 0.001524955975118915
250 0.0014985537697261833
251 0.001513823428820522
252 0.001562476551345439
253 0.0015430157192175013
254 0.0016459197569501202
255 0.0016931043949924597
256 0.0017695987134711594
257 0.0017070556189425173
258 0.001720984555009481
259 0.0019002568503771462
260 0.0019461079830762954
261 0.0018557737523672226
262 0.0020893173130834154
263 0.0020601156151993085
264 0.002108807131247579
265 0.0021185051164713327
266 0.0022631136727843965
267 0.0023617776025235708
268 0.0024549229894860495
269 0.0026092571082815402
270 0.0025731201409855907
271 0.002639832941746372
272 0.0029178125778180517
273 0.002777456664804055
274 0.0030484618213950047
275 0.003225125321445837
276 0.0032723335682213715
277 0.003341839205230419
278 0.003628247352960882
279 0.003701821106027844
280 0.0038256163858873976
281 0.004029947424403175
282 0.004234304849715597
283 0.004430291400179777
284 0.004595652539502902
285 0.004691618293580947
286 0.0050031149175119895
287 0.005210159987833337
288 0.005443715546397828
289 0.0054965286355788505
290 0.005698125516931101
291 0.005931623803940234
292 0.006176294305776518
293 0.006156859615670065
294 0.006325026960957274
295 0.006444605718860582
296 0.006593399011677217
297 0.006886701231751869
298 0.0067309890952242865
299 0.006844902979960895
300 0.0068004237390733475
301 0.006887947668645613
302 0.006882476378326233
303 0.006714274332249857
304 0.006775446297566156
305 0.006872810627920062
306 0.006696173108679755
307 0.006522480849923182
308 0.006664217216037219
309 0.006368085799994486
310 0.006060970423670018
311 0.006026171935826029
312 0.005827431557966166
313 0.005718955806511237
314 0.005317220113727807
315 0.005235193402903193
316 0.005143387048966868
317 0.004884869349132233
318 0.004743018311268691
319 0.004526206491444633
320 0.004212058133620779
321 0.00405223199016403
322 0.004035568078852065
323 0.0037046904267906263
324 0.0035824134756413215
325 0.0032681716517788625
326 0.00323754653025065
327 0.0031180309239741385
328 0.0029387235388671695
329 0.00282053199118762
330 0.0026231788069708585
331 0.002510558604381938
332 0.002513380962927317
333 0.0023701006505506177
334 0.002235351775161342
335 0.0020031662021579113
336 0.0019614619863513568
337 0.001953127548807851
338 0.0018335443117278969
339 0.0017459692315383278
340 0.0017348553407406317
341 0.00161948081677444
342 0.0015764311195645357
343 0.0015110684856023899
344 0.0013720577885226715
345 0.0015054948284662505
346 0.0014582351084858189
347 0.0013303388489349333
348 0.0012677331104054947
349 0.0012497131954451383
350 0.0012177345345482284
351 0.0012330409852732167
352 0.0011704912023599195
353 0.0011454653205314322
354 0.0011468784325922062
355 0.0011649297871095306
356 0.0011329726133935552
357 0.0010759488477057174
358 0.001134351166412352
