0 2.4995000999800046e-05
1 1.805194516652225e-05
2 2.083000066653336e-05
3 2.2218056388722254e-05
4 1.8052222888755584e-05
5 1.110888933324446e-05
6 1.9440834055411142e-05
7 2.4995278722033372e-05
8 3.1938334555311167e-05
9 2.360694527761115e-05
10 3.4715279166388955e-05
11 3.6104445777511176e-05
12 4.582444622186675e-05
13 4.86019462774112e-05
14 5.41569463885001e-05
15 4.0269723833011185e-05
16 6.24883356662001e-05
17 8.054055855495564e-05
18 0.0001138677819991556
19 0.00012358944877691113
20 0.0001346966717767556
21 0.00016524667288764453
22 0.00021246056344286665
23 0.0002735580661645445
24 0.0002707816769979334
25 0.000376318902886089
26 0.00039992279321913326
27 0.0004943516852185116
28 0.0006526539136617122
29 0.0007595797507165234
30 0.0009400980914928129
31 0.0010831283743251354
32 0.0012456008798240354
33 0.0015663717256548689
34 0.0018524253482636811
35 0.001973236186096115
36 0.0025189698171476822
37 0.0029647153902552805
38 0.003363250127752227
39 0.003927039314359352
40 0.004546359339243261
41 0.005318437701348619
42 0.005860005498900219
43 0.006841760814503768
44 0.007712429458552734
45 0.008444237541380607
46 0.009302403408207245
47 0.010135588160145741
48 0.010953485414028295
49 0.012064383234464217
50 0.0130544668844009
51 0.013633538847785991
52 0.014559759714723723
53 0.01491663333999866
54 0.015317949187940185
55 0.015895616432269107
56 0.016115007554044755
57 0.01612889866471149
58 0.0163024728387656
59 0.016159430891599463
60 0.015977535048545863
61 0.015373487246995051
62 0.015172126963496187
63 0.014223705814392676
64 0.013771015519118395
65 0.01293921854517986
66 0.01221991018462974
67 0.011235367648692483
68 0.010506342342642583
69 0.009932846208536066
70 0.008995520062654139
71 0.008184563087382525
72 0.007306944722166674
73 0.006804272201115332
74 0.0060627432846763986
75 0.005501737985736183
76 0.004714383234464218
77 0.004313078217689795
78 0.003768735975027217
79 0.003247997067253217
80 0.0028897342753671502
81 0.002475923981870293
82 0.0020843298007065247
83 0.0018927020151525242
84 0.0016649608967095463
85 0.0013622425514897018
86 0.001142839765380257
87 0.0009706478148814677
88 0.0007942925303828122
89 0.0006595972472172233
90 0.0006040505787731346
91 0.00042491723877446664
92 0.00043047251660778893
93 0.00033882529049745553
94 0.0003027202892754778
95 0.00025689639849807785
96 0.00020551750760958894
97 0.0001569155613321778
98 0.00012358778244351114
99 0.00011247889311026676
100 7.776278077717786e-05
101 8.887167011042231e-05
102 8.053972538825562e-05
103 5.832166899953344e-05
104 4.304694616632231e-05
105 3.332666799973339e-05
106 3.332694572196672e-05
107 2.4995000999800042e-05
108 2.6383889888688933e-05
109 1.2497500499900018e-05
110 1.944055633317781e-05
111 1.2497778222133348e-05
112 1.249805594436668e-05
113 8.331666999933345e-06
114 1.2497500499900018e-05
115 1.110888933324446e-05
116 4.165833499966673e-06
117 6.94333355551112e-06
118 4.165833499966673e-06
119 5.554444666622231e-06
120 4.166111222200005e-06
121 1.1109167055477792e-05
122 4.165833499966673e-06
123 8.331944722166677e-06
124 6.94333355551112e-06
125 4.165833499966673e-06
126 8.331944722166677e-06
127 1.1109444777711125e-05
128 9.720278166588903e-06
129 9.720278166588903e-06
130 1.249805594436668e-05
131 1.8052222888755584e-05
132 5.554444666622231e-06
133 9.720278166588903e-06
134 1.3886111666555575e-05
135 2.6383612166455603e-05
136 1.3886111666555575e-05
137 1.5274722833211133e-05
138 2.7772778777577824e-05
139 2.9161112222000048e-05
140 4.5824723944100075e-05
141 3.0549723388655606e-05
142 5.41569463885001e-05
143 6.248805794396677e-05
144 7.081972494390009e-05
145 7.081944722166676e-05
146 8.05397253882556e-05
147 0.00010137028149925564
148 0.0001069244484436445
149 0.00012081056011020009
150 0.00015274917238774447
151 0.00018746361838743345
152 0.00020134973005398894
153 0.0002471755648870223
154 0.0002666166766646667
155 0.00033465862383078883
156 0.00034715723521962244
157 0.00042353223799684436
158 0.0004651875180519447
159 0.0005235119642738115
160 0.0006068297451620788
161 0.0006096072452176233
162 0.0007748547512719679
163 0.0008387311426603574
164 0.0008984403119376132
165 0.0011136833744362234
166 0.001128950876491368
167 0.0011678319891577236
168 0.001335862827434513
169 0.001370577551156435
170 0.001521936723766357
171 0.0016024742273767476
172 0.0017566103445977469
173 0.0016719095069874907
174 0.0017760534004310248
175 0.0017843850674309585
176 0.0019773978537625816
177 0.0020426670221511257
178 0.001985736186096114
179 0.00202878257681797
180 0.002055169243928991
181 0.0020176709102623916
182 0.0018482606256526462
183 0.0019843470194849926
184 0.0019301942389299916
185 0.0018288164589304358
186 0.0017121758981537036
187 0.0016233039503210473
188 0.0015274908907107463
189 0.001509435612877424
190 0.001355295607545158
191 0.0012469861583238899
192 0.0011928319891577237
193 0.0011428367104356902
194 0.0010456333733253349
195 0.0009331567019929345
196 0.0008637241996045232
197 0.0007276389166611128
198 0.0007165286387167014
199 0.0006151619676064789
200 0.0005457302983847678
201 0.00044852557266324464
202 0.0004193644604412445
203 0.0003568769579417444
204 0.0002888327889977556
205 0.0002749463996089666
206 0.0002277352862760778
207 0.00023606473149814452
208 0.0001763569508320556
209 0.00011386805972138897
210 0.00012775361594347784
211 0.00012914278255460006
212 0.0001013700037770223
213 9.303750361038897e-05
214 6.109916905507787e-05
215 5.554527983292232e-05
216 5.971111333288899e-05
217 4.582444622186675e-05
218 3.471555688862228e-05
219 2.499527872203337e-05
220 4.027000155524451e-05
221 2.7772778777577817e-05
222 2.6383889888688933e-05
223 2.2218056388722254e-05
224 1.944055633317781e-05
225 2.49963896109667e-05
226 2.0829445222066696e-05
227 1.110888933324446e-05
228 1.3886111666555575e-05
229 6.94333355551112e-06
230 5.554444666622231e-06
231 1.110888933324446e-05
232 9.720833611055566e-06
233 9.720278166588903e-06
234 6.943611277744452e-06
235 8.331666999933345e-06
236 9.720278166588903e-06
237 1.5275000555444463e-05
238 6.9430558332777885e-06
239 5.554444666622231e-06
240 6.9430558332777885e-06
241 1.2497778222133348e-05
242 1.110888933324446e-05
243 9.720555888822236e-06
244 9.720555888822236e-06
245 1.2497500499900018e-05
246 9.720278166588903e-06
247 1.1109167055477792e-05
248 1.944055633317781e-05
249 1.110888933324446e-05
250 6.9430558332777885e-06
251 1.3886111666555575e-05
252 2.360638983314448e-05
253 2.3606389833144485e-05
254 5.27680574996112e-05
255 4.582416849963342e-05
256 4.027000155524451e-05
257 5.693361327734453e-05
258 7.776305849941119e-05
259 8.609555866604452e-05
260 0.00010692472616587786
261 0.00012219944899908897
262 0.00016941222866537784
263 0.00018329945122086674
264 0.00023328945322046666
265 0.00030827473394209995
266 0.0003457683463307334
267 0.00041936723766357775
268 0.0005332341864960335
269 0.0006221072452176234
270 0.0007206989157724012
271 0.0008387308649381239
272 0.0010789647626030352
273 0.00115533671043569
274 0.0013039194938790008
275 0.0016052528383212244
276 0.0019135286831522577
277 0.0022537398075940366
278 0.002548132040258614
279 0.002882788720033771
280 0.0033188267901975185
281 0.0037368012508609393
282 0.004246419049523432
283 0.004882413795018772
284 0.0054850752071807845
285 0.005962771612344198
286 0.006715396920615875
287 0.007551345008776019
288 0.008001264191606124
289 0.008977479781821417
290 0.009931456764202713
291 0.01056883067830878
292 0.011352011819858251
293 0.012340731575907041
294 0.012978104656846404
295 0.014158431647003934
296 0.014455600268835115
297 0.014719448888000178
298 0.015181851962940742
299 0.015912274767268763
300 0.01613167755337822
301 0.01606501949610078
302 0.016294150336599346
303 0.016016426992379304
304 0.015437375858161705
305 0.014995791119553868
306 0.014947183618831801
307 0.014216756093225797
308 0.013707138016841076
309 0.012312949076851295
310 0.012057437401408608
311 0.011096511531027134
312 0.010159193716812186
313 0.009148280066208977
314 0.008219280866049007
315 0.007363889166611123
316 0.006662635528449864
317 0.006087736341620563
318 0.005136532415739074
319 0.004581083227798884
320 0.003896481537025927
321 0.0034424048523628596
322 0.0029022303872558806
323 0.002453703148259238
324 0.002155145082094691
325 0.0017219006198760246
326 0.0015441567242107136
327 0.0012178242129351903
328 0.0010525783732142462
329 0.0008901092003821462
330 0.0007234730831611457
331 0.0006290489124397344
332 0.0004971286298295895
333 0.0004068664044968779
334 0.00033743556844186674
335 0.00026661639894243346
336 0.00024995389810926667
337 0.00021523806349841115
338 0.00018607528494301114
339 0.0001680244506654223
340 0.00013191917172121118
341 8.192861427714452e-05
342 8.74836143882334e-05
343 7.637555822168895e-05
344 6.248778022173343e-05
345 5.693361327734453e-05
346 5.554555755515565e-05
347 5.4156668666266774e-05
348 3.610444577751117e-05
349 4.4436390499677854e-05
350 2.0829167499833366e-05
351 2.4995000999800042e-05
352 2.0829167499833366e-05
353 3.1938334555311167e-05
354 3.0549723388655606e-05
355 1.8051945166522255e-05
356 1.944055633317781e-05
357 1.944055633317781e-05
358 1.8052778333222244e-05
