0 0.0015004838590778299
1 0.0014546197020285055
2 0.001444913871801674
3 0.0013697616524770508
4 0.001298853507488336
5 0.0013502857868752294
6 0.0013072255677055943
7 0.0014143046591055038
8 0.0013433625176515445
9 0.0013002237583331889
10 0.0014392647762757303
11 0.0013266295878816977
12 0.001411500132012901
13 0.0013030388415075488
14 0.0012960582152517059
15 0.001291850328197866
16 0.001330843321987295
17 0.0013767637684149745
18 0.0013683861359918132
19 0.0014407068806062413
20 0.001450437167177753
21 0.0014893388271562534
22 0.001432367698407478
23 0.0014545494806853427
24 0.0014726752066619223
25 0.0014309526290479289
26 0.0014073137157878735
27 0.001482438642135649
28 0.0014503995461970594
29 0.0015283017237338198
30 0.0015060865108866628
31 0.001608924793396968
32 0.0015783812919770875
33 0.0015547119968119829
34 0.0016464528903867906
35 0.0016172369846329216
36 0.0016660034089436765
37 0.0016868412470740315
38 0.001739684078412714
39 0.0016756835863784838
40 0.0016882531997230968
41 0.001749390367584441
42 0.0016367593639497599
43 0.0016979712142177767
44 0.0017424496532508682
45 0.0017271511984051104
46 0.0017132381319878121
47 0.00177446248115315
48 0.0017508255411031127
49 0.0018593032375378408
50 0.0018662802979212442
51 0.0017883527476758908
52 0.00183003304558899
53 0.0018355637867450707
54 0.0018885047490086672
55 0.0018523240015650149
56 0.0018592937728271293
57 0.0019217992461761978
58 0.0018940234338549354
59 0.0018620100111954143
60 0.0018523175577517374
61 0.00196633439164801
62 0.0018425772842318795
63 0.001921866943621598
64 0.001964924629892598
65 0.0019343513317617998
66 0.0018745882439015354
67 0.001932949368437578
68 0.001966335009472405
69 0.0018898554083588283
70 0.0017855588661826764
71 0.0018175272014478508
72 0.0018258310163991607
73 0.0018523398788233118
74 0.0018606497971843028
75 0.0018064171876694078
76 0.0017632954373327414
77 0.0017854931419447244
78 0.001842550544698544
79 0.0017591579956247752
80 0.0018119565705179601
81 0.001889813672859707
82 0.0017939149945406206
83 0.0017577326013938058
84 0.0017202432950768802
85 0.0015978192746839365
86 0.001557510974108364
87 0.001549151158215926
88 0.001532405140995209
89 0.0016186715672120628
90 0.0015435368576252784
91 0.0013975633640212733
92 0.001536621388437653
93 0.0015477391828425452
94 0.0014851885488402889
95 0.001433711484580855
96 0.0014921477638456533
97 0.001371154460811255
98 0.0013350085755473957
99 0.0013920122549529986
100 0.001430933401945115
101 0.0014072521454946054
102 0.0012849256632153465
103 0.0013127635791044068
104 0.0013253348564824239
105 0.001366985006512417
106 0.001336382685202047
107 0.001387817490766308
108 0.0013252103368226096
109 0.0012292724160786967
110 0.0013224732515347598
111 0.001322461255893938
112 0.001293249769717344
113 0.0013461074509933902
114 0.00131552544096938
115 0.0014128564137661239
116 0.0013516810796019268
117 0.0014323320179739283
118 0.0012418128184667283
119 0.0013697597082106608
120 0.0013780643383641278
121 0.0014031361817555068
122 0.0014685135874865094
123 0.001468512137166085
124 0.0014712451298793687
125 0.0015630040918442837
126 0.0015561092459291375
127 0.0015491425722624743
128 0.0015491422454881572
129 0.0016506608049784049
130 0.0016631911202010087
131 0.0016798680798815187
132 0.0017285083425320358
133 0.001756334278985805
134 0.001798105876286097
135 0.001999690581042295
136 0.0019524268859735265
137 0.0018661869250989045
138 0.002013582729462771
139 0.0018939914165068802
140 0.0021345860954282074
141 0.002154054210592239
142 0.002148497225449661
143 0.0023779420347426147
144 0.002199927810658405
145 0.002201341794347963
146 0.0022903714540099237
147 0.002480856692963508
148 0.0024168654078681982
149 0.0026046069005949764
150 0.002546167030535037
151 0.002612987902809449
152 0.0027200441360358944
153 0.0027284035747664973
154 0.002793729760520767
155 0.0029495301557588374
156 0.0030941253112965333
157 0.0031330450925213128
158 0.003258228784956569
159 0.0033124262685515164
160 0.0033304408618119786
161 0.0034876604502061754
162 0.0035850215573334757
163 0.003815868668779289
164 0.003828376443901959
165 0.004034180403128193
166 0.0041425812534939535
167 0.004362299460787441
168 0.004462476968374308
169 0.004595914895879693
170 0.004722480710560011
171 0.004761395134305038
172 0.005113302326494505
173 0.005203654966835557
174 0.005160562615063527
175 0.005487331876820011
176 0.005398417984550471
177 0.005453970081167849
178 0.005775260343034701
179 0.005923980721263878
180 0.0058530719374431115
181 0.006196577376387635
182 0.006316144764392609
183 0.006280009219049626
184 0.006152135746767758
185 0.006363461879703515
186 0.0063133967681407045
187 0.00616733689449396
188 0.006476067514315864
189 0.006129788492356568
190 0.006044888920199927
191 0.006053399447365211
192 0.0060212751405380495
193 0.005926774850123686
194 0.005791906863876758
195 0.005751515250485441
196 0.0054526157962979695
197 0.0054456479138237255
198 0.005342764519585096
199 0.005097964641935774
200 0.004936603783360698
201 0.00470853662071285
202 0.004419432879636729
203 0.004354058298991225
204 0.004269168531128239
205 0.004046694571340377
206 0.0040272485237455476
207 0.003721309332451142
208 0.0036586754422454626
209 0.003539063526097486
210 0.0033555970439611664
211 0.003187334229232108
212 0.0031414469123986037
213 0.002877177987021951
214 0.0029175139130461613
215 0.0028423825780855643
216 0.0026657837231306523
217 0.002528177489695418
218 0.002525349837602846
219 0.002387675147539575
220 0.00225551333096368
221 0.0023251482203369435
222 0.0020984137219395562
223 0.002130378482770641
224 0.0020150025444442463
225 0.001974626248987315
226 0.0019120759433767013
227 0.0018551045528645814
228 0.0017855476670264017
229 0.001720156097587624
230 0.0016701550298188514
231 0.0017868906141978943
232 0.0016492652233392607
233 0.0016923697405962482
234 0.0017007311823973915
235 0.0015755374799470772
236 0.0016228304013465884
237 0.001538009400649537
238 0.0016242094997107371
239 0.0015769478164751796
240 0.001546440541739722
241 0.0015171112454550823
242 0.0014671007581092714
243 0.0014712559831722041
244 0.001411455572618841
245 0.0015796769012943095
246 0.0015324499875884702
247 0.0015185143122959524
248 0.0016367913983587454
249 0.0016019912247249044
250 0.001618686280517003
251 0.0016242440374673649
252 0.0016270012980641076
253 0.0016492699454954147
254 0.0017758594691072462
255 0.001759154368160041
256 0.001724362874666256
257 0.0019065273190257137
258 0.0019315075062070431
259 0.0018606205449954688
260 0.001848123077498433
261 0.0020302777572914574
262 0.002033075357560627
263 0.002049729138635444
264 0.00222218480089597
265 0.002272220924437793
266 0.002195739984772247
267 0.0023515133758334433
268 0.002489219025864056
269 0.002512864332208371
270 0.0026101724884410697
271 0.0026755804636122097
272 0.0027464594114194343
273 0.002831291225111613
274 0.0031218771825280243
275 0.0032485104106375166
276 0.003112181204864274
277 0.003466777896145906
278 0.0035335926155592562
279 0.0037185036701882
280 0.0037156766460807603
281 0.003836684642629142
282 0.004152351601467046
283 0.004384590645263562
284 0.004361030031161111
285 0.004568187531449577
286 0.004717010420214672
287 0.004801787834042637
288 0.004868519550036931
289 0.00497420535012815
290 0.005052048763707735
291 0.0053511016439561415
292 0.005612521887980208
293 0.005648737876787757
294 0.0057738483199204944
295 0.00583641807959569
296 0.005861492467442572
297 0.005979654763898352
298 0.006234075109052487
299 0.006152097541638123
300 0.0063189511578482715
301 0.006195217354336088
302 0.006197971566345351
303 0.006252199323943989
304 0.0063397574713786155
305 0.006235453569047988
306 0.006179900965005664
307 0.00629542192954708
308 0.00598374786789328
309 0.0058614969035405496
310 0.005857389299150528
311 0.005683519882014819
312 0.005526354600607272
313 0.005644455033173557
314 0.005413711548161938
315 0.00525792648555759
316 0.005130056124781479
317 0.0049367446599045545
318 0.004844902477694872
319 0.004579369939715473
320 0.00451673214990851
321 0.0042956228816024185
322 0.004247010957262541
323 0.004011974842746299
324 0.004046644984542536
325 0.0038840305241257442
326 0.0037546860928412734
327 0.003658670403326179
328 0.0034821595185863885
329 0.003345834203170089
330 0.00325821420966199
331 0.003055229855137386
332 0.003144230297441968
333 0.003053815063523724
334 0.0028313149415351924
335 0.0027144813085737377
336 0.0026435996561169637
337 0.0027645291823799006
338 0.0025989998253244505
339 0.0024641499574979894
340 0.0024155051977147995
341 0.0023292630657499227
342 0.0022083149202946403
343 0.002145762908832765
344 0.0020998059548157037
345 0.002113739968408607
346 0.00199553585209276
347 0.001991391760940847
348 0.0019371163230085307
349 0.0018425809035399433
350 0.001802272837643245
351 0.001864825633212761
352 0.0017702685025401638
353 0.001716040933874576
354 0.0016423149611901554
355 0.0015644353233710958
356 0.001650683044183291
357 0.0015769620384447013
358 0.0014977158550738062
