0 0.0016146580887890787
1 0.0016397248739569898
2 0.001695329093317855
3 0.0017343129026690014
4 0.0018219431343443973
5 0.0017315443516305233
6 0.0018650381887834967
7 0.0018942348656596155
8 0.001958236754319903
9 0.001976294526875727
10 0.001967936671218561
11 0.002034743888456766
12 0.0020708140170642274
13 0.002127885075491329
14 0.0020528108751257193
15 0.002180706229011083
16 0.00221411442889394
17 0.0023309820529794295
18 0.002414435585450158
19 0.002407440152245582
20 0.0024352019970570564
21 0.0025589990442868213
22 0.0027662921202074664
23 0.0027468054084556193
24 0.0027523297138659555
25 0.0028872662247280997
26 0.00288445306258352
27 0.002908081947119363
28 0.003112503765542512
29 0.003141756161351136
30 0.0032586159243039583
31 0.003465811023152496
32 0.0035381253443024516
33 0.003746794791961406
34 0.003625821831657374
35 0.0037119907309159966
36 0.004012254624843645
37 0.004158407992181446
38 0.00419730882237274
39 0.004371158372263647
40 0.004604917029013743
41 0.004738396267091979
42 0.00472861498950568
43 0.005048475668788091
44 0.005022115550701804
45 0.005182022995027738
46 0.005303046656420195
47 0.005486636511131235
48 0.0054893953121941995
49 0.005763319954615334
50 0.005741035656829142
51 0.005958103644682105
52 0.005994236727465578
53 0.005930337571400519
54 0.006009493519235327
55 0.0061318969506820135
56 0.006261270109587496
57 0.006261263665318241
58 0.006022058238659679
59 0.0061569467784369164
60 0.006045787653687782
61 0.006022070956504206
62 0.005931575303073203
63 0.005660415357952712
64 0.005860638101992301
65 0.005660557708108584
66 0.005488017302839622
67 0.005447669137076446
68 0.005293352858496111
69 0.005173705854499969
70 0.005116608268975063
71 0.004934447194729878
72 0.004742530091507976
73 0.004446251294651676
74 0.004326695679498894
75 0.0042126537100832155
76 0.004184799306678266
77 0.003923330491998305
78 0.003834359610984892
79 0.0036924458206942165
80 0.003481040242578579
81 0.0034533478622529906
82 0.0033336180134524297
83 0.0029762170537247718
84 0.00303883846534231
85 0.002940099122609402
86 0.002762024919828122
87 0.0027426145020058353
88 0.002699499443664327
89 0.0025130969122813393
90 0.0023921381692157814
91 0.0023434427730413153
92 0.002273886464402677
93 0.0021890621175062056
94 0.002170973452358048
95 0.002076400189848755
96 0.001976275879543335
97 0.002013791949897617
98 0.0018580480489829457
99 0.0017898539083286186
100 0.001860847845840158
101 0.0017676183429759286
102 0.001663375267513161
103 0.0016605487022791309
104 0.0017064343515734827
105 0.0016188242002710873
106 0.00167445709423305
107 0.001654999041993163
108 0.0016842091290797056
109 0.0015728872955614282
110 0.0015284217829343917
111 0.0015159195692870677
112 0.0015646514751107019
113 0.0015325683428111796
114 0.0014241051220705862
115 0.0015131618465256038
116 0.0015312137583594395
117 0.0014797809418207785
118 0.0015910177914523584
119 0.0015813114556160355
120 0.0016160447418320832
121 0.00166617338470817
122 0.0016285703680601166
123 0.0016244257201834282
124 0.001616068710886079
125 0.001723137477886878
126 0.0016091292936386298
127 0.0017398422977669375
128 0.0017245286148798583
129 0.001699477696026467
130 0.0019317863663002063
131 0.0018677841975498597
132 0.0019692500700857736
133 0.0019971336565463445
134 0.002061082065362647
135 0.0021640042784344124
136 0.002226606646805891
137 0.002216816442625683
138 0.0023308631358051573
139 0.0024073669035858097
140 0.002412906034398404
141 0.0026271279579869323
142 0.0026243270873747234
143 0.0027745338551010217
144 0.002924794850887597
145 0.0029762572332500555
146 0.003045719685489101
147 0.0032418175338431625
148 0.003353037158241883
149 0.0035436145580943056
150 0.003614529690945516
151 0.0037536110428080865
152 0.003969180810402556
153 0.003902387436454584
154 0.004302938031641802
155 0.0042737510776263464
156 0.0044809319814045675
157 0.004725758390814176
158 0.004768879970476512
159 0.00505389780720006
160 0.0051317771527242696
161 0.005255651575678001
162 0.005357147175889404
163 0.005660367184116885
164 0.00569926374950747
165 0.005836993950984254
166 0.005949536583903802
167 0.005853641869901244
168 0.006148457987355098
169 0.00636830595907999
170 0.006165138832583151
171 0.006301485624076178
172 0.006362641476459599
173 0.006487820408795173
174 0.006508658822984721
175 0.00641685462459154
176 0.006167981802690148
177 0.006286199501612052
178 0.0061582425544581985
179 0.006188792051626323
180 0.005974603231480526
181 0.005987124042108587
182 0.00579953160645562
183 0.005850824818069515
184 0.00569090425782522
185 0.005508740878810213
186 0.005344664825676465
187 0.005194379516617439
188 0.004967740836006738
189 0.004860616349803323
190 0.0047730189889506
191 0.004606169931493732
192 0.004473978053509812
193 0.004332175949836607
194 0.004244593951959838
195 0.0039386107623393465
196 0.0039052295932873677
197 0.0036229137645806997
198 0.0036354517842564584
199 0.0034838392799634013
200 0.0033433636292925107
201 0.0032891137553148096
202 0.0033127332159642977
203 0.003006799888259895
204 0.0030235158236754205
205 0.002972036485834115
206 0.0028816093083747687
207 0.002755067363233371
208 0.002682783142241048
209 0.002607630923779338
210 0.0024588147484374758
211 0.0024616053693638767
212 0.00241155392051487
213 0.002336425090977571
214 0.00223633800919805
215 0.002137545158061317
216 0.001958171293698784
217 0.0020485314094642747
218 0.0020235654125298924
219 0.0019094666432271379
220 0.001928991589617672
221 0.00181350228646761
222 0.0018969803393328341
223 0.0017454159615967132
224 0.0016995046900142108
225 0.00170087266707646
226 0.0016842110074624839
227 0.0016298873812239905
228 0.001575732485035667
229 0.001528478870051896
230 0.001458898348877671
231 0.001457503871873908
232 0.0014352914532053604
233 0.0013768554077869767
234 0.0014004386387590528
235 0.0013517849999260707
236 0.001361573478217949
237 0.001372690726200582
238 0.00136294729443276
239 0.0013462417130788024
240 0.0013128602059202668
241 0.001357356435005593
242 0.0012975952998829096
243 0.0013267666497934968
244 0.001438039690611845
245 0.0013532287438342394
246 0.0013893829703120468
247 0.0013963385323919682
248 0.0014463913867570183
249 0.0014199746750942505
250 0.0014394614320069254
251 0.0014213666383285665
252 0.0014449546061729756
253 0.0013907498544402284
254 0.0014032799048808607
255 0.0013977511245204337
256 0.0015409615913596322
257 0.001453322484235009
258 0.0014297124535958062
259 0.0014005355738242683
260 0.0015548574286260804
261 0.0015492968629688257
262 0.001553470756172839
263 0.0016327554120038879
264 0.0016201893936132966
265 0.0016300141178214951
266 0.0016536154533084416
267 0.0016606032967104358
268 0.0016174414386147297
269 0.001642444748867644
270 0.001661948218611431
271 0.001642422729377669
272 0.0016994868409132829
273 0.0017635004321330122
274 0.0016563492137928785
275 0.0018135919677155835
276 0.0017370678852847248
277 0.0017774126956373588
278 0.0018399830626150122
279 0.00182748589771257
280 0.001826034574775648
281 0.0017036657603220944
282 0.001801025980543656
283 0.0018997305702492227
284 0.0018371955718600595
285 0.0017718490765961485
286 0.0018789059055853005
287 0.0020040315730494216
288 0.001910944667246812
289 0.0019039066695604302
290 0.0018024471600207577
291 0.0018998027162105298
292 0.0019275748529127472
293 0.001920622328562718
294 0.0019261731250563411
295 0.001902542564200159
296 0.0019261848582910576
297 0.0018566588835778816
298 0.001947000874336597
299 0.0018747400551785292
300 0.0018399941916517953
301 0.001898445561915704
302 0.0018747539856308892
303 0.0019150976994087889
304 0.0018552413229689399
305 0.0017634452869140455
306 0.0018872589613868306
307 0.001767655926159977
308 0.0017913176783162553
309 0.0017996518780593294
310 0.0018275042644101448
311 0.0018010511051129723
312 0.0017342836608004602
313 0.0017440281641688492
314 0.0017523673114584306
315 0.0017133982689054904
316 0.0016425101747563073
317 0.0016341128393884507
318 0.0015604630877112712
319 0.0015799038910290985
320 0.001504832390840572
321 0.0015381690534287983
322 0.0014895521700533888
323 0.0015506654255994312
324 0.0015395682335158716
325 0.0014700328163247051
326 0.001401900744124051
327 0.0014199445947220926
328 0.001401881290083376
329 0.0013532293075261897
330 0.0013324110267462887
331 0.0013990892960775892
332 0.0013323477809031427
333 0.0013309712045243254
334 0.0013712990254015388
335 0.001360214135640444
336 0.0013768787912119965
337 0.0013684661050949532
338 0.0014005138259583936
339 0.0013587753654705557
340 0.0012920386155997696
341 0.0012947946633525638
342 0.0012739449163158623
343 0.001353220088097353
344 0.0013629905128582508
345 0.0013045491727786056
346 0.001335138938684379
347 0.0013532381952684124
348 0.0014561266290411047
349 0.0014199680131780196
350 0.001399137480786607
351 0.0013532176074660502
352 0.001472828984613016
353 0.001421368579594153
354 0.0014394422063391554
355 0.0014018536863631235
356 0.0015507617530073187
357 0.0015298674715244717
358 0.0015173563825518015
