0.6853995964451635 0.00019992639277970948
2.239468932992342 0.00042338041311965074
3.7935382695395203 0.0006689433146793617
5.347607606086699 0.0009244402287818422
6.901676942633878 0.0011611228535086827
8.455746279181056 0.0014627735593744718
10.009815615728234 0.0017357435140341363
11.563884952275414 0.001990377951091283
13.117954288822592 0.002301120287290148
14.67202362536977 0.0026273108813115397
16.226092961916947 0.002924457721979851
17.780162298464127 0.0032717029728484203
19.334231635011303 0.0036378555595189843
20.888300971558483 0.004027427248926175
22.442370308105662 0.004421300725297198
23.99643964465284 0.0048583158335618725
25.550508981200018 0.005202003488693462
27.104578317747198 0.005647716485979675
28.658647654294374 0.0060957527770821385
30.212716990841553 0.006595431011139642
31.766786327388733 0.007005319749925047
33.320855663935916 0.007505218017581107
34.874925000483096 0.007954914423594958
36.42899433703027 0.008522455969256928
37.98306367357745 0.00897122908232625
39.53713301012463 0.009431662643337002
41.09120234667181 0.009895171906429962
42.645271683218986 0.010465927199668101
44.199341019766166 0.010828757065899449
45.75341035631334 0.011375248388418647
47.30747969286052 0.011744247239949098
48.8615490294077 0.012094862414004788
50.41561836595488 0.012488392441993935
51.96968770250206 0.01285875154220649
53.52375703904924 0.01310891954729563
55.077826375596416 0.013336668861589593
56.63189571214359 0.013660809198360909
58.18596504869077 0.013830110837676664
59.74003438523795 0.013976960347993787
61.29410372178513 0.014119924471797687
62.84817305833231 0.01415964921430206
64.40224239487948 0.014121359203663251
65.95631173142667 0.014084235558564893
67.51038106797384 0.014026653460596832
69.06445040452103 0.013856180650814962
70.6185197410682 0.013695367116541329
72.17258907761537 0.013497747770765326
73.72665841416256 0.013174452341996155
75.28072775070973 0.01281654739313102
76.83479708725692 0.012491373544785713
78.38886642380409 0.012126851092412334
79.94293576035128 0.011771755237323682
81.49700509689845 0.011282733730344986
83.05107443344562 0.01089228072555223
84.60514376999281 0.010440094804611761
86.15921310653998 0.009987701991620941
87.71328244308717 0.0095008781059728
89.26735177963434 0.009001293941341807
90.82142111618151 0.008574227318454428
92.3754904527287 0.008103596274896391
93.92955978927587 0.0076353984184310605
95.48362912582306 0.00713216111514334
97.03769846237023 0.006649646373227196
98.59176779891742 0.006110255973858017
100.14583713546459 0.005762801956322955
101.69990647201176 0.005292672521999942
103.25397580855895 0.004909562177804167
104.80804514510612 0.004521083883932059
106.36211448165331 0.004128037927030566
107.91618381820048 0.0037427332806921204
109.47025315474767 0.0034291582959278043
111.02432249129484 0.003111032480971807
112.57839182784201 0.002764527355498199
114.1324611643892 0.002457188216826649
115.68653050093637 0.002180941014719502
117.24059983748356 0.0019239196218946964
118.79466917403073 0.0016835218249438982
120.3487385105779 0.0014901526088412947
121.90280784712509 0.0012875891811334208
123.45687718367226 0.0011173310678824992
125.01094652021945 0.0009625455631758833
126.56501585676662 0.0008559118220549776
128.1190851933138 0.0007127211495486176
129.673154529861 0.0006025943539223972
131.22722386640817 0.0005099995045215487
132.78129320295534 0.0004411761675206068
134.3353625395025 0.00035740440645697633
135.88943187604968 0.00030060040273161714
137.44350121259689 0.00025136091875550105
138.99757054914406 0.00019050606502295578
140.55163988569123 0.00015046290279326123
142.1057092222384 0.00012083888740275722
143.65977855878558 9.318940295756165e-05
145.21384789533278 6.46375441094695e-05
146.76791723187995 5.531430350604448e-05
148.32198656842712 4.426995591711572e-05
149.8760559049743 2.8664249111562445e-05
151.43012524152147 1.9757661868995243e-05
152.98419457806867 1.3974323363895751e-05
154.53826391461584 2.1503042405315845e-05
