0 1.24997500049999e-06
1 1.5624718755624888e-06
2 9.374812503749926e-07
3 9.374812503749925e-07
4 1.0937281254374913e-06
5 1.5624687506249875e-06
6 1.0937312503749926e-06
7 2.3437031259374816e-06
8 1.5624687506249875e-06
9 1.5624687506249875e-06
10 2.031215625687486e-06
11 2.4999500009999805e-06
12 2.1874562508749826e-06
13 4.062418751624969e-06
14 2.65620000099998e-06
15 4.062418751624969e-06
16 5.156146877062458e-06
17 6.87487812743745e-06
18 7.812353127937442e-06
19 9.374825003499927e-06
20 1.18747625047499e-05
21 1.2031025004499905e-05
22 1.6405943756124878e-05
23 1.6562181256374867e-05
24 2.093709688306234e-05
25 2.5937012509749824e-05
26 3.843675938981224e-05
27 4.45304125167497e-05
28 5.015527189456214e-05
29 6.312379377412455e-05
30 7.312360002799944e-05
31 9.499817816143678e-05
32 0.0001078104500409992
33 0.00013218499380012404
34 0.00016218441881162376
35 0.00019593379694906097
36 0.0002342143282134357
37 0.0002807758782324354
38 0.00032468129074918477
39 0.0003974924407761842
40 0.0004707722939291213
41 0.0005310836908261837
42 0.0006465502158706828
43 0.0007465483502829945
44 0.0008587336159526807
45 0.0009879499035019296
46 0.0010960729129167416
47 0.001284194366112678
48 0.001448409959925801
49 0.0015821573662276758
50 0.001768247691296174
51 0.0019348070444841097
52 0.0021229281383122332
53 0.002325268322758545
54 0.0024830778321933552
55 0.0026854177635197286
56 0.0028822888573478526
57 0.0030268174761504756
58 0.0031683771512069753
59 0.0033030620356342888
60 0.00354337002947441
61 0.0036032124545009097
62 0.0037346165139197215
63 0.0038128962295754095
64 0.0038819572514799706
65 0.0038952381546119084
66 0.003936487420251597
67 0.003942424892127157
68 0.003907581692116158
69 0.0039224254108667835
70 0.003834145623337533
71 0.0037724281201875964
72 0.003644774392012161
73 0.0035664947326053474
74 0.0035022770544589103
75 0.003302593432506351
76 0.0031352528480680375
77 0.002975724473010541
78 0.002839789776079479
79 0.0026686990978930427
80 0.0025132333447081055
81 0.0023674547665296715
82 0.0022027705633387326
83 0.002046054703905922
84 0.0019116823226035477
85 0.0017137172944041118
86 0.0015768448599778005
87 0.0014490349630507384
88 0.0013235684348813029
89 0.0012218516723415528
90 0.0011106038629227419
91 0.0010118556597618045
92 0.000926544859727805
93 0.0008273279846903062
94 0.0007562355752884941
95 0.0007104552096458068
96 0.0006412377439951207
97 0.0005665517345903081
98 0.0005317086064528709
99 0.00048467823456030884
100 0.0004353041907911842
101 0.000395461243900122
102 0.0003396810126297474
103 0.00032764997200055996
104 0.0003043691751164976
105 0.00027390103135437293
106 0.0002584325532239356
107 0.00023921419384112307
108 0.0002246832032109359
109 0.000211089746955061
110 0.00019249637819743597
111 0.0001853089281964361
112 0.00017905908131837366
113 0.00015984073443531136
114 0.00015140337505749883
115 0.00015765327505949867
116 0.00014671594693106135
117 0.000141559787554249
118 0.00014359102192956143
119 0.00014515351567968648
120 0.00013702865005199897
121 0.00014343476567968636
122 0.00014218481567868652
123 0.00013202872192556137
124 0.0001460909625557489
125 0.00015312207818343632
126 0.0001562470250594988
127 0.0001618719031869363
128 0.00016952801256474878
129 0.00018390276256974856
130 0.00019359006882362355
131 0.00021202719383112332
132 0.0002484327532199356
133 0.0002537451907211856
134 0.00028015090948181045
135 0.00031202524387012283
136 0.0003345249095018099
137 0.00038639887827243463
138 0.000434522893917122
139 0.0004843658158086839
140 0.0005456146564568709
141 0.0006276442627397452
142 0.0007165489096468074
143 0.000822015562813744
144 0.0009243573284784307
145 0.0010541986441521172
146 0.0012004458754574915
147 0.001372004988025239
148 0.0015523141412171757
149 0.0017748099038019244
150 0.0020377735820283596
151 0.0023027685383792316
152 0.0026076065072448552
153 0.0029911928573928526
154 0.0034383720263094736
155 0.0038488328733425332
156 0.004361010545414091
157 0.004912562598748028
158 0.005600674242765145
159 0.006279723939896204
160 0.006957992202655947
161 0.007702352896692066
162 0.008579055200145996
163 0.009419195541089177
164 0.01042652005397392
165 0.011408376501219973
166 0.01233382728907922
167 0.013374901198851019
168 0.01438238177111458
169 0.015355957130857377
170 0.016373281756239876
171 0.01723014025032
172 0.018174341163176733
173 0.019074636451020987
174 0.019703686610642788
175 0.0203872668796624
176 0.021034755208020832
177 0.02124725078310935
178 0.02162271263324734
179 0.021860989423961516
180 0.021723023305158892
181 0.02167568072701046
182 0.021311624923751524
183 0.020901163701725962
184 0.020463672045309092
185 0.019683843207510866
186 0.01892948271347073
187 0.01822027748195037
188 0.01732951342848143
189 0.016348438199986007
190 0.015372206724615513
191 0.014404881571118574
192 0.013374275730110394
193 0.012403669548484032
194 0.011400563863722723
195 0.01036277107582848
196 0.009431070184846303
197 0.008530931293874123
198 0.007787664043594127
199 0.0068990870838833195
200 0.006261286864887704
201 0.005544737795869081
202 0.005035528986295274
203 0.0044021035548039026
204 0.003864770004599909
205 0.003406966379422411
206 0.0030444729511659766
207 0.0026443245822583544
208 0.0023341742321403573
209 0.002054960863282734
210 0.0017848097663046743
211 0.001558095200595989
212 0.0013607553067688648
213 0.001171071425446491
214 0.001053261181651367
215 0.0009131075565988681
216 0.0008270154940651193
217 0.0006931117346403077
218 0.0006215505971130575
219 0.000547489575208496
220 0.0004840532626847466
221 0.0004429603001689968
222 0.0004045235689036219
223 0.0003409310376292476
224 0.00032202511574768507
225 0.0002845257876092479
226 0.0002620262563498731
227 0.0002320268375882483
228 0.00021655836258274838
229 0.0002062460938281236
230 0.00019171507819843594
231 0.00017421539069218623
232 0.00017499662506749873
233 0.0001596844719355613
234 0.0001629656625617488
235 0.0001354661844263115
236 0.00014562223755524892
237 0.00013187246567568654
238 0.00014046606255374892
239 0.00013843488442731147
240 0.0001351536969260615
241 0.00014109105317893641
242 0.00014202852817943643
243 0.00014734093755624885
244 0.0001487471563068738
245 0.00015530955318393636
246 0.00017202796881562372
247 0.00016687183756324884
248 0.00019171507819843608
249 0.000192496309448811
250 0.00020937101570468598
251 0.0002295268750874982
252 0.00023780801258974822
253 0.00025640140322193567
254 0.000270776125102498
255 0.0003087441063678727
256 0.00033936852512949766
257 0.00035405576575968476
258 0.00040296105327893445
259 0.00044124162516749675
260 0.0004631161814263714
261 0.000525927475200496
262 0.0005670204627157453
263 0.0006074883752324952
264 0.0007038928940171203
265 0.0007468608346583071
266 0.0008474839315713687
267 0.0009413882628597427
268 0.0009918561160026803
269 0.0011098226129227417
270 0.0012257578879672412
271 0.00132825593800624
272 0.0014912216224425513
273 0.0016113756224875497
274 0.0017421543475380494
275 0.0018816828600927986
276 0.0020385549664006723
277 0.002215895388342234
278 0.002368079929026419
279 0.002533233085338294
280 0.0026990110072798554
281 0.002830727591698167
282 0.0030632230824133525
283 0.0031602524074518497
284 0.0033232180231395378
285 0.003423997088808225
286 0.0035863380076148472
287 0.0036641488888972205
288 0.0037985215201945957
289 0.003857582801468969
290 0.0038794573983520317
291 0.00391726921399072
292 0.003908206738990221
293 0.00391414423899022
294 0.003915394148367031
295 0.0038357081889612205
296 0.0037822719014369713
297 0.0036977421607817837
298 0.0036296184638807227
299 0.0034644653606927867
300 0.0033532175856482876
301 0.0032066577543449137
302 0.003020098810523791
303 0.002856820616712666
304 0.0026744804260164794
305 0.0024852651696966065
306 0.002318862157131857
307 0.0021268345539339206
308 0.0019212134819803605
309 0.0017721537444251115
310 0.0015630952005959884
311 0.001427316556793864
312 0.0012457576629717412
313 0.0011179474879252412
314 0.0009821687441251177
315 0.0008543586534519312
316 0.0007496733127837446
317 0.0006245192908641827
318 0.0005403022658296831
319 0.0004634287001759966
320 0.0004112421626567469
321 0.0003421809407561848
322 0.0002829633907321855
323 0.00024390158446831067
324 0.0002039023813273733
325 0.00016343440631187378
326 0.00013140370317593647
327 0.00010468550628987422
328 8.890455940881186e-05
329 7.187365627687446e-05
330 6.0155090648187086e-05
331 5.5623918771624596e-05
332 4.031174376512472e-05
333 3.5780568763624725e-05
334 2.9218193761124808e-05
335 2.312455625887484e-05
336 1.8905903131937355e-05
337 1.4530981255374887e-05
338 1.5155968755624881e-05
339 9.218568753624926e-06
340 9.374815628687426e-06
341 6.562384377312452e-06
342 4.999906251874963e-06
343 5.1561562518749635e-06
344 4.062431251374974e-06
345 4.062425001499972e-06
346 2.9686937511249784e-06
347 3.2811875012499763e-06
348 2.0312093758124837e-06
349 2.031215625687486e-06
350 1.4062218755624888e-06
351 1.4062218755624888e-06
352 1.4062218755624888e-06
353 9.374812503749925e-07
354 6.24987500249995e-07
355 1.24997500049999e-06
356 1.2499781254374913e-06
357 1.0937312503749926e-06
358 7.812343753124938e-07
