0 1.24997500049999e-06
1 3.1249687506249877e-07
2 7.812343753124938e-07
3 7.812343753124938e-07
4 1.7187156256874862e-06
5 1.2499781254374913e-06
6 1.4062218755624888e-06
7 1.24997500049999e-06
8 2.0312093758124837e-06
9 2.3437031259374816e-06
10 2.0312093758124837e-06
11 1.5624687506249875e-06
12 3.4374312513749737e-06
13 2.8124437511249784e-06
14 2.81244687606248e-06
15 4.999909376812467e-06
16 5.1561468770624595e-06
17 6.249881252374954e-06
18 5.937387502249954e-06
19 9.687321878562426e-06
20 9.84355937881242e-06
21 1.1718518754624904e-05
22 1.5937190631187366e-05
23 1.718718125637487e-05
24 2.328079688406234e-05
25 2.937443126137479e-05
26 3.6718053138937244e-05
27 4.4686634392312186e-05
28 5.312396564568707e-05
29 5.9998837523249575e-05
30 7.749850627987441e-05
31 9.640439066218685e-05
32 0.00011265413754224915
33 0.00014171606880362397
34 0.00016265314068718636
35 0.00019780876882462338
36 0.0002487453219685605
37 0.00028936952510949775
38 0.0003496808126337472
39 0.0004201482095358093
40 0.0004910843470630587
41 0.0005713953814673706
42 0.0006563937471250577
43 0.0007935786034279314
44 0.0009065451815963681
45 0.0010488863066488666
46 0.001204664547334054
47 0.001389817253654927
48 0.0015216897162056765
49 0.001710748663151737
50 0.0019094948226035476
51 0.0020780854101667967
52 0.0022508946352322954
53 0.002487140069698608
54 0.002679480297894042
55 0.0028688515010949775
56 0.0030718164105467912
57 0.0033196241200176006
58 0.003431028360682788
59 0.0035974314357462844
60 0.0037210228326683475
61 0.0038560202452200963
62 0.003940393626502471
63 0.00403914191403672
64 0.00409773442343653
65 0.004174764195341092
66 0.004160545395342093
67 0.004111171454695906
68 0.004115390139072218
69 0.0040849221359322814
70 0.004039298070288593
71 0.003914300379617409
72 0.0038132084858302825
73 0.003669773798274036
74 0.0035450886919761605
75 0.0034479030388142227
76 0.0032669689574958494
77 0.003103534498060039
78 0.002924319216740666
79 0.002730729101042979
80 0.0025835443447381062
81 0.0024372973446781052
82 0.002255894522734545
83 0.0020988663195486085
84 0.0019409004413661727
85 0.0017721536788014242
86 0.001600750772484551
87 0.0014818467755644891
88 0.0013576302880192392
89 0.0012666946286074277
90 0.001144040644187117
91 0.0010571672879042418
92 0.0009454506878612429
93 0.0008718584628307437
94 0.0007818601127977441
95 0.0007340485127797446
96 0.00066811230650387
97 0.0006057697377302452
98 0.0005651454720905581
99 0.0005112402189456208
100 0.00045092889079718397
101 0.0004324916876662466
102 0.000392492550148997
103 0.00036108681888862216
104 0.0003340561938761225
105 0.0003237438188736226
106 0.000278119693856123
107 0.00025765133759824804
108 0.00024358910946781052
109 0.00022702693133637327
110 0.0002079647875792484
111 0.00019280882819843614
112 0.00019421502507449863
113 0.0001846840313193736
114 0.00017937159381812353
115 0.00015937199693506133
116 0.0001662468063138738
117 0.0001460909813053739
118 0.00014968465943181137
119 0.00015202834693306134
120 0.00013827861255274893
121 0.00014280978130437393
122 0.00015077836568268637
123 0.00015124711880762376
124 0.00015921569381112377
125 0.00016062191256174878
126 0.00016405936568768628
127 0.00016765301256474867
128 0.00018718393132137354
129 0.00019874619695106093
130 0.00020702727820443587
131 0.00021171468133137348
132 0.0002384329657156858
133 0.00025796383447331065
134 0.0003026505344893102
135 0.00032452508137337265
136 0.0003396810688786224
137 0.00038811760327293453
138 0.00043092927203955905
139 0.0004946781033129334
140 0.0005843638252234955
141 0.0006417065252444954
142 0.0007104552252704945
143 0.0008007660565538691
144 0.0009217012565998679
145 0.0010276366035179302
146 0.001203258341083179
147 0.0013810674536509266
148 0.00156434509747305
149 0.0017957470319343615
150 0.00205496080703386
151 0.0023163621383822325
152 0.0026196375291244176
153 0.0030116611824013537
154 0.0034068100856732867
155 0.0038750825170996575
156 0.0043291362547749025
157 0.004939905648762025
158 0.0055055200489740165
159 0.006206912889867204
160 0.006828776068228632
161 0.007690322281054381
162 0.008436245562588754
163 0.009369664950450987
164 0.01021714888827224
165 0.011097288204235915
166 0.012123206235875279
167 0.013045220083098332
168 0.014127543389757203
169 0.015078931633867327
170 0.015875322065433687
171 0.016882178465805687
172 0.01774606776614468
173 0.01842355477890442
174 0.0192244775198246
175 0.019851965245070102
176 0.020249770704585914
177 0.0206677309797554
178 0.020908351211100764
179 0.021164752739320218
180 0.021126160245545075
181 0.020926631876737458
182 0.02073476126727466
183 0.02028555081085878
184 0.019761185938781227
185 0.019305569316738658
186 0.01853636572893541
187 0.01774872394427111
188 0.01701201927211456
189 0.015965164399837008
190 0.01501440177446451
191 0.014037232049109017
192 0.013083969289364207
193 0.012080394960850782
194 0.011138068876122472
195 0.010258710697661053
196 0.009266229600407992
197 0.008523587543874125
198 0.00766469758417332
199 0.006861119365112694
200 0.006126445405466888
201 0.005546769277114457
202 0.004941311973760523
203 0.00443225930793884
204 0.0039080505264894715
205 0.0034316533731825354
206 0.003005567682396353
207 0.0026374497853792925
208 0.0023138621040079185
209 0.002029023950770985
210 0.0017723098131787365
211 0.0015621576255974877
212 0.0013470055130147395
213 0.001204664509834803
214 0.0010431051410221797
215 0.0009334197222305554
216 0.0008212343190636185
217 0.0006999866408921825
218 0.0006460814158716825
219 0.0005437395783334333
220 0.0004926468064388713
221 0.00044374153454430915
222 0.0003876488501479969
223 0.00034671213450731007
224 0.00031765019699606003
225 0.00028827573761024773
226 0.0002610887094758105
227 0.00024452660321793557
228 0.00022530817196156081
229 0.00019327757194856108
230 0.00018968387194756114
231 0.00018718394382112363
232 0.00017468417194156126
233 0.00016640307818843622
234 0.0001589032531849363
235 0.0001471847000559989
236 0.0001434347750544989
237 0.00014718471880562387
238 0.00014249729067918645
239 0.00014249731880362394
240 0.00014562223130537382
241 0.00015140332818343636
242 0.00014671592818143642
243 0.0001537470594338114
244 0.00015968444068618635
245 0.00016468435631287378
246 0.00017421542819143622
247 0.00018015284381812366
248 0.0002004649063268734
249 0.00021546464383212337
250 0.00023077682196356086
251 0.00024202664071718572
252 0.0002607762625997481
253 0.00027968220323093535
254 0.0003035879313663726
255 0.00032483753137437253
256 0.0003531182751344974
257 0.0003996799095268095
258 0.00044030415329193425
259 0.0004518664001719966
260 0.0005049903720675589
261 0.0005471770908331832
262 0.0006068634627307456
263 0.0006563937533749328
264 0.0007168613690226196
265 0.0007738914659206818
266 0.0008548275128247433
267 0.0009651378409931795
268 0.0010282616285174294
269 0.0011131039222965552
270 0.0012243516879662407
271 0.0013799738098988022
272 0.0015024713443231134
273 0.0016309064131217374
274 0.0017862160194296105
275 0.001927619450735986
276 0.0020613668976620474
277 0.0022571443227385446
278 0.002388391985285295
279 0.0026193251041229165
280 0.0027660409448061027
281 0.0029743182386352267
282 0.0031211906418121653
283 0.0032286883887322243
284 0.003422434788804225
285 0.0036097750357492824
286 0.003728366385797284
287 0.00379945905456891
288 0.0038977382296104084
289 0.004028673217160657
290 0.004061016364047718
291 0.004138202435951281
292 0.004175857773469534
293 0.004188826332848343
294 0.0041353900015749685
295 0.004096171848438032
296 0.004097734535934281
297 0.003992580135897283
298 0.0038882072671046577
299 0.003744616104552909
300 0.0036202434545059108
301 0.0034499342638147257
302 0.00325321929811404
303 0.0030775976355472906
304 0.0028947885854782897
305 0.0026816676322723547
306 0.002484015110322792
307 0.0023096435946281073
308 0.002131053244560109
309 0.001907619953850923
310 0.0017152798975270495
311 0.001545907906841863
312 0.0013927860099048025
313 0.0012063831379622411
314 0.0010448239003969923
315 0.0008968579534659308
316 0.0007906098971770564
317 0.0006981116846413074
318 0.0005776452345953081
319 0.0004946780939381214
320 0.0004199920282844343
321 0.0003609306157626846
322 0.00029186938448731015
323 0.000247026512594748
324 0.00020608980632887342
325 0.00017374672194056114
326 0.00013671612505249898
327 0.0001224976687966241
328 9.671690316193676e-05
329 7.874847190556191e-05
330 5.812390002199958e-05
331 5.1717775019499626e-05
332 4.18742062658747e-05
333 3.421809376312476e-05
334 3.0155681261374806e-05
335 2.531201250974982e-05
336 1.937462500749985e-05
337 1.23435156296874e-05
338 1.3281009379812396e-05
339 1.1874781254374907e-05
340 6.562375002499949e-06
341 7.968603127937439e-06
342 6.718621877562449e-06
343 6.406128127437452e-06
344 4.218665626687468e-06
345 2.9686937511249784e-06
346 3.2811875012499767e-06
347 3.2811875012499763e-06
348 1.5624718755624888e-06
349 1.4062218755624888e-06
350 2.187459375812484e-06
351 2.81244687606248e-06
352 2.1874593758124837e-06
353 1.874962500749985e-06
354 1.24997500049999e-06
355 9.374812503749926e-07
356 1.40622500049999e-06
357 1.40622500049999e-06
358 2.4999500009999805e-06
