0 1.5624687506249876e-07
1 1.5624687506249876e-07
2 0.0
3 3.124937501249975e-07
4 0.0
5 3.124937501249975e-07
6 1.5624687506249876e-07
7 0.0
8 1.5624687506249876e-07
9 0.0
10 0.0
11 0.0
12 0.0
13 6.24987500249995e-07
14 3.124937501249975e-07
15 9.374812503749925e-07
16 6.24987500249995e-07
17 7.812343753124938e-07
18 1.7187156256874862e-06
19 2.49995000099998e-06
20 2.968690626187477e-06
21 3.749925001499972e-06
22 3.5936781264374727e-06
23 4.687406251874963e-06
24 6.562368752624948e-06
25 9.687306253874922e-06
26 1.3437231255374884e-05
27 1.8905871882562346e-05
28 2.203080938381232e-05
29 3.218685626287475e-05
30 4.3280384392312176e-05
31 5.6873862522749555e-05
32 7.531099378012438e-05
33 0.00010281044379112418
34 0.00013718475630487392
35 0.00016812163756724867
36 0.0002343703125937482
37 0.00029108792824143515
38 0.0003851485470290595
39 0.0004907714345713085
40 0.0005949881002379952
41 0.0007573286034279314
42 0.0009556058878822424
43 0.0011110715285694282
44 0.001376534969300614
45 0.0016804351412971746
46 0.0019160554288914222
47 0.0022991727665446697
48 0.0025732297854042913
49 0.003000096248075037
50 0.0033421206575868488
51 0.003703363432731346
52 0.00408444956100878
53 0.004354444161116776
54 0.004723186786264275
55 0.004951619717605647
56 0.0051936461270774585
57 0.005379111167776644
58 0.005467859392812143
59 0.005473640527189457
60 0.005537076758464829
61 0.005451297224055519
62 0.0053494242615147675
63 0.005206770864582708
64 0.005086460770784582
65 0.004805685136297274
66 0.004549909001819962
67 0.004346006829863403
68 0.0040082010859782795
69 0.003764143467130657
70 0.003515085948281035
71 0.003230091648167037
72 0.0029996275074498516
73 0.0027621322573548527
74 0.0024991687666246674
75 0.002294172866542669
76 0.002102770444591109
77 0.001870275094498111
78 0.0017096533069338611
79 0.0015718435631287375
80 0.0014124717505649893
81 0.001268412131757365
82 0.0011431021379572407
83 0.0009929488910221799
84 0.0008988882722345552
85 0.0008265459690806182
86 0.0007392039659206818
87 0.000639362212755745
88 0.000569519859602808
89 0.0005254582408351832
90 0.0004601470470590585
91 0.00039264839703205935
92 0.00035374292514149714
93 0.00030686886262274745
94 0.0002864005219895604
95 0.00023546404071918554
96 0.00020530839383212332
97 0.00018734000319993598
98 0.00016499670006599873
99 0.00013343483130337386
100 0.00013140362192756144
101 0.00010515414691706169
102 9.702930941381177e-05
103 8.281084378312435e-05
104 7.906091878162435e-05
105 6.0623787524249553e-05
106 5.3748925021499625e-05
107 4.999900001999962e-05
108 4.671781564368715e-05
109 3.968670626587469e-05
110 3.7811743765124706e-05
111 3.1093128137437274e-05
112 2.7655696886062293e-05
113 2.2968290634187328e-05
114 2.484325313493731e-05
115 2.5624487510249808e-05
116 1.9999600007999844e-05
117 1.6405921881562366e-05
118 1.9374612507749836e-05
119 1.6249675006499863e-05
120 1.656216875662486e-05
121 1.4843453130937371e-05
122 1.6249675006499866e-05
123 1.5155946881062368e-05
124 1.843713125737486e-05
125 1.3905971880562382e-05
126 1.8280884382312352e-05
127 1.4999700005999871e-05
128 1.796839063218736e-05
129 2.015584688306234e-05
130 2.62494750104998e-05
131 2.124957500849983e-05
132 2.2030809383812333e-05
133 2.812443751124981e-05
134 3.749925001499971e-05
135 4.8124037519249645e-05
136 5.015524689506213e-05
137 6.390497190056201e-05
138 7.531099378012435e-05
139 8.359207815843682e-05
140 0.00011046654066918662
141 0.000128122437551249
142 0.00016187176256474885
143 0.000187652496950061
144 0.00023812023759524817
145 0.0002890567188656228
146 0.00035030549389012213
147 0.00044045994080118395
148 0.0005421766564668707
149 0.0006596743065138701
150 0.0007968590628187437
151 0.0009660744285114295
152 0.0011815388692226155
153 0.001429346413071739
154 0.0017155906881862366
155 0.002102926691466172
156 0.002449482260354793
157 0.002947753544929101
158 0.003538210485790285
159 0.004118042639147217
160 0.0048441218675626535
161 0.00562707495850083
162 0.006502369952600949
163 0.007520005849883002
164 0.008592640647187056
165 0.00984542809143818
166 0.011053528929421413
167 0.012399439511209772
168 0.01389534709305814
169 0.015388285984280317
170 0.01678169561608767
171 0.018287915491690156
172 0.019853040439191207
173 0.021192076158476836
174 0.02265954680906382
175 0.023887647247055055
176 0.024966531919361615
177 0.025859795304093915
178 0.026651654466910663
179 0.027249611257774874
180 0.027606166626667452
181 0.02772553923921522
182 0.02760476040479191
183 0.027163206735865284
184 0.026706184626307482
185 0.026009011069778605
186 0.025159028069438618
187 0.02421514069718606
188 0.02298157161856763
189 0.02167362902741946
190 0.020365530189396207
191 0.018981495370092596
192 0.017568867372652557
193 0.016271705815883677
194 0.014816734915301694
195 0.013521135827283452
196 0.012255536139277212
197 0.011026029479410414
198 0.009946363572728543
199 0.008708732075358494
200 0.007785469290614189
201 0.006855800383992321
202 0.00601847338053239
203 0.005305987630247397
204 0.0046277199456010885
205 0.003948514779704406
206 0.0034382124857502846
207 0.002931503869922601
208 0.0025276056978860415
209 0.0021496445071098567
210 0.001794964100717986
211 0.0015357505349893
212 0.0012848180536389276
213 0.001101384222315554
214 0.000905294394112118
215 0.0007588910721785564
216 0.000624362512749745
217 0.0005237395252094959
218 0.0004362412751744965
219 0.00035936781264374703
220 0.0002957753344933101
221 0.00024640132197356054
222 0.00021249575008499834
223 0.00017046534069318616
224 0.00014155966880662383
225 0.00011296649067018663
226 9.96855062898742e-05
227 8.281084378312433e-05
228 7.249855002899942e-05
229 5.531139377212456e-05
230 4.687406251874967e-05
231 4.3436631267374686e-05
232 3.249935001299975e-05
233 3.406181876362474e-05
234 2.6874462510749796e-05
235 2.1562068758624833e-05
236 1.9687106257874844e-05
237 1.7343403131937357e-05
238 1.874962500749985e-05
239 1.1718515629687399e-05
240 1.3593478130437383e-05
241 1.4062218755624882e-05
242 1.1406021879562404e-05
243 9.843553128937415e-06
244 8.281084378312432e-06
245 8.906071878562427e-06
246 6.7186156276874456e-06
247 8.124837503249931e-06
248 7.031109377812445e-06
249 7.656096878062438e-06
250 5.781134377312453e-06
251 8.749825003499929e-06
252 7.031109377812442e-06
253 7.0311093778124434e-06
254 6.249875002499951e-06
255 6.406121877562448e-06
256 9.218565628687424e-06
257 9.531059378812421e-06
258 7.968590628187435e-06
259 1.1406021879562404e-05
260 1.3437231255374886e-05
261 1.2968490630187389e-05
262 1.2968490630187387e-05
263 1.8437131257374856e-05
264 1.9687106257874847e-05
265 2.0312093758124838e-05
266 2.3437031259374818e-05
267 2.656196876062481e-05
268 2.9999400011999776e-05
269 3.4218065638687245e-05
270 4.09366812663747e-05
271 4.12491750164997e-05
272 5.2498950020999603e-05
273 5.687386252274954e-05
274 6.718615627687445e-05
275 8.202960940781186e-05
276 9.937301253974916e-05
277 0.0001229662906741865
278 0.00013687226255474887
279 0.00016077803443931114
280 0.00019296489070218598
281 0.0002210893282134357
282 0.000260307293854123
283 0.00028343183136337273
284 0.00034577433451330955
285 0.0003812423751524971
286 0.0004257727345453091
287 0.0005017087158256836
288 0.0005734260314793707
289 0.0006321748565028705
290 0.0007187356252874944
291 0.0007993590128197439
292 0.0008834198316033685
293 0.0010179483910321798
294 0.0010682598848023041
295 0.0011613830223395532
296 0.00124497510049799
297 0.001347004309913802
298 0.0014059093818123635
299 0.001501688716225676
300 0.0015471565568688627
301 0.0016296549069018621
302 0.0016751227475450485
303 0.0016757477350452998
304 0.0016954348413031734
305 0.0016740290194196107
306 0.0016605917881642369
307 0.0016210613287734252
308 0.0015612187756244872
309 0.0014963763224735496
310 0.0013971595568088636
311 0.0012951303473930516
312 0.001204819653606928
313 0.0011202900941981154
314 0.001027479450410992
315 0.0008996695066098677
316 0.000799827753444931
317 0.0006976422971540573
318 0.0006021754564908703
319 0.0005268644627107458
320 0.00044842853142937144
321 0.000377179956400872
322 0.0003356182876342474
323 0.0002701508469830605
324 0.00021233950320993577
325 0.00017593398132037365
326 0.0001443721125577488
327 0.00011484145317093659
328 9.499810003799922e-05
329 7.156106877862445e-05
330 6.1405021899562e-05
331 4.937401251974962e-05
332 3.546804063918724e-05
333 2.6561968760624812e-05
334 2.3280784384312325e-05
335 1.8749625007499863e-05
336 1.2655996880062397e-05
337 1.1249775004499907e-05
338 8.437331253374932e-06
339 7.031109377812444e-06
340 4.687406251874964e-06
341 3.2811843763124752e-06
342 2.8124437511249784e-06
343 2.6561968760624795e-06
344 1.874962500749985e-06
345 1.4062218755624888e-06
346 7.812343753124938e-07
347 1.7187156256874862e-06
348 3.124937501249975e-07
349 6.24987500249995e-07
350 1.5624687506249876e-07
351 4.687406251874963e-07
352 3.124937501249975e-07
353 0.0
354 3.124937501249975e-07
355 0.0
356 0.0
357 1.5624687506249876e-07
358 0.0
