0 1.4062218755624888e-06
1 7.812343753124938e-07
2 6.24987500249995e-07
3 1.24997500049999e-06
4 2.0312093758124837e-06
5 1.5624718755624888e-06
6 1.4062218755624888e-06
7 2.1874562508749826e-06
8 2.343706250874983e-06
9 1.24997500049999e-06
10 1.5624687506249875e-06
11 1.8749656256874862e-06
12 1.874962500749985e-06
13 2.4999500009999805e-06
14 3.2811843763124752e-06
15 5.624893752124958e-06
16 4.374925001499971e-06
17 5.624896877062457e-06
18 6.40612500249995e-06
19 8.124840628187435e-06
20 8.749837503249931e-06
21 1.3124750004999891e-05
22 1.3281000004999895e-05
23 1.8749634382312353e-05
24 2.140583438331235e-05
25 2.9061953135937314e-05
26 3.359311563768728e-05
27 4.7186578143437176e-05
28 5.203025001999962e-05
29 6.281131564868703e-05
30 6.999865002699945e-05
31 9.249823753524933e-05
32 0.00011124785941781168
33 0.00013296618442631148
34 0.00017280917506649874
35 0.0001951525188246236
36 0.00024187038759224821
37 0.000281400862607748
38 0.0003582743595128099
39 0.00042061689703705923
40 0.0004928029908151839
41 0.0005624892002159956
42 0.0006557686940011202
43 0.0007648290159196819
44 0.0008954516003429931
45 0.0010307613878972422
46 0.001173102553573928
47 0.0012962251004979904
48 0.001476690441191176
49 0.0016826239631457384
50 0.0018643392132157365
51 0.002054023057038859
52 0.0022426131664866704
53 0.002445890513439731
54 0.002652292769769606
55 0.0028204146729565423
56 0.0029991612105257893
57 0.0032082195606087877
58 0.0033664978481680367
59 0.0035216510232295357
60 0.003637430173271535
61 0.0037608652389452216
62 0.003876800695236096
63 0.00397242377652447
64 0.004006016776539469
65 0.00405476595155597
66 0.004038828554678907
67 0.004081484045319096
68 0.004043672232805343
69 0.003977267120282596
70 0.0039388306233875325
71 0.0038503948108537835
72 0.0037583652326953457
73 0.0036152430045149086
74 0.0035380568982370363
75 0.003349935638787224
76 0.0032111882949841
77 0.0030644724793004144
78 0.002860882538599227
79 0.0027397912510499778
80 0.002550888579103417
81 0.0024091724821753563
82 0.002255738010239794
83 0.0020943347726795464
84 0.001860901710090798
85 0.0017251231131627373
86 0.0016052816662416752
87 0.001450753391182176
88 0.001371848669276614
89 0.0012463822661046785
90 0.0011291970785584284
91 0.0010352925347743042
92 0.0009540441503669921
93 0.0008684208253334936
94 0.0007867035971780564
95 0.0007196736377772447
96 0.0006403001814963702
97 0.0005863950220995582
98 0.0005420208439581209
99 0.0005004591876912461
100 0.0004484288439231216
101 0.0003995235970280597
102 0.0003735865657686847
103 0.00035764939701205976
104 0.0003154626751214976
105 0.0003065566594918101
106 0.00027608841885662263
107 0.0002501514532209356
108 0.00023233930633887327
109 0.00021218341258174837
110 0.0002126521594568109
111 0.0001873401500719986
112 0.00018843388444731107
113 0.0001706217375652487
114 0.00016390310943781124
115 0.00015515326255974884
116 0.00014624717818143639
117 0.00015452828130937388
118 0.00014499722193056137
119 0.00013874735005299895
120 0.00014234102505449888
121 0.00014109104692906148
122 0.0001506220813083738
123 0.00015218458130837376
124 0.00015218455943381135
125 0.00016124690631187362
126 0.00015702820943581122
127 0.0001820277563198736
128 0.00018062154381912366
129 0.000197496228200436
130 0.00020765224695506093
131 0.000216870846958061
132 0.0002426515500939982
133 0.0002718697907291854
134 0.0002878069313613727
135 0.00031921260324793504
136 0.00036999282826843466
137 0.00039061749702505957
138 0.00042249185641287187
139 0.0005118651345723087
140 0.000550614450210996
141 0.0006340502971190576
142 0.0007251423221535568
143 0.0008159218159386813
144 0.0009070138659726802
145 0.0010593546097828045
146 0.0011949769535859283
147 0.001413410300543989
148 0.001598875475615488
149 0.0017979341944411118
150 0.0020604292070408596
151 0.0022937060040049205
152 0.002641355482265355
153 0.0029847863667726653
154 0.0033854035950530996
155 0.0038510197358552828
156 0.004393196701690969
157 0.004949123636277275
158 0.005524425123997521
159 0.006228473996145079
160 0.006893461283899324
161 0.0076211035685536275
162 0.008507024003269931
163 0.009370757341103177
164 0.010281677700820984
165 0.01118541001679966
166 0.012175703392182158
167 0.01319958980195396
168 0.014186446180451397
169 0.015143771890187195
170 0.016083284724930504
171 0.017050609659681807
172 0.017887312444376104
173 0.01865245401966961
174 0.019422907882467352
175 0.020045239479585406
176 0.02059897933603827
177 0.020938659983050334
178 0.021141780914381715
179 0.021367714392587143
180 0.021369901833213346
181 0.021267091511294776
182 0.02093787828930922
183 0.020617103604802896
184 0.020060551967085647
185 0.019496656304373916
186 0.018765732872842545
187 0.017924655278769436
188 0.017015766503419932
189 0.016118440062448752
190 0.015173145996455065
191 0.014160352974190514
192 0.013188184083193338
193 0.01219945281094378
194 0.01129743908559328
195 0.010250428069563607
196 0.00938685087548249
197 0.008456868559503809
198 0.007673290196696063
199 0.006914085493290132
200 0.006247379861777761
201 0.005569580505264893
202 0.004925374036269272
203 0.004337416561043778
204 0.0038903939983700323
205 0.0034493086825763478
206 0.003012754648032039
207 0.0026724485666536676
208 0.0023194865946431064
209 0.002064491550793985
210 0.001811840225695486
211 0.0015826258006089887
212 0.0013930983192836143
213 0.0012120078848423031
214 0.0010331051347723047
215 0.0009329508753574928
216 0.0008090470159346813
217 0.0007095175690236199
218 0.0006260817596148077
219 0.0005442083564578706
220 0.0005085839533209336
221 0.00042780424704005925
222 0.0003915549376512471
223 0.0003532744220115598
224 0.00031499393449631004
225 0.0002889006751114979
226 0.000267963612602748
227 0.00024577656259374824
228 0.0002253081532119357
229 0.00021030848133037338
230 0.00019359000319993602
231 0.00018405896257074855
232 0.00016671553131437371
233 0.0001715591969410612
234 0.0001535907969340614
235 0.00015030961568268645
236 0.0001470284219315614
237 0.000141872256304874
238 0.00014937215630687377
239 0.00014780965630687389
240 0.0001417159969300613
241 0.0001589031594368114
242 0.0001489034000569989
243 0.00014952838443231135
244 0.00015687201568468625
245 0.00016452807506349873
246 0.0001746841500669986
247 0.00018359021882062367
248 0.00020296484070318605
249 0.00020015240632687348
250 0.00021374588445731085
251 0.0002470265250944981
252 0.00025562009072318566
253 0.0002665572907291855
254 0.00028936946261074787
255 0.0003181188876222476
256 0.00034436842200656
257 0.0003785865095198097
258 0.000406867200155997
259 0.00046592858455330886
260 0.0004890531251874963
261 0.0005435832783344333
262 0.0005929573533529333
263 0.0006328003283684326
264 0.0007020177565198694
265 0.0007970159534309315
266 0.0008362338784474314
267 0.0009181074191016179
268 0.0010026369441361173
269 0.001132478316058679
270 0.0012313826254724905
271 0.0013371618692626151
272 0.0015041897662046758
273 0.0015734072349803008
274 0.001749028875672487
275 0.0018824638819723617
276 0.0020537105351642977
277 0.0021838642102157955
278 0.002365892044659107
279 0.002551044579108417
280 0.0027386973666776674
281 0.0028816633698576007
282 0.003100565398067039
283 0.0032174382074858523
284 0.003397590982555349
285 0.0035011826888462242
286 0.003625242823268535
287 0.0037553965733185335
288 0.003862113232735345
289 0.0039041437546249074
290 0.004019453973420531
291 0.004020860173421532
292 0.004061797023434532
293 0.00405460941406172
294 0.004021954039044218
295 0.003995704548409031
296 0.00391070614212716
297 0.0038785192108657836
298 0.003801489473335534
299 0.0036502424982750355
300 0.003532119623232537
301 0.0033252486856512864
302 0.003171345526214475
303 0.003037441676166477
304 0.0028455703885922282
305 0.0026135434947551057
306 0.0024137036634267308
307 0.002266362732120358
308 0.002018086260149797
309 0.0018668391257174858
310 0.0016549682100107995
311 0.0014765341568168638
312 0.0013287245536339272
313 0.001163571416071679
314 0.0010195116628917422
315 0.0008959202628447434
316 0.0007693601815463688
317 0.0006770182627597451
318 0.0005601454252164959
319 0.0004799907970590586
320 0.0004270230282894341
321 0.00036046181263874727
322 0.0003010879907401852
323 0.00024655779071918555
324 0.00020046490320193604
325 0.00016452811256274864
326 0.00013718484380312396
327 0.00010781043441631169
328 9.484194691106178e-05
329 8.327965628187434e-05
330 5.953009064818701e-05
331 5.0624031269374624e-05
332 3.843675938981224e-05
333 3.249938751224978e-05
334 2.9061940636187304e-05
335 2.4218287509249827e-05
336 1.859339688206236e-05
337 1.6249681256374873e-05
338 1.21872656296874e-05
339 9.374815628687425e-06
340 9.999806253874917e-06
341 9.062321878562428e-06
342 6.406128127437451e-06
343 6.406125002499949e-06
344 4.999906251874964e-06
345 2.8124437511249784e-06
346 3.2811875012499767e-06
347 3.2811906261874773e-06
348 2.4999500009999805e-06
349 1.874962500749985e-06
350 1.874962500749985e-06
351 1.4062218755624888e-06
352 9.374812503749926e-07
353 1.0937281254374913e-06
354 1.0937281254374913e-06
355 1.7187218755624887e-06
356 7.812343753124938e-07
357 1.4062218755624888e-06
358 1.24997500049999e-06
