0 7.96922441782959e-05
1 8.484922238761944e-05
2 7.844277238537058e-05
3 9.86001099539996e-05
4 8.375526297129974e-05
5 9.281822864499259e-05
6 9.891272873725551e-05
7 0.00010938211627450744
8 0.0001118823256970779
9 0.00012235152570932523
10 0.00012422683203171416
11 0.00013688399773603441
12 0.00014688463841297639
13 0.00016454211351623764
14 0.00018563647917992738
15 0.00020766966374663663
16 0.0002212637825166365
17 0.00023892175146028764
18 0.0002562663889891586
19 0.0002886119329248079
20 0.00033220807374801373
21 0.00035361637397679334
22 0.0003893999085673801
23 0.0004490918433847432
24 0.0005001884529979547
25 0.0005386277344028455
26 0.0006155077161217722
27 0.000689888569825401
28 0.0007581733639069425
29 0.0008214575671987603
30 0.0009258413337671867
31 0.0010066269309686492
32 0.0011096004437606683
33 0.0012200773133677772
34 0.0013783679954699909
35 0.0014965014025272048
36 0.0016435404844216467
37 0.0017610497916071294
38 0.0019291838080509062
39 0.0020651299556420388
40 0.002301551107040941
41 0.0024224963890022706
42 0.0025546926524232494
43 0.0027361085218544343
44 0.0028726807853100447
45 0.0030439427396113687
46 0.003151290183430973
47 0.0032833309157358553
48 0.0033786481442635886
49 0.0034786555044536258
50 0.0036144458832762455
51 0.003614133814685782
52 0.0036256943518444733
53 0.0036872609365395663
54 0.0036580398770387525
55 0.0036330394645557565
56 0.0036213201613820682
57 0.0035375640795722563
58 0.003484592801201287
59 0.0033556780066622024
60 0.0032341077934243644
61 0.0031555091742483275
62 0.0029456523699732647
63 0.00284127155693733
64 0.0027343906971109854
65 0.002570315908344708
66 0.0024426523420964553
67 0.0022646731473788518
68 0.0021187261402271216
69 0.0019515274704210073
70 0.001811987360224227
71 0.0017240138222984363
72 0.0015694732309176735
73 0.0014771228020402686
74 0.0013386769701065771
75 0.0012222639757502587
76 0.0011447590534336496
77 0.0010563158747618998
78 0.0009466219648434098
79 0.0008652101392464599
80 0.0007823923013132945
81 0.000717544754085569
82 0.0006626976131284655
83 0.0006034748877658035
84 0.0005325328342133178
85 0.0004983126747686255
86 0.000463779321431541
87 0.000434557661739813
88 0.0003811175927755425
89 0.00034720873000138286
90 0.0003364272175191386
91 0.00030876942677594284
92 0.00027423553589460154
93 0.0002559533889335285
94 0.00023204547939532287
95 0.00022470130121700135
96 0.00020016845732848845
97 0.00020173131675893345
98 0.0001878243885779913
99 0.000168916938468355
100 0.00016235378216709976
101 0.00014875930709309056
102 0.00014954039769502379
103 0.00014844662268264646
104 0.0001418834288463866
105 0.00013891481639364433
106 0.00013063294131500887
107 0.00012610160382150976
108 0.0001284453163282623
109 0.00012235122566932116
110 0.00012172634443457326
111 0.00012266375066369498
112 0.00012047645695795227
113 0.00012703908820920138
114 0.00012610137880826142
115 0.00012250756317707165
116 0.00012860143506938736
117 0.00013297660693482115
118 0.0001304765507019493
119 0.00013094568512877003
120 0.00013875854139577007
121 0.00014469666022278094
122 0.00015344718213422195
123 0.00016985360709996343
124 0.00016704135714059278
125 0.00017938620726961105
126 0.00019016741033328437
127 0.00020298139801768416
128 0.00021954462620975556
129 0.00023845212944607826
130 0.00026814119831271505
131 0.00028611169538992845
132 0.00031220686109599343
133 0.00034986600206510265
134 0.00036830369887014914
135 0.00041674423666893253
136 0.00047409243404230683
137 0.0005178445622506179
138 0.0005944122721473675
139 0.0006322265754440722
140 0.0007247318633876183
141 0.0008209879045117295
142 0.0009172445083403792
143 0.0010272509901031732
144 0.0012066359222166407
145 0.0013421138043771207
146 0.0015063422989647095
147 0.0016961982844920186
148 0.0019068353041843586
149 0.0021796649151724756
150 0.0024501512480332764
151 0.0027851700528991586
152 0.0030995648484099672
153 0.003491934182006974
154 0.003959305412705196
155 0.004369645186956499
156 0.004869049858539196
157 0.005488618552376705
158 0.0059819289393853
159 0.00660712303329383
160 0.00727919838427522
161 0.007927827362251153
162 0.00867771971379187
163 0.009356822920473044
164 0.010191094816105164
165 0.010857541050758387
166 0.011566337580139625
167 0.012319662737014927
168 0.012974230418365445
169 0.01359380646973055
170 0.014236186288357025
171 0.014582148071824508
172 0.01522062385040166
173 0.01551611119586749
174 0.015672685137722443
175 0.015869102391749098
176 0.01596551274185745
177 0.01592051131705151
178 0.015755966149932375
179 0.01549032717691208
180 0.015053894261927813
181 0.014651210181358254
182 0.014135712159699644
183 0.013597398316212156
184 0.012925482603281368
185 0.01219777961458933
186 0.01146211124208594
187 0.010668623643830465
188 0.009975460121609834
189 0.009141969782388624
190 0.00843098805018337
191 0.007653440289538517
192 0.0069743354824452555
193 0.006274602781647171
194 0.005598937281066452
195 0.004973743652707347
196 0.0044596498936194185
197 0.0039043022591938267
198 0.0033878651001757847
199 0.0029912775384467126
200 0.0026007852613162304
201 0.002250918849970342
202 0.0019530887797258156
203 0.0016591640185020357
204 0.0014632141549017926
205 0.0012067936661916722
206 0.0010755349497187639
207 0.0009039610892938371
208 0.0007387949884608783
209 0.0006444142597812532
210 0.000544720615465564
211 0.00048221739647304277
212 0.0003931492397033631
213 0.0003414273956804592
214 0.00028423632346785905
215 0.0002470464013608944
216 0.00020860610421142607
217 0.00017657331973673182
218 0.0001603219758580922
219 0.00014516531956808716
220 0.00011547571313844409
221 9.85999130750636e-05
222 8.656784422204884e-05
223 9.297472243362411e-05
224 7.93799535674841e-05
225 7.37544128990428e-05
226 6.609775972722368e-05
227 6.781663474960225e-05
228 5.859738782090734e-05
229 5.781608782303419e-05
230 5.6097172183345735e-05
231 5.828476907541043e-05
232 5.0472006549157234e-05
233 5.297191590296593e-05
234 5.281583155578308e-05
235 5.9534972216599466e-05
236 6.031624408128447e-05
237 6.687901909365943e-05
238 6.281630660103794e-05
239 7.203565040229337e-05
240 7.484849730860857e-05
241 7.937990044542267e-05
242 8.281755356273183e-05
243 9.844365055806016e-05
244 0.00010610036621987558
245 0.00011766324124575283
246 0.000128445900765831
247 0.0001409459007399521
248 0.00015219690711309282
249 0.00016844790405453475
250 0.00018579273539054365
251 0.00021720074180193555
252 0.00024314032955509307
253 0.0002648603702436572
254 0.00030595697366775593
255 0.0003284578674738859
256 0.0003903367615888003
257 0.0004329948335568654
258 0.0004809671245458473
259 0.0005559714748961275
260 0.0006084749784189938
261 0.0006881677726102849
262 0.0007497341198818996
263 0.0008534894202855557
264 0.0009347453833608736
265 0.0010827225121877529
266 0.001164916469163346
267 0.0013293016887190446
268 0.0014764968206908754
269 0.0016033805183466466
270 0.0017947982537270593
271 0.0020048122487550733
272 0.0022020115217587597
273 0.002385147716509497
274 0.0026495400931766844
275 0.002902526735535194
276 0.003157852499129423
277 0.003455215082115489
278 0.00373757568978938
279 0.00407494121368391
280 0.0044035553624516815
281 0.004683888220638273
282 0.005089845922363074
283 0.005424869305698419
284 0.005765044101089718
285 0.006134757344156165
286 0.00655165836535132
287 0.006943873696275716
288 0.0072932676603018574
289 0.007554690702505962
290 0.007903461923215307
291 0.008231137621652658
292 0.008488657417443132
293 0.008682885927481619
294 0.008914463144609735
295 0.00902540802035207
296 0.00913338402723864
297 0.009211202609021573
298 0.009295268718687032
299 0.009306049587230369
300 0.009166514649856305
301 0.009017909961166278
302 0.008886964310481337
303 0.00867960958767794
304 0.008398187214306078
305 0.008104260105950833
306 0.007821275142228978
307 0.007501095836937802
308 0.007064351218856337
309 0.006737296157189019
310 0.006330241402027002
311 0.005953656950008523
312 0.005487063847084814
313 0.005099228967103824
314 0.004713423749220011
315 0.004336211693800445
316 0.004012909579490643
317 0.0036249167616318376
318 0.003286456537650663
319 0.0029664377796367165
320 0.002696265384506456
321 0.0024149951262624762
322 0.002151229540545278
323 0.0019394981207321708
324 0.0017121396911284354
325 0.0015541604308032717
326 0.0013735236078632241
327 0.0011983574006609867
328 0.0010616292810976594
329 0.0009586545243588605
330 0.0008255205484445012
331 0.0007711425201004237
332 0.0006597282724455212
333 0.0005689417563295284
334 0.0005280013560637489
335 0.0004414344182244703
336 0.0004108070961102537
337 0.0003675232615045427
338 0.00031627012682132016
339 0.0002704858515609176
340 0.0002601729921562275
341 0.00022610795130164122
342 0.00021313823558619409
343 0.0001848556885979934
344 0.0001707920134913576
345 0.0001507908790245369
346 0.00014422772580583611
347 0.000128914294500208
348 0.00012344543510826712
349 0.00011625735692594764
350 0.00010453780058831174
351 0.00010547581942132439
352 9.9225181841064e-05
353 8.828668487086541e-05
354 8.35991849009967e-05
355 8.484934427118147e-05
356 8.078624108136148e-05
357 8.063005045029773e-05
358 7.95362598264847e-05
