0 4.6876875075003e-07
1 6.2502500100004e-07
2 3.1251250050002e-07
3 3.1251250050002e-07
4 9.3753750150006e-07
5 1.5625625025001e-07
6 4.6876875075003e-07
7 0.0
8 7.8128125125005e-07
9 3.1251250050002e-07
10 3.1251250050002e-07
11 7.8128125125005e-07
12 3.1251250050002e-07
13 6.2502500100004e-07
14 1.09379375175007e-06
15 4.6876875075003e-07
16 4.6876875075003e-07
17 1.40630625225009e-06
18 6.2502500100004e-07
19 3.1251250050002e-07
20 3.1251250050002e-07
21 3.1251250050002e-07
22 1.5625625025001e-07
23 3.1251250050002e-07
24 7.8128125125005e-07
25 9.3753750150006e-07
26 4.6876875075003e-07
27 4.6876875075003e-07
28 9.3753750150006e-07
29 6.2502500100004e-07
30 3.1251250050002e-07
31 4.6876875075003e-07
32 0.0
33 1.5625625025001e-07
34 6.2502500100004e-07
35 7.8128125125005e-07
36 0.0
37 4.6876875075003e-07
38 1.5625625025001e-07
39 6.2502500100004e-07
40 4.6876875075003e-07
41 3.1251250050002e-07
42 4.6876875075003e-07
43 0.0
44 0.0
45 1.5625625025001e-07
46 1.5625625025001e-07
47 1.5625625025001e-07
48 0.0
49 0.0
50 0.0
51 1.5625625025001e-07
52 0.0
53 0.0
54 0.0
55 1.5625625025001e-07
56 0.0
57 0.0
58 0.0
59 0.0
60 0.0
61 0.0
62 0.0
63 0.0
64 0.0
65 0.0
66 0.0
67 0.0
68 0.0
69 0.0
70 0.0
71 0.0
72 0.0
73 0.0
74 0.0
75 0.0
76 0.0
77 0.0
78 0.0
79 0.0
80 0.0
81 0.0
82 0.0
83 0.0
84 0.0
85 0.0
86 0.0
87 0.0
88 0.0
89 0.0
90 0.0
91 0.0
92 0.0
93 0.0
94 0.0
95 0.0
96 0.0
97 0.0
98 0.0
99 0.0
100 0.0
101 0.0
102 0.0
103 0.0
104 0.0
105 0.0
106 0.0
107 0.0
108 0.0
109 0.0
110 0.0
111 0.0
112 0.0
113 0.0
114 0.0
115 0.0
116 1.5624687506249876e-07
117 0.0
118 0.0
119 0.0
120 0.0
121 1.5624687506249876e-07
122 0.0
123 0.0
124 1.5624687506249876e-07
125 4.687406251874963e-07
126 1.5624687506249876e-07
127 4.687406251874963e-07
128 6.24987500249995e-07
129 1.24997500049999e-06
130 2.1874656260624935e-06
131 4.062418751624969e-06
132 3.124937501249976e-06
133 5.468640627187456e-06
134 8.124846878437444e-06
135 8.43733125337493e-06
136 1.421847500587489e-05
137 1.796840938256238e-05
138 2.8436940636562314e-05
139 3.4374312513749735e-05
140 4.171794376724975e-05
141 6.734242190231198e-05
142 8.234214065868693e-05
143 0.00010656038754299925
144 0.0001421847781843116
145 0.00018968377195218602
146 0.00025374505635412313
147 0.0003418683501404976
148 0.00044280383143087187
149 0.0005665514221066834
150 0.0007240483096704324
151 0.0009256068816281184
152 0.0011716958598545545
153 0.0014920022912394272
154 0.001833245522627049
155 0.002322454479072544
156 0.002820257257401354
157 0.003495400445180223
158 0.004300228529885778
159 0.005127243455220899
160 0.006205972471289204
161 0.007319857043621759
162 0.008747641794208998
163 0.010083552913500108
164 0.011733364370424106
165 0.013515048377404582
166 0.015460478978197939
167 0.017671997997847546
168 0.019765238695586107
169 0.02187676036208366
170 0.024216401959912315
171 0.026416046760818053
172 0.028568503449173787
173 0.03069127555631416
174 0.03255139533519781
175 0.0343862033922018
176 0.03570977140212084
177 0.036983182974496036
178 0.037918947178028704
179 0.03842628042509952
180 0.0385931527626798
181 0.03853487199389278
182 0.0380770686030837
183 0.03715583715896784
184 0.03584351845529392
185 0.034381673170343734
186 0.03269186133213012
187 0.03074533797823084
188 0.028593347874207174
189 0.026286049229513435
190 0.024085623559864704
191 0.02176769995891333
192 0.019509149861104545
193 0.017245600369553873
194 0.015081111537420639
195 0.013183180005396653
196 0.011258999317118544
197 0.009660436675836862
198 0.008072342425181381
199 0.006747212180891389
200 0.005563172639778335
201 0.00459209760812584
202 0.003724302239024223
203 0.003001972682480228
204 0.0023788596572212337
205 0.001926993732041236
206 0.0014837208974799259
207 0.0011676333661014289
208 0.0009329504847560555
209 0.0007007676002876198
210 0.0005354582377181212
211 0.0004120232345443093
212 0.00030780650325131013
213 0.00023624542509749824
214 0.0001774965531980613
215 0.00013046618755312403
216 9.827932191506173e-05
217 6.70299187769995e-05
218 5.359273439756216e-05
219 3.843673126537473e-05
220 2.5780743760499814e-05
221 2.343705000974985e-05
222 1.5780943756499878e-05
223 1.1562278129812413e-05
224 7.968590628187435e-06
225 6.24987500249995e-06
226 3.749925001499972e-06
227 2.9686906261874773e-06
228 1.874962500749985e-06
229 1.7187156256874862e-06
230 7.812343753124938e-07
231 1.0937281254374913e-06
232 6.24987500249995e-07
233 6.24987500249995e-07
234 4.687406251874963e-07
235 0.0
236 1.5624687506249876e-07
237 0.0
238 0.0
239 0.0
240 1.5624687506249876e-07
241 0.0
242 0.0
243 0.0
244 1.5624687506249876e-07
245 0.0
246 0.0
247 0.0
248 0.0
249 0.0
250 0.0
251 0.0
252 0.0
253 0.0
254 0.0
255 0.0
256 0.0
257 0.0
258 0.0
259 0.0
260 0.0
261 0.0
262 0.0
263 0.0
264 0.0
265 0.0
266 0.0
267 0.0
268 0.0
269 0.0
270 0.0
271 0.0
272 0.0
273 0.0
274 0.0
275 0.0
276 0.0
277 0.0
278 0.0
279 0.0
280 0.0
281 0.0
282 0.0
283 0.0
284 0.0
285 0.0
286 0.0
287 0.0
288 0.0
289 0.0
290 0.0
291 0.0
292 0.0
293 0.0
294 0.0
295 0.0
296 0.0
297 0.0
298 0.0
299 0.0
300 0.0
301 0.0
302 0.0
303 0.0
304 0.0
305 0.0
306 0.0
307 0.0
308 0.0
309 0.0
310 0.0
311 0.0
312 0.0
313 0.0
314 0.0
315 0.0
316 0.0
317 0.0
318 0.0
319 0.0
320 0.0
321 0.0
322 0.0
323 0.0
324 0.0
325 0.0
326 1.5625625025001e-07
327 0.0
328 0.0
329 0.0
330 0.0
331 1.5625625025001e-07
332 0.0
333 0.0
334 0.0
335 1.5625625025001e-07
336 0.0
337 0.0
338 0.0
339 1.5625625025001e-07
340 0.0
341 0.0
342 0.0
343 0.0
344 0.0
345 3.1251250050002e-07
346 1.5625625025001e-07
347 4.6876875075003e-07
348 0.0
349 1.5625625025001e-07
350 3.1251250050002e-07
351 1.5625625025001e-07
352 4.6876875075003e-07
353 3.1251250050002e-07
354 1.5625625025001e-07
355 0.0
356 1.5625625025001e-07
357 7.8128125125005e-07
358 9.3753750150006e-07
