0 7.812343753124938e-07
1 7.812343753124938e-07
2 9.374812503749925e-07
3 1.7187187506249875e-06
4 1.4062218755624888e-06
5 1.0937281254374913e-06
6 1.4062218755624888e-06
7 1.40622500049999e-06
8 2.343703125937481e-06
9 9.374812503749925e-07
10 1.8749656256874862e-06
11 2.4999531259374816e-06
12 2.0312093758124837e-06
13 2.8124437511249784e-06
14 4.06242187656247e-06
15 2.4999500009999805e-06
16 4.218665626687467e-06
17 6.093631252374951e-06
18 7.812350002999936e-06
19 7.031115627687444e-06
20 9.68730625387492e-06
21 1.1093531254374908e-05
22 1.2499756254874899e-05
23 1.609344063118737e-05
24 2.093709063318734e-05
25 1.8749634382312363e-05
26 2.9374421886562296e-05
27 3.359308751324976e-05
28 4.921777501949963e-05
29 5.4842700020999596e-05
30 6.624870940081201e-05
31 7.406104690406198e-05
32 9.749808441331172e-05
33 0.00012452882504849908
34 0.00014984083130837393
35 0.00017484032506849868
36 0.00021905820633587328
37 0.0002593699344763104
38 0.00029671293761624785
39 0.0003601491876412473
40 0.0004207730376642466
41 0.0004987402376952461
42 0.0005706138752224955
43 0.0006588934346313079
44 0.0007620164096718066
45 0.000869514256589868
46 0.0010104491097678043
47 0.0011263843254384913
48 0.0012971621786314275
49 0.001425909675556489
50 0.001588406503744925
51 0.0017626217600647989
52 0.0019073065476190472
53 0.0021315208289584197
54 0.00226261206650867
55 0.0024312025228245436
56 0.002604636701015979
57 0.002784008182336353
58 0.0028866623886272275
59 0.0030727523637027244
60 0.0032047811356272875
61 0.0032739984356562873
62 0.003430557970090598
63 0.0034875881482370336
64 0.0035343059607557854
65 0.0035708676982710344
66 0.003578211373272536
67 0.0036316477764194726
68 0.0036207105389142197
69 0.003587898595153096
70 0.003517118788874224
71 0.003468057270104597
72 0.0033464972075558505
73 0.0032714984981550366
74 0.0032000937824993515
75 0.0030411905886882262
76 0.0029682233324083533
77 0.0028579129479910396
78 0.0026399484041569176
79 0.002512763422856543
80 0.002377297319678607
81 0.0021605827758444827
82 0.002042616328923423
83 0.0018959004319913607
84 0.0017526221069328618
85 0.001611843581878363
86 0.001494189522459551
87 0.0013945039567958644
88 0.001245600691111178
89 0.0011588835848283033
90 0.0010393547035309296
91 0.0009698247847543049
92 0.0008877951253474924
93 0.000799359340938181
94 0.0007129548596528072
95 0.0006638933127587452
96 0.0005985820783584329
97 0.0005476455345893081
98 0.00048264677518949613
99 0.0004435851032979338
100 0.00040702329703405936
101 0.00036983653451930963
102 0.00034124327200956003
103 0.0003029628626177477
104 0.00029608797199056014
105 0.0002674947501049979
106 0.00024858890322193567
107 0.00021437079383412332
108 0.0002154645125847483
109 0.00021452703445931092
110 0.00019140249382512342
111 0.0001695279406911862
112 0.00017640280319393618
113 0.0001685904531909362
114 0.00015327824068518635
115 0.00014546589693206137
116 0.00013874727505449894
117 0.00014405965630687377
118 0.000141091000054999
119 0.00013515362505249896
120 0.00014187220630587386
121 0.00013343491567668645
122 0.00014312218443131134
123 0.0001481221250574989
124 0.0001471846125577489
125 0.0001462471281824364
126 0.0001604656219375613
127 0.00015874688756224863
128 0.0001714028719425611
129 0.0001892150500739985
130 0.00020452725320493592
131 0.00021843324383512326
132 0.00024405775009499808
133 0.000261869900101998
134 0.0002846819501109979
135 0.0003192124782504351
136 0.00035968049389012224
137 0.00038749240952680957
138 0.00044077265329693405
139 0.000510302537699246
140 0.0005690513439731204
141 0.0006448311721265577
142 0.0007262358221585567
143 0.0008215465034449317
144 0.00093451300348993
145 0.0010681041222925544
146 0.0012291946661066775
147 0.0013921602786694269
148 0.0016091873443781126
149 0.0018326203819673606
150 0.0020668346289324214
151 0.002361360116547669
152 0.002737290222945541
153 0.003060877710570789
154 0.0035466495138847245
155 0.004006952935941282
156 0.004542567514274712
157 0.005103025255119896
158 0.005749887755369894
159 0.006419249658756825
160 0.007189078427806445
161 0.008017499581258379
162 0.008837483753449933
163 0.009784183903821917
164 0.010777758066713664
165 0.011685084285814284
166 0.01285678006752365
167 0.013787543221010575
168 0.014824241462045753
169 0.015812816037429248
170 0.01689529495035099
171 0.01799355511639768
172 0.018763852116707665
173 0.019685396826438478
174 0.020546161542394154
175 0.021043182820718577
176 0.021546297774044532
177 0.02207738077113458
178 0.02230112653371932
179 0.02245924870252595
180 0.022463935958780802
181 0.022163004280539383
182 0.021992070580463378
183 0.02155942268967122
184 0.020916935305043894
185 0.020267885298544033
186 0.01968992791394173
187 0.01881041389484711
188 0.017783090119447606
189 0.016872014181591365
190 0.015820003434306316
191 0.014777211255774886
192 0.013706919817853644
193 0.01272443869872602
194 0.011645709963925721
195 0.010670572657296854
196 0.00981480817883643
197 0.008775140950305993
198 0.008029530812508746
199 0.007214859193441132
200 0.00642487452750945
201 0.00575223139287214
202 0.005072400836358276
203 0.004489912342378151
204 0.004009765454690907
205 0.003523212363877723
206 0.0031168140699685994
207 0.0027290091323173534
208 0.002375734832178357
209 0.0020857405914381714
210 0.0018105896382072351
211 0.0015774692381152382
212 0.0013962226349223015
213 0.001212632575473491
214 0.001063260544164117
215 0.0009354505003649928
216 0.0008323274815753686
217 0.0007246732846593069
218 0.0006342063939971201
219 0.0005593640658436835
220 0.0004913966470670585
221 0.00042467919704105916
222 0.0004053045501589969
223 0.0003499931438871224
224 0.0003164000469990598
225 0.00029311924074018527
226 0.00025858869072618537
227 0.00024640143134637316
228 0.00022093319071118573
229 0.00019608993757624842
230 0.00017562157194356116
231 0.00017671532194356125
232 0.00016359055006399877
233 0.00015484071881062376
234 0.00014124725630487386
235 0.00015030955630887386
236 0.00013671607505349895
237 0.00012937246255074894
238 0.000128122506299874
239 0.00013749729692906143
240 0.00013452862817743647
241 0.00013468486255274897
242 0.00014249722193056139
243 0.0001448409313063739
244 0.00015312199693506135
245 0.00015140330630887387
246 0.00015874691256174877
247 0.00015827815631187382
248 0.00017093417819143613
249 0.00019905863445231098
250 0.00019296498132537356
251 0.00021265211570768586
252 0.00023890157509349813
253 0.00025437004697406035
254 0.0002671822969790605
255 0.00029343173761524783
256 0.00032155623450031003
257 0.00034327457513349716
258 0.00036249290014199714
259 0.00042374174391512166
260 0.00044405387204755876
261 0.0005003027626947461
262 0.0005434268845873083
263 0.0006073319096118083
264 0.000651706040879183
265 0.0007195171752814941
266 0.0008020156378122441
267 0.0008793578284684307
268 0.0009671686566268673
269 0.0010538856972860538
270 0.0011404464660706786
271 0.0012320072067308657
272 0.0013766919130367393
273 0.001486533563078738
274 0.0016284057725095497
275 0.0017516845913081746
276 0.0019226187632497354
277 0.002047147463300735
278 0.0021969882414851704
279 0.0023522979040419187
280 0.0025213570322343555
281 0.0026532294135367296
282 0.002779320701085979
283 0.002953536044904102
284 0.0030557217011909763
285 0.0031479073824773507
286 0.0032852483825323475
287 0.003366653141937163
288 0.0034439952763444725
289 0.003517900266994661
290 0.003583055051398973
291 0.003578836323273536
292 0.003639147817043659
293 0.003637116579543409
294 0.003551493317008659
295 0.00356133685451291
296 0.0034727447607297854
297 0.003366340626312474
298 0.003278998551278974
299 0.0031791568293634124
300 0.003030097126182476
301 0.00291884944801104
302 0.0027836955948381046
303 0.00258854335100798
304 0.0024666706822113562
305 0.0022613622602547945
306 0.0020923029570658596
307 0.0019313685538789218
308 0.0017415285163046744
309 0.0016062186162526747
310 0.0014291909130567386
311 0.0013063807255104896
312 0.0011441964504459903
313 0.001011855206645867
314 0.000886701381597368
315 0.0007623288971720564
316 0.0006446749471260576
317 0.0005862385596038081
318 0.0004728032595598087
319 0.0004229604751654968
320 0.0003476494813853723
321 0.00029468174699006023
322 0.00024608898447031066
323 0.00020921467508149843
324 0.0001692154406911862
325 0.00014921582818343626
326 0.00011577900004499914
327 9.577938753724923e-05
328 8.452962190756186e-05
329 6.843616565168694e-05
330 6.328001252474951e-05
331 4.7499078143437156e-05
332 3.749927501449974e-05
333 2.6405728135437323e-05
334 2.4999518759624818e-05
335 2.1249581258374836e-05
336 1.703092188156236e-05
337 1.3593490630187389e-05
338 1.3593487505249885e-05
339 9.999806253874919e-06
340 6.562371877562448e-06
341 7.812343753124936e-06
342 5.62489375212496e-06
343 5.1561468770624595e-06
344 3.906175001499971e-06
345 3.593681251374974e-06
346 3.5936781264374727e-06
347 2.3437031259374816e-06
348 1.874962500749985e-06
349 2.6561968760624795e-06
350 1.4062218755624888e-06
351 1.24997500049999e-06
352 1.7187156256874862e-06
353 9.374812503749925e-07
354 6.24987500249995e-07
355 1.4062218755624888e-06
356 1.24997500049999e-06
357 9.374812503749925e-07
358 1.4062218755624888e-06
