0 1.2499781254374913e-06
1 1.5624687506249875e-06
2 9.374812503749925e-07
3 1.0937281254374913e-06
4 1.5624718755624888e-06
5 1.4062218755624888e-06
6 2.1874562508749826e-06
7 1.874962500749985e-06
8 1.5624687506249875e-06
9 2.0312093758124837e-06
10 2.499953125937482e-06
11 1.24997500049999e-06
12 4.218665626687467e-06
13 3.593681251374974e-06
14 2.656203125937482e-06
15 4.687406251874963e-06
16 4.062425001499971e-06
17 6.4061250024999496e-06
18 8.906075003499928e-06
19 7.656106252874943e-06
20 1.1874768754624903e-05
21 1.1093534379312409e-05
22 1.5312209380812376e-05
23 1.843714688206236e-05
24 2.1562084383312347e-05
25 2.6405737510249806e-05
26 3.0155678136437292e-05
27 3.781176563968723e-05
28 4.8280309393812137e-05
29 6.046756877362454e-05
30 7.76547375302494e-05
31 8.702954690906183e-05
32 0.00011296656254374912
33 0.0001410910438041239
34 0.00015984065631187384
35 0.00019796492195156098
36 0.00023515168134137328
37 0.00028218205010899797
38 0.0003417120970080596
39 0.0004071796126577468
40 0.0004843656345623089
41 0.000570770172096558
42 0.00064795615650187
43 0.0007442043784124318
44 0.0008981076847213051
45 0.0010116991003929921
46 0.001152321537944241
47 0.0013048184442561149
48 0.001490127450575988
49 0.0016310620537589252
50 0.0018104337444501113
51 0.002000898641402172
52 0.0021907389445961077
53 0.0023905787665496683
54 0.0026063557853842935
55 0.0027635402448201022
56 0.0029254120948831006
57 0.00315353270747085
58 0.003309779595033099
59 0.0034404021419571613
60 0.003612429995150097
61 0.003733365248320035
62 0.003811176082728345
63 0.0038780500108747825
64 0.003953829654656906
65 0.003950548507779844
66 0.0040122659015569715
67 0.004063046317198655
68 0.004038827917191656
69 0.003961954439036221
70 0.00396351688903722
71 0.003857425220245596
72 0.0037283653326933485
73 0.003582899345138098
74 0.003440089698206034
75 0.0033680598013039733
76 0.003218687676246476
77 0.0030552533011839766
78 0.0029172872198806026
79 0.0027551029760654777
80 0.0025519816697416064
81 0.0023344860665286695
82 0.0022263630571138578
83 0.002052304094543109
84 0.0019004319319863602
85 0.001773246913186736
86 0.0015876254631157377
87 0.001489346200575988
88 0.0013849731255374885
89 0.001261850516114678
90 0.0011268531879362416
91 0.0010462297097808043
92 0.0009115448534779303
93 0.0008354525659486813
94 0.0007920159753054939
95 0.0007020177221455574
96 0.0006434250689986204
97 0.000607332009609808
98 0.0005454581502119958
99 0.0004967090970680585
100 0.0004520225126747463
101 0.00040858584078318444
102 0.00036702413451730954
103 0.00034030588138237247
104 0.0003081190344943102
105 0.0002928068157386852
106 0.0002712447594798105
107 0.00023937035009299808
108 0.00023030802508949822
109 0.00021562083758324828
110 0.00019812112820243594
111 0.00018687140632187366
112 0.00017155916569168615
113 0.00016749674694006112
114 0.0001562469750604988
115 0.00015999689693706128
116 0.00014452842818143635
117 0.0001435909781804364
118 0.00014296597818043633
119 0.00013202870630087398
120 0.000138278550053999
121 0.00013796606567868642
122 0.00014468470318093634
123 0.00014343471880562392
124 0.00015421575005999892
125 0.00015796570631087378
126 0.0001620280938131237
127 0.0001714029531909362
128 0.00018546514069718605
129 0.00019233999070018587
130 0.0002032772875792484
131 0.00022296440008699828
132 0.00024187033134337308
133 0.0002618698813523729
134 0.0002756196907311853
135 0.00031405639699706
136 0.00035280565638687214
137 0.0003832738532729345
138 0.0004485851064228717
139 0.00048827181268874624
140 0.0005435832064608709
141 0.0006374876502469949
142 0.0007187360409041822
143 0.0008268589940701188
144 0.0009367006409871804
145 0.0010629481504119916
146 0.0012101328535929273
147 0.0013752858536579269
148 0.0015566885412291753
149 0.001770278119437611
150 0.002054960100797984
151 0.002305267875892482
152 0.0026915103572928566
153 0.003021347716795666
154 0.0033850907200606004
155 0.0038746123483780356
156 0.004410695717335653
157 0.004945216630042399
158 0.005575829386537269
159 0.006215660855532888
160 0.006938303130812387
161 0.007722350424866504
162 0.008489523040789182
163 0.009365912181756364
164 0.010302925253994918
165 0.011198376901211981
166 0.012210388414106719
167 0.013240993595753089
168 0.014235973802398957
169 0.015186112005884888
170 0.016156249453135943
171 0.017077637637872244
172 0.01792121525069499
173 0.01864479499160017
174 0.019547277304453922
175 0.02012804777654446
176 0.02064741243612628
177 0.02096396858625327
178 0.021273650261369764
179 0.021434584345813083
180 0.021404585205170888
181 0.021385679186416286
182 0.021003655570638578
183 0.020699130523639517
184 0.020143516214050725
185 0.0194804039450461
186 0.01871713708538329
187 0.017975589644457116
188 0.017100918625377496
189 0.016263903628177433
190 0.015188611774639508
191 0.014179725005499888
192 0.01321349411449271
193 0.012232106779739401
194 0.011193220588713224
195 0.010358392957140855
196 0.009357943622377551
197 0.008557490400192
198 0.007685007349853002
199 0.0069248658558078826
200 0.006249097589923199
201 0.0055764543052888955
202 0.004904592530024401
203 0.004378040279819402
204 0.0038994557858842813
205 0.003419464935701286
206 0.0030269725886732267
207 0.0026621359541559157
208 0.002289642975890482
209 0.0020482416539169207
210 0.0017773093319383608
211 0.0015713758287334257
212 0.0013557548599028022
213 0.0011954456504619908
214 0.0010345111566518672
215 0.0009179510159796808
216 0.0008137342503149942
217 0.0006974865065198698
218 0.0006267065908681831
219 0.0005509268189636205
220 0.0004984278251934962
221 0.00044780381892362193
222 0.00039280486890262207
223 0.0003445245595088098
224 0.00031858756574868505
225 0.00028499449698506026
226 0.00025452632509849796
227 0.00024421402509449796
228 0.00022952683133837327
229 0.000208277203205936
230 0.00019249625632487347
231 0.00017780904694406102
232 0.0001699966844413112
233 0.00016155935631287377
234 0.0001518720406841863
235 0.00015671571881062377
236 0.00015046584693306138
237 0.0001396848156786864
238 0.0001445284281814364
239 0.0001440597281804364
240 0.00014421592818143636
241 0.00015093458443331135
242 0.00014827838443231138
243 0.00014593467193156151
244 0.00015843440318693628
245 0.00016687176881462378
246 0.0001749966031929361
247 0.0001799965344443111
248 0.00018749636257274843
249 0.00019952736882762354
250 0.00022687057821343576
251 0.00023249548759024828
252 0.0002501513907221855
253 0.00026733855322893537
254 0.00028999435011299775
255 0.00031905629074918494
256 0.0003376496907561848
257 0.0003924924157766846
258 0.0003967110157796845
259 0.0004510850220495589
260 0.0004967091689416213
261 0.0005446769158366834
262 0.0005967071252324956
263 0.0006531123627527451
264 0.0007154548846523067
265 0.0007642039909201816
266 0.0008590458315833684
267 0.0009457629753654921
268 0.0010087304066418669
269 0.0011249782535599291
270 0.0012495070692336147
271 0.0013548175473990522
272 0.0014702840224445517
273 0.0016088750537489255
274 0.0017641845850582987
275 0.0019229315819933612
276 0.0020840221539319232
277 0.0022291755539889206
278 0.0024232342603147943
279 0.0025952623041289166
280 0.0027646338979470395
281 0.0029191621073828508
282 0.00306962823556029
283 0.0032305623731275364
284 0.003360091235675284
285 0.0035004009544809113
286 0.003637273217035657
287 0.003741177510824785
288 0.003869768648377033
289 0.003936486210900781
290 0.004048515335943281
291 0.004057890285944282
292 0.003978985454665907
293 0.004045078114062721
294 0.003956017357777845
295 0.0039828914296714075
296 0.003939454964025719
297 0.003849769232740346
298 0.0037707081014629732
299 0.0036268047482800364
300 0.0034600892607147844
301 0.003331497888792223
302 0.003177126119977599
303 0.0029891607699096007
304 0.002814164241715167
305 0.0025919810385042295
306 0.0023940161571768554
307 0.002193863722725545
308 0.0020358981007879843
309 0.0018315270007099862
310 0.0016363746225075506
311 0.0014659091318173633
312 0.0013148182161356768
313 0.001156071341073178
314 0.0010191990660186796
315 0.0008801392597148055
316 0.0007831098346783062
317 0.0006632683502579949
318 0.0005565516939661206
319 0.0004806157189356213
320 0.00040639834703305917
321 0.0003459307751344975
322 0.0002932755813633727
323 0.00024546400946981077
324 0.00021077714695706096
325 0.00016296560318793625
326 0.00013327866255174897
327 0.00011359152191956164
328 8.640457190856188e-05
329 7.812347815543689e-05
330 6.718620002599951e-05
331 5.046775939481212e-05
332 4.140543751624972e-05
333 3.281185938781227e-05
334 2.8749456260874817e-05
335 2.2187065633687344e-05
336 1.9530875007499858e-05
337 1.5468456255874876e-05
338 1.4374725005499883e-05
339 1.281225000499989e-05
340 9.218575003499925e-06
341 6.718625002499949e-06
342 7.187362502749944e-06
343 5.312396877062458e-06
344 2.3437031259374816e-06
345 2.656196876062479e-06
346 3.1249375012499754e-06
347 1.8749656256874862e-06
348 2.3437031259374816e-06
349 1.8749656256874862e-06
350 1.0937343753124938e-06
351 1.8749656256874862e-06
352 1.40622500049999e-06
353 1.0937281254374913e-06
354 1.0937281254374913e-06
355 1.7187187506249875e-06
356 1.4062218755624888e-06
357 1.0937281254374913e-06
358 6.24987500249995e-07
