0 4.687406251874963e-07
1 9.374812503749925e-07
2 1.5624718755624888e-06
3 1.4062218755624888e-06
4 9.374812503749925e-07
5 1.5624687506249875e-06
6 1.4062218755624888e-06
7 1.5624687506249875e-06
8 9.374843753124937e-07
9 2.4999531259374816e-06
10 2.031212500749985e-06
11 2.187459375812484e-06
12 1.7187156256874862e-06
13 2.187459375812484e-06
14 3.4374343763124748e-06
15 4.687406251874966e-06
16 5.937390627187457e-06
17 5.937384377312454e-06
18 5.937390627187457e-06
19 7.031115627687446e-06
20 6.56237812743745e-06
21 1.1406028129437407e-05
22 1.3280996880062392e-05
23 1.6562181256374874e-05
24 2.1718331258374837e-05
25 2.5312012509749822e-05
26 3.156188751224977e-05
27 4.265543439131221e-05
28 4.5624125017499664e-05
29 6.437375627487453e-05
30 6.781119690106198e-05
31 8.624832815843684e-05
32 0.00010156053128937425
33 0.00013312240942681141
34 0.00015452828755924881
35 0.00017624661881762363
36 0.00022343321258574817
37 0.0002735884907301854
38 0.00031015024387012253
39 0.0003787427563948719
40 0.0004532726001729965
41 0.0005307710127047459
42 0.0006031133564828704
43 0.0007007677533949325
44 0.0008220154315663688
45 0.0009324821191076181
46 0.0010726356535369296
47 0.0011884146692066157
48 0.0013746611224025524
49 0.001507158506829863
50 0.0016855924725255496
51 0.001903088650726986
52 0.0020744913882972337
53 0.002236675741485169
54 0.0023774543352882934
55 0.0025937001697466035
56 0.0027518221979310428
57 0.0029180688761224777
58 0.003047910257419852
59 0.003230406551243974
60 0.0033427483075338486
61 0.0034814957388352233
62 0.003595087110757786
63 0.0036768042576648466
64 0.0037432091858162855
65 0.003769458920196598
66 0.0037799273733275345
67 0.0037885209139567225
68 0.003777583560828785
69 0.003717428457680848
70 0.00370039772954541
71 0.0036146180670136607
72 0.0034980577357202865
73 0.003415090585688287
74 0.003286811979385415
75 0.0031907198606027872
76 0.0030424415261694777
77 0.002874007304228916
78 0.0027340100291744157
79 0.0025715131916111693
80 0.002441359310313793
81 0.0022869873477530446
82 0.002108553203935922
83 0.0019479312507499856
84 0.0017999654756904865
85 0.0016699678725175496
86 0.0015438764630957382
87 0.0014355972818043648
88 0.0013157559098818025
89 0.001171696275449491
90 0.0010824790347943045
91 0.0009699813722475552
92 0.0008865454409661806
93 0.0008235779628157435
94 0.0007188924252764946
95 0.0006902993408881826
96 0.0006237379939901202
97 0.0005528019095868086
98 0.0005003028939421211
99 0.00047124099393012125
100 0.0004320228595428092
101 0.0003928049564008718
102 0.0003651492251404972
103 0.0003317123876272475
104 0.0003035879657406851
105 0.0002801509032319354
106 0.0002637449094768104
107 0.0002489014907201856
108 0.00022140197196056079
109 0.00020718354382912333
110 0.00019140261569768592
111 0.00017999655006899874
112 0.0001701530031899362
113 0.00016562183131337374
114 0.00015734074693506128
115 0.0001501533781824363
116 0.00014468472505549886
117 0.00014515340943181137
118 0.0001385910719285614
119 0.00012890381254874908
120 0.00013609111880262398
121 0.00014577840943181142
122 0.00014765342818143638
123 0.00014749716568168638
124 0.00014577845630587392
125 0.00015390331880862386
126 0.00017562165006699868
127 0.00016515310631287376
128 0.00017437166569168625
129 0.00019702747507549856
130 0.0002106209563308733
131 0.00022890185633787325
132 0.00024202657509349808
133 0.0002549950875982481
134 0.00028108830635887287
135 0.0003278062095008101
136 0.00034155590638187234
137 0.00040639844390612164
138 0.00044546012829743404
139 0.0005145214283214334
140 0.0005537393720875584
141 0.0006306128752424951
142 0.0007118612565248698
143 0.0008268591596918064
144 0.0009431069503609927
145 0.0010790418597878039
146 0.0012071642910891783
147 0.0013891919474110516
148 0.0015737197443551128
149 0.001798871681941361
150 0.0020646477757944857
151 0.002361204672781544
152 0.0027054168354132915
153 0.0030691596980560384
154 0.0034889953575928476
155 0.00398992325153497
156 0.0044219461579518395
157 0.005011466292549146
158 0.00568067194906102
159 0.006362690361817764
160 0.00707861418396632
161 0.007862661474895498
162 0.008785456044004119
163 0.009593878313058734
164 0.010530891463420726
165 0.011484935426291478
166 0.012516478107937839
167 0.01352083384894802
168 0.014488002849318013
169 0.015477827021584565
170 0.01652874483447831
171 0.017482632522349557
172 0.018425895872707557
173 0.019259473857397853
174 0.019969928704550898
175 0.02060554141729666
176 0.021187874267514648
177 0.021569741708290832
178 0.02182848646777065
179 0.021982546030329394
180 0.02192426647404551
181 0.021910985149047015
182 0.021630833942696152
183 0.02113724989250215
184 0.020620697482925346
185 0.01995539801078978
186 0.019244630294894104
187 0.018497456947736038
188 0.017577318134887304
189 0.016533901003229937
190 0.015598293930996385
191 0.014539095861832762
192 0.013564583123962515
193 0.01251897816418672
194 0.01152962223255535
195 0.010542922435301293
196 0.009608721688066233
197 0.008699207640847183
198 0.007849536565518686
199 0.007058301949586007
200 0.0063178473368032655
201 0.005660672436551269
202 0.00503224696443571
203 0.004440695817333652
204 0.0038944565421191587
205 0.003501495107597847
206 0.0030897843886872273
207 0.002696510751034979
208 0.002402766344673106
209 0.002048710691411172
210 0.0018102776850712997
211 0.001564969997475051
212 0.0013688798849023018
213 0.0012012269785854287
214 0.0010357614535209296
215 0.0009099825440991185
216 0.0008095157096858061
217 0.0007192049565258699
218 0.0006335815127447455
219 0.0005579579377162459
220 0.0005029591064428713
221 0.00045108508767324664
222 0.00039655488765224703
223 0.0003434309313813723
224 0.00032639998762524743
225 0.0002914006626117479
226 0.00027780720010599805
227 0.00024749523447031065
228 0.00023593297509049828
229 0.0002076522313303734
230 0.00018124649069518615
231 0.00017640287506749862
232 0.00016687181256374865
233 0.00017046545944081115
234 0.0001431222656796864
235 0.0001482783906821863
236 0.0001451534688056239
237 0.000142340993805124
238 0.00013905982192856137
239 0.00013046625942481147
240 0.0001456221969310614
241 0.00014405973443031136
242 0.00014843464380712376
243 0.00014577843755624886
244 0.00015343457818343639
245 0.0001676529969400613
246 0.00016405932193856124
247 0.00017796533756824875
248 0.0001937463063238735
249 0.00018937135319793596
250 0.00021437093133137335
251 0.0002187457969590608
252 0.00023155809071318578
253 0.0002626512219755604
254 0.0002756196844813105
255 0.00031436897199556014
256 0.00033983720950580995
257 0.0003517120532589348
258 0.00039421117515149693
259 0.00042186685016299666
260 0.0004788969814353713
261 0.0005112401533219335
262 0.0005504581939611206
263 0.0006084258189836204
264 0.0006845180658886825
265 0.0007410795034099318
266 0.0008077969471860563
267 0.0009087325940981187
268 0.0009674813753724932
269 0.0010881040566688665
270 0.0011976331817113665
271 0.00129966246300074
272 0.0014260663411731773
273 0.0015499702068458628
274 0.001686686328773424
275 0.0018359022257054864
276 0.001983399447636048
277 0.00213777145394592
278 0.0022805812008759824
279 0.002453702879067419
280 0.002582762804118917
281 0.002782290472940541
282 0.0029557243386382267
283 0.003071503432431351
284 0.0032197817512399766
285 0.0033366546294074095
286 0.0034513398700776
287 0.0035577441076178494
288 0.0036325865795184095
289 0.0037549278233185326
290 0.0037219597389302225
291 0.003745865335818284
292 0.003778052367077659
293 0.003830863938971219
294 0.0038005518764624717
295 0.003727428217060658
296 0.0036585234389062216
297 0.0035957122888792227
298 0.003496495345093099
299 0.003324467463775725
300 0.0032514999762504756
301 0.0031343148574528514
302 0.00294416209800804
303 0.002791196341698167
304 0.0026376055478890418
305 0.0024433905509389803
306 0.002225738572728546
307 0.0020623041695416087
308 0.0018768388475980478
309 0.0017259042881642367
310 0.001544501606842863
311 0.0013780984817803649
312 0.0012304450223495523
313 0.0010909165347943047
314 0.0009423256347373046
315 0.0008106094034369313
316 0.0007302984909051821
317 0.0006068633158586827
318 0.0005349897533299331
319 0.00044967880954880913
320 0.0003787427157706846
321 0.0003109315032449351
322 0.0002734322094808104
323 0.0002156208188336233
324 0.00020124612507749838
325 0.00015312205630887388
326 0.00012718506254874899
327 0.00010359176878962426
328 8.109219378112438e-05
329 7.031115002699948e-05
330 6.0155071898562065e-05
331 5.0780293769124625e-05
332 3.7968015639687224e-05
333 2.8749437511249803e-05
334 2.3905781259374813e-05
335 2.4374525009499827e-05
336 1.749965625687486e-05
337 1.5780940631187373e-05
338 1.3280993755124886e-05
339 9.374825003499925e-06
340 7.81234687806244e-06
341 7.499853127937439e-06
342 5.624890627187455e-06
343 5.937387502249955e-06
344 4.374912501749965e-06
345 2.031212500749985e-06
346 3.124937501249976e-06
347 1.7187187506249875e-06
348 1.5624718755624888e-06
349 2.499953125937482e-06
350 2.031212500749985e-06
351 1.24997500049999e-06
352 1.5624718755624888e-06
353 1.24997500049999e-06
354 1.0937281254374913e-06
355 1.8749687506249875e-06
356 6.24987500249995e-07
357 1.40622500049999e-06
358 3.124937501249975e-07
