0 1.40622500049999e-06
1 6.24987500249995e-07
2 1.0937281254374913e-06
3 1.56247500049999e-06
4 6.24987500249995e-07
5 2.0312093758124837e-06
6 1.4062281254374913e-06
7 2.343706250874983e-06
8 2.96869687606248e-06
9 2.031212500749985e-06
10 1.2499843753124938e-06
11 2.3437031259374816e-06
12 3.1249375012499763e-06
13 4.37492187656247e-06
14 4.53117187656247e-06
15 5.624903126937463e-06
16 4.5311656266874676e-06
17 6.4061281274374515e-06
18 7.343612502749946e-06
19 9.531078128437428e-06
20 1.0624803128937417e-05
21 1.4687231255374886e-05
22 1.5468462505749877e-05
23 2.062461563268736e-05
24 2.6874478135437307e-05
25 2.9999440636187303e-05
26 3.624930626387473e-05
27 4.796784064318716e-05
28 5.546771877062464e-05
29 6.718628127437455e-05
30 8.187351252974939e-05
31 9.640450628487429e-05
32 0.00012031029066918668
33 0.00013952863130237397
34 0.00017046560006299874
35 0.00021296482195356096
36 0.00024280806258874824
37 0.00030374437511249786
38 0.0003496810063798723
39 0.0004101486532769343
40 0.0004926471939311213
41 0.0005684268502129956
42 0.0006765499877502447
43 0.0007649858690326196
44 0.0008907648347033064
45 0.001003419000369993
46 0.0011479475441741164
47 0.0012941948317283652
48 0.0014549731880362392
49 0.001646375838108239
50 0.0018398096350572993
51 0.002005900506989862
52 0.002196053369557609
53 0.00238604967900642
54 0.002585577204080918
55 0.002793854426036478
56 0.0029722888729725415
57 0.003117129879277415
58 0.003295095313718727
59 0.003459310913781728
60 0.003559778066938661
61 0.0037275873420031607
62 0.003855553626427471
63 0.003920396195201096
64 0.003981957573348533
65 0.004083205632762345
66 0.004112267820268595
67 0.00410289274214516
68 0.0040739871765064686
69 0.004089611929636408
70 0.004006957207730847
71 0.003939770898332034
72 0.003784617785769285
73 0.003686337970115599
74 0.003554778113812725
75 0.0034244679012669734
76 0.0033097826043479123
77 0.003115411119902603
78 0.002950414094843103
79 0.002790729607282855
80 0.0026430759634807296
81 0.0024624545071598573
82 0.0022754268602127948
83 0.0021266794882852345
84 0.00198418213198236
85 0.0017888731225375498
86 0.0016459072412301759
87 0.0015276279880652383
88 0.0013637248036289268
89 0.0012634144223365531
90 0.001138885122297554
91 0.0010337309691306178
92 0.0009563884784804305
93 0.0008668590346943066
94 0.0007593608940321194
95 0.00068998719400612
96 0.0006423319783604329
97 0.000585301712715746
98 0.0005173341220675585
99 0.0004987407720595587
100 0.0004315545595338092
101 0.00040343005014899686
102 0.0003582746157576849
103 0.00033890004387412243
104 0.0002940570876082478
105 0.0002842135032299354
106 0.0002606202188456231
107 0.00025327658446831064
108 0.00022046469383112338
109 0.00021249607820343592
110 0.0001971838813223735
111 0.00019218391569668616
112 0.00017515300318993627
113 0.00016077827193456133
114 0.0001551533938071239
115 0.0001495284813053739
116 0.000142028643802124
117 0.0001464035781784365
118 0.00013718496255074903
119 0.00013171632817343657
120 0.00013156001879962402
121 0.00013687248130037395
122 0.00013937241567668648
123 0.00014234108130337396
124 0.00014577855630387392
125 0.00014859097193056135
126 0.00015030972193056142
127 0.00016671569693606128
128 0.00017452807193856125
129 0.00018030915319193618
130 0.0001959339125717487
131 0.0002153085063298734
132 0.00023187072508549828
133 0.00025593277821943556
134 0.0002817135376042477
135 0.0003132754094918103
136 0.0003454623720025599
137 0.00039296155014399725
138 0.000442804278289434
139 0.0004990533814323714
140 0.0005310838814473709
141 0.0006148324814753708
142 0.0007113931127627443
143 0.0008115476221725568
144 0.0009029520628337435
145 0.0010306060316293672
146 0.001189665450440992
147 0.0013412252379952404
148 0.0015763772380802384
149 0.0017591864100217998
150 0.0020162128726175484
151 0.002288395263344732
152 0.0026229203634677294
153 0.002989788597978039
154 0.0033707191949911
155 0.0038185236076528476
156 0.004346013676601469
157 0.004891472361177775
158 0.005488648692651148
159 0.006125355864757708
160 0.006892529215040697
161 0.007637515527814443
162 0.008456719071868568
163 0.009332640609687803
164 0.010239811228775422
165 0.011231980469765613
166 0.012214618845123103
167 0.013166945042349157
168 0.01414036438333733
169 0.015140658161836762
170 0.016145951909086825
171 0.017084685215670695
172 0.017812796278449426
173 0.018739029425661483
174 0.019475109666556672
175 0.020069005344893105
176 0.020620869601357974
177 0.021067736698391026
178 0.021382887245380098
179 0.02142179274539509
180 0.021336013173486542
181 0.02131570090785685
182 0.021031174832753352
183 0.020604619879477416
184 0.020141190866807657
185 0.019538390222820536
186 0.01880277869442611
187 0.01791310746285073
188 0.017036873340658194
189 0.01613970244657607
190 0.015180970533714335
191 0.014164895120847586
192 0.013147414020469591
193 0.01221274373262535
194 0.011117919975975487
195 0.01029121664441711
196 0.009305453481555372
197 0.008415001256224878
198 0.007628453280934383
199 0.006831749177516448
200 0.006158480121022583
201 0.005460524130142397
202 0.004853504158041838
203 0.004341326357847845
204 0.0038225859045319084
205 0.0033783750856232874
206 0.0029560392573398523
207 0.002613233154086919
208 0.0023252697071058587
209 0.002028556447621048
210 0.0017554365693936123
211 0.0015224717755644894
212 0.001325913034864303
213 0.0011868530785634284
214 0.00104138709100818
215 0.0009063895722085559
216 0.0007904541940411192
217 0.0007190491940161195
218 0.0006332695596088079
219 0.0005495211533269336
220 0.0004909284626807464
221 0.00042436714078218434
222 0.0003779618376382472
223 0.00033952499075018503
224 0.00030186948761024777
225 0.0002864009313563729
226 0.0002617139282214357
227 0.00023327696258574834
228 0.00021937092820643588
229 0.00019437138132237357
230 0.00018405911256774867
231 0.00018609027194456106
232 0.00016155947818543626
233 0.00015687210943281127
234 0.00015265341880662378
235 0.00015265340630687388
236 0.00014437234067818654
237 0.0001462472938041239
238 0.00013327880004899902
239 0.0001329663094238115
240 0.000142341175051499
241 0.00014499735942781152
242 0.00013281002817443652
243 0.00014296612192756146
244 0.0001471847688046239
245 0.00015624706568368642
246 0.00017062176256474863
247 0.0001690593344383113
248 0.00018234037194256108
249 0.000189683984445311
250 0.0002171834844553109
251 0.00021671473758024846
252 0.00023905806258874826
253 0.000266869987600248
254 0.000270776225100498
255 0.00031343169699106017
256 0.00032905649074518504
257 0.0003593683470080599
258 0.00039780518764624684
259 0.0004443668189136218
260 0.00048124112205255885
261 0.0005337401033229338
262 0.0005812392252154958
263 0.0006615502596198076
264 0.0007056120565088698
265 0.0007799855846633067
266 0.0008796713096988065
267 0.0009551386378522426
268 0.001062480409766804
269 0.0011335729097918044
270 0.0012407583317083663
271 0.0014052865661436766
272 0.0015084095755584883
273 0.0016670005287394256
274 0.0018299662600497982
275 0.0019488703100937986
276 0.0021298045757834846
277 0.0022943327039709202
278 0.0024535485665286693
279 0.002617139232215356
280 0.002807916919786603
281 0.0029785388573478526
282 0.0031407237074008517
283 0.003369469007494851
284 0.003425405785634288
285 0.0036358707419601624
286 0.0037093067482400354
287 0.003828835926406473
288 0.003932427604572908
289 0.003990082654596909
290 0.004048987967115659
291 0.004084143385882283
292 0.004062581260874783
293 0.004083049745255096
294 0.004057112685871285
295 0.003944927313953722
296 0.0039066469701855965
297 0.00384242899204516
298 0.0037263376732465346
299 0.0036114960544539106
300 0.0034785295044099133
301 0.003327594876227475
302 0.0031082238948971037
303 0.0029813515417191658
304 0.002798698472905542
305 0.002549484325938482
306 0.0023641751414971695
307 0.002181834925801484
308 0.002011056719490611
309 0.0018162165725435497
310 0.0016563759881052386
311 0.001504191263049739
312 0.0013220069911101782
313 0.0011549787941741159
314 0.0010238874378762427
315 0.0008749839721955563
316 0.0007618609784054321
317 0.0006518629596158077
318 0.000574051968960621
319 0.0004895222001809963
320 0.00041405490640187214
321 0.0003424936313773726
322 0.00030811941261174776
323 0.0002460892469650606
324 0.00020140254694906093
325 0.00017405930318893626
326 0.0001378099094268115
327 0.00011921653129437411
328 9.187332815843686e-05
329 7.546734377812449e-05
330 6.874872190056202e-05
331 5.343651876962466e-05
332 4.249921251574971e-05
333 3.656184688806226e-05
334 2.859322501049981e-05
335 2.2030843758124863e-05
336 1.9530887507249862e-05
337 1.5155968755624881e-05
338 1.3905984380312391e-05
339 1.0781053128937418e-05
340 9.999809378812421e-06
341 7.812359377812442e-06
342 8.749834378312431e-06
343 5.624896877062458e-06
344 4.999903126937462e-06
345 6.874868752624946e-06
346 3.7499312513749737e-06
347 2.968693751124979e-06
348 1.5624718755624888e-06
349 2.3437125007499856e-06
350 1.7187187506249875e-06
351 2.4999500009999805e-06
352 1.8749718755624887e-06
353 1.24997500049999e-06
354 1.7187187506249875e-06
355 6.249906251874963e-07
356 1.5624687506249875e-06
357 9.37487500249995e-07
358 1.0937312503749926e-06
