0 1.0937281254374913e-06
1 1.24997500049999e-06
2 4.687406251874963e-07
3 3.124937501249975e-07
4 7.812406251874963e-07
5 1.0937312503749926e-06
6 1.2499781254374913e-06
7 1.24997500049999e-06
8 1.24997500049999e-06
9 2.9686968760624794e-06
10 2.1874562508749826e-06
11 2.1874562508749826e-06
12 2.0312093758124837e-06
13 2.499959375812484e-06
14 3.2811843763124752e-06
15 3.593678126437473e-06
16 2.499956250874983e-06
17 3.593678126437473e-06
18 6.562381252374952e-06
19 6.40612500249995e-06
20 8.28110000299994e-06
21 1.18747625047499e-05
22 9.843556253874919e-06
23 1.5312206255874872e-05
24 2.0780856257874857e-05
25 2.5780765634687327e-05
26 2.906193126137479e-05
27 3.3436881262374784e-05
28 3.453058438831226e-05
29 4.921781876862464e-05
30 6.234258752324958e-05
31 7.421731877862445e-05
32 9.702940941181183e-05
33 0.00010593548129037425
34 0.00014280981567868652
35 0.00015702825630987383
36 0.00019390260319793605
37 0.00022593321883562325
38 0.00028421335323293553
39 0.00033983731575368514
40 0.0004020235845283093
41 0.000448741528294434
42 0.0005474896220825581
43 0.0006606126252474951
44 0.0007484233096588066
45 0.000859515009699806
46 0.000969981697241055
47 0.001127478684801304
48 0.001261226159851803
49 0.0014068485067798644
50 0.0015476269130867387
51 0.0017298111194026114
52 0.0019218385976030475
53 0.002043711463270735
54 0.0022401139289714217
55 0.0023846423977770446
56 0.0025533890790934185
57 0.0026911990385192295
58 0.002864789666706665
59 0.00297166244800104
60 0.0030599422574048517
61 0.0031875959262064775
62 0.0032979062075008496
63 0.0033447803325183526
64 0.0034169666044179116
65 0.003431497523174537
66 0.003477746810688786
67 0.00342337263254735
68 0.0034204040700435982
69 0.0033786862856492895
70 0.0033268121356322877
71 0.0033141561887512255
72 0.00322525158246835
73 0.003104003829298414
74 0.0029733812480000395
75 0.0028922891448421033
76 0.002737292069783604
77 0.0026413563103737914
78 0.0025266708759574814
79 0.0023127688196236075
80 0.002194333603952921
81 0.002041836450770984
82 0.0018969954007169855
83 0.0017952786756764857
84 0.0016626249412511746
85 0.0015376271849563005
86 0.0013984110192796142
87 0.0013113815286194272
88 0.0012091959254564909
89 0.001075760887907242
90 0.0009801377566198675
91 0.0009024829409661808
92 0.0008145159346813062
93 0.000751235772159557
94 0.0007060803408931822
95 0.0006406128721175574
96 0.0005642081439621208
97 0.0005623330783384335
98 0.0004748347439301214
99 0.00044249159391812165
100 0.0004198357876592467
101 0.0003660868595128097
102 0.0003403060595038101
103 0.00032296265012199757
104 0.0002870258188586228
105 0.0002818696876062477
106 0.0002507765094698105
107 0.00024718276884462304
108 0.00022452704695906074
109 0.00020343364695206098
110 0.00019983994695106107
111 0.00018765273444531117
112 0.00017999659694306117
113 0.00016984051568968617
114 0.00016015321881062382
115 0.00015218464693206137
116 0.00015343460943281122
117 0.0001476535125547489
118 0.00014046610005299893
119 0.00015077839380712386
120 0.000134059968800624
121 0.00014812222193056137
122 0.00014312231255374892
123 0.00014468479380412387
124 0.00015671582505849877
125 0.00015921572506049885
126 0.00016077821256074885
127 0.0001751529969400612
128 0.00017749666256674875
129 0.000202183696951061
130 0.00021358970945581102
131 0.00022093335008299838
132 0.00024812031884362306
133 0.0002548389313463731
134 0.0002957755907381852
135 0.00033718109387812243
136 0.00036530558138837225
137 0.0004062423251534973
138 0.0004445228126687467
139 0.0005262401376972458
140 0.0005659267720895583
141 0.0006738935096298075
142 0.0007642042752894945
143 0.0008548274940751191
144 0.0009795126909961803
145 0.0011265411754264921
146 0.0012993503504929898
147 0.001450597538049239
148 0.0016729371818813624
149 0.0019648065194946096
150 0.0021658965601937964
151 0.0024866717103157947
152 0.002798697329178418
153 0.003205095710585788
154 0.0036608682857592854
155 0.004083516217175659
156 0.004654443233010339
157 0.005217713917596648
158 0.005855045511589767
159 0.006596750227495451
160 0.007336267724645507
161 0.008140627306203877
162 0.009057797425301491
163 0.00993778106937861
164 0.010938074144767105
165 0.011912743563878721
166 0.01289163094238115
167 0.014000829183416332
168 0.014994403793174143
169 0.015986260302918942
170 0.01692405519702106
171 0.01801247183806323
172 0.018806519369612605
173 0.01964212896054579
174 0.020479925198371027
175 0.021133662623622533
176 0.021747557920716597
177 0.02202177050521491
178 0.022248328911546784
179 0.022434107011609764
180 0.022451294117867643
181 0.022364264464710713
182 0.02208880092398153
183 0.021600060417541662
184 0.021063976620467592
185 0.02042961446083579
186 0.01977947006684867
187 0.018995734229065413
188 0.018009190956805865
189 0.017059990053323933
190 0.016097196187326253
191 0.015054402830693387
192 0.014002547986540267
193 0.01294725518302134
194 0.011925555798259043
195 0.010975417751019989
196 0.00999621708815824
197 0.009060453600302993
198 0.008165783093713127
199 0.0073570486621517585
200 0.006634562205630889
201 0.005904575895982078
202 0.005303024692631144
203 0.00465647427051459
204 0.0041946082172106556
205 0.0036224315763684744
206 0.003178377148082039
207 0.0028121341666916674
208 0.002449172597798044
209 0.002176990150821983
210 0.0019054327694696116
211 0.0016416878224935498
212 0.0014552850474240508
213 0.001273100834858303
214 0.0011135727254204912
215 0.000981700272244555
216 0.0008438902440701189
217 0.0007899850377992441
218 0.0006473316127427449
219 0.0005865514127217457
220 0.0005193652189456212
221 0.00044796024704505923
222 0.00041796085953280955
223 0.00035093084700805994
224 0.00032968125637487263
225 0.00029733818448631025
226 0.00026983860010299784
227 0.0002526514844703105
228 0.00022655820633587327
229 0.00020015245007599854
230 0.0001910901281974361
231 0.00018405904069418617
232 0.00017984032819343617
233 0.0001587469906851863
234 0.00015921571881062377
235 0.00014234106567868646
236 0.00014265354692906144
237 0.00014593475005499895
238 0.00013952859692806143
239 0.00014468477192956138
240 0.00014280979380412392
241 0.00014905965630687392
242 0.00014265357505349884
243 0.00014234102192956148
244 0.00015109087505749887
245 0.00016593438443731134
246 0.00016171564693706126
247 0.00018530902194456117
248 0.00018874643132137358
249 0.00019562133444831105
250 0.00019952741570168593
251 0.0002253082407101858
252 0.00024468290946681054
253 0.00025062024697006057
254 0.00026874497197556054
255 0.0002974943501129979
256 0.0003117128313683727
257 0.0003417122407551848
258 0.00038139902201955966
259 0.0004188983470330593
260 0.0004478040251694967
261 0.0004903032376852465
262 0.0005278024908251835
263 0.0005803015877182457
264 0.0006328004658656828
265 0.000698736762764745
266 0.0007352986065278694
267 0.0008367028909421812
268 0.0009187325847233056
269 0.0010029497785044301
270 0.0010912294285364292
271 0.0011691966379422417
272 0.001298725406741865
273 0.0013899737286504265
274 0.0015177838693226137
275 0.0016571561506269871
276 0.0017993409256814863
277 0.0019474630038649225
278 0.0020424614538959223
279 0.002218239313338733
280 0.0023702677071458567
281 0.0025066713290734185
282 0.0026457313603727925
283 0.0028322903354432907
284 0.0028804145104597903
285 0.003031036366772664
286 0.003148534354312913
287 0.0032147830762134753
288 0.003298218779374411
289 0.0033949359637807253
290 0.003449153479430412
291 0.003455716095053099
292 0.0035058711794514114
293 0.0034861840356942867
294 0.0034580596388072236
295 0.0034364974919251627
296 0.003378061216900662
297 0.0033160310887532262
298 0.0032310326449721013
299 0.0031297846699316003
300 0.0030074431167626645
301 0.002884164204215915
302 0.0027049489260214787
303 0.002562920291594166
304 0.0024322976477970442
305 0.002238082716470669
306 0.0020888666507919832
307 0.00193293221948061
308 0.0017459045412841743
309 0.0016051258568578624
310 0.0014298167411651767
311 0.0012876319786104277
312 0.001138572106682866
313 0.0009884187847493046
314 0.0008590463346983062
315 0.0007709229534159315
316 0.0006582687689996199
317 0.0005495208720825587
318 0.00046905367205155913
319 0.00039999243452630963
320 0.0003543683345083099
321 0.0002824946532319354
322 0.00023765173446531072
323 0.0001970275000749986
324 0.00016187193443631127
325 0.0001409348250534989
326 0.0001098416687916242
327 8.765460628287434e-05
328 7.687354377912438e-05
329 5.703016877162459e-05
330 4.7186581268374645e-05
331 4.1874221890562225e-05
332 3.343686563768726e-05
333 2.6561996885062324e-05
334 2.2030818758624834e-05
335 1.6718431256374875e-05
336 1.5624687506249865e-05
337 1.1718528129437408e-05
338 9.999812503749923e-06
339 8.281090628187435e-06
340 7.187356252874941e-06
341 6.406125002499951e-06
342 4.062425001499971e-06
343 4.218668751624969e-06
344 2.031212500749985e-06
345 2.9686906261874773e-06
346 3.2811875012499763e-06
347 1.7187156256874862e-06
348 1.7187156256874862e-06
349 1.4062281254374913e-06
350 1.0937281254374913e-06
351 1.0937281254374913e-06
352 1.56247500049999e-06
353 6.249906251874963e-07
354 1.40622500049999e-06
355 1.7187156256874862e-06
356 1.0937312503749926e-06
357 3.124937501249975e-07
358 7.812343753124938e-07
