0 7.812343753124938e-07
1 1.2499781254374913e-06
2 6.24987500249995e-07
3 2.343706250874983e-06
4 1.7187187506249875e-06
5 9.374812503749925e-07
6 1.2499781254374913e-06
7 1.4062218755624888e-06
8 1.71872500049999e-06
9 1.8749656256874862e-06
10 2.812443751124978e-06
11 3.1249406261874777e-06
12 2.812450000999981e-06
13 2.1874562508749826e-06
14 3.1249406261874773e-06
15 3.437434376312475e-06
16 6.093637502249954e-06
17 5.31240000199996e-06
18 7.65610000299994e-06
19 1.0624796879187413e-05
20 1.3749746880062391e-05
21 1.5780950005999873e-05
22 1.953089375712486e-05
23 2.3124609383062353e-05
24 3.01556906361873e-05
25 3.796805626399975e-05
26 4.6717881267624685e-05
27 5.499899377049962e-05
28 6.68737625249995e-05
29 9.109205628462432e-05
30 0.00010843552191518677
31 0.00012749765004749916
32 0.0001595282688102489
33 0.00020109007507474865
34 0.00023655812196393583
35 0.00028577593448243555
36 0.0003415562095030601
37 0.0004221796439087469
38 0.0004876472720571838
39 0.000589207947094683
40 0.0006934246346353075
41 0.0008320158565633688
42 0.000948576125357493
43 0.0011126357941674918
44 0.0012766952098530533
45 0.0014805978193031149
46 0.0016973124225124255
47 0.001867778066326174
48 0.00211480475079211
49 0.0023401132539997943
50 0.0025727650009653557
51 0.0028069793729285416
52 0.0030775993761568516
53 0.003358219241883288
54 0.0035191536013225977
55 0.003753993551403473
56 0.0039672706733632854
57 0.00414101717030522
58 0.004415856229777154
59 0.004490386054808904
60 0.004653351679868028
61 0.004799286958043466
62 0.004930065548719399
63 0.00487912869870703
64 0.004986470354996527
65 0.004934752911224649
66 0.004949127433109589
67 0.004902097126839214
68 0.004854441873693152
69 0.004753350011154278
70 0.004636477198611026
71 0.004537416026705716
72 0.004378825667264529
73 0.004184610192193903
74 0.004034300554635406
75 0.0038788346983294098
76 0.0037007131295096604
77 0.003461498735673286
78 0.0032821269543550384
79 0.003080099523032166
80 0.002905259326083478
81 0.0026980751853887914
82 0.0025060476728127946
83 0.0022762079414782965
84 0.002135898275797985
85 0.001964494750740861
86 0.0018279350256861114
87 0.001642469559993675
88 0.0015380967099523017
89 0.0013979430505237397
90 0.0012516958442176157
91 0.001140291559801429
92 0.0010281060410099298
93 0.0009570136378577431
94 0.0008256097846839312
95 0.0007618609690353693
96 0.0007218617221458069
97 0.0006443630814923703
98 0.0005728019470898082
99 0.0005087407564394965
100 0.00046608514080018415
101 0.00043499209078618433
102 0.0004067112095276845
103 0.00036577448451230975
104 0.00033702503450156016
105 0.0003123379844925602
106 0.00026749502197593564
107 0.00025733902197068556
108 0.0002340581688377482
109 0.0002214021594580609
110 0.00020718371882799843
111 0.00018562157819431097
112 0.00018140288444331112
113 0.00017109056568993626
114 0.00016984062193881115
115 0.0001557783688083738
116 0.0001448410563048739
117 0.00013406005317456154
118 0.00013312259379949908
119 0.0001409349281775615
120 0.0001289038500481241
121 0.00012515400317131164
122 0.00012515393129712405
123 0.00012890390629737407
124 0.00012296650317093665
125 0.00013312253754962407
126 0.0001421849375524989
127 0.00014234115317768642
128 0.00013984118442693643
129 0.0001593720750599988
130 0.00015827832193418626
131 0.00017671553756587368
132 0.00018874651257037354
133 0.00019999634382437351
134 0.00022905831883549848
135 0.00023015203758662334
136 0.0002596827063478731
137 0.0002818698094800604
138 0.00031983783761974766
139 0.00037046188763974723
140 0.00040686750952718427
141 0.0004595227564231216
142 0.0005193654689438712
143 0.0005806142377194958
144 0.0006509255189933706
145 0.0007398301096524328
146 0.0008685776034526809
147 0.0009923254909965551
148 0.001101229669162492
149 0.0012898198411090524
150 0.0014912224036855515
151 0.0017352806350252993
152 0.0020041818445007352
153 0.002260739694594859
154 0.0025843275259668586
155 0.003034787848012789
156 0.003454311323169913
157 0.003871335001450973
158 0.004400856411024529
159 0.005050375551893839
160 0.005695676249010893
161 0.006426131421163704
162 0.007178773596446078
163 0.008090319293664003
164 0.008927022700225001
165 0.009918723272471933
166 0.010880424394704108
167 0.011928842673224655
168 0.0130130414923794
169 0.01402005437087683
170 0.015089409343162016
171 0.01613938984355413
172 0.017017811500126375
173 0.017950294197355558
174 0.018799966100799863
175 0.01945667212917855
176 0.02003103675438779
177 0.020548682917087904
178 0.020734148979657915
179 0.020987269032873332
180 0.020928832717224167
181 0.020847116389057865
182 0.020513840870195848
183 0.019960412685621796
184 0.01954573349170641
185 0.018744029319526748
186 0.0179334194035978
187 0.017004217525128745
188 0.016010173637251383
189 0.015025035433753822
190 0.014059115992766899
191 0.012986322408005716
192 0.011985248013868343
193 0.010899955082216228
194 0.00992450473184261
195 0.008961241122111559
196 0.008102662846795441
197 0.007229085277711194
198 0.006450037180547269
199 0.005707707239643714
200 0.005080999905033151
201 0.004433199561037156
202 0.0038436790295686605
203 0.0034377489637918493
204 0.0029908823042470393
205 0.002633857560364417
206 0.002258395788346983
207 0.001981369760116299
208 0.001718562088142488
209 0.0014812226911794272
210 0.0013063821473641782
211 0.001140760187928742
212 0.000982794337869243
213 0.0008699838940768688
214 0.0007592046971593068
215 0.00064123808774137
216 0.0005748332877144959
217 0.0005228028376964959
218 0.00044624170329368414
219 0.0004010863626507471
220 0.0003492123188799974
221 0.00032530652199681023
222 0.0002812448219803104
223 0.0002624951469735606
224 0.0002343706969621858
225 0.0002264021000846233
226 0.00019530889069893607
227 0.00018952775319606117
228 0.0001770279375671238
229 0.00016171575631049876
230 0.000141403631302999
231 0.00014015367505262397
232 0.00013249756254949906
233 0.00012984135942356153
234 0.0001285913906733116
235 0.00013249758442531156
236 0.00013249756879962408
237 0.0001351537375506241
238 0.00013187258754912405
239 0.0001285913531736866
240 0.0001226539969209366
241 0.00013718496255137397
242 0.000137341231301249
243 0.00014671601880537392
244 0.00015234090005774884
245 0.00016421573131199875
246 0.00016484073443668633
247 0.00017359054381512376
248 0.00019296525944656104
249 0.00019187143132212353
250 0.0002249958500843734
251 0.00025015166259287325
252 0.0002598389375978731
253 0.00028483854073106034
254 0.0002968696032350605
255 0.0003273376688729975
256 0.000364837084510185
257 0.00040202382827643447
258 0.00043827320016412175
259 0.0004817098876798716
260 0.0005231153501966212
261 0.0005793642908430584
262 0.0006404569283653077
263 0.0007049870815132454
264 0.0007604547534101815
265 0.0008490468128184936
266 0.0009568573972328053
267 0.001029043431636992
268 0.001132791566049929
269 0.0012771640411024284
270 0.001361537344260991
271 0.001490753659935801
272 0.0016476257631194877
273 0.0017851233069207373
274 0.0019402769288497984
275 0.002090898925784985
276 0.0023430818633789824
277 0.002471204572798545
278 0.002694481582260981
279 0.0028813533260787292
280 0.003085568266780289
281 0.003304157844985975
282 0.003495248045063475
283 0.0036814947857532875
284 0.0038685224358261587
285 0.004016800798383033
286 0.004246327920343468
287 0.004347732473504655
288 0.004501322786068404
289 0.004630695770487592
290 0.004747568623655906
291 0.004884285129951152
292 0.004914753333089717
293 0.0049931891737475245
294 0.004964596164360463
295 0.004926002964348214
296 0.0048981910205845875
297 0.0048994408612124
298 0.004749287533030089
299 0.004621164767358027
300 0.004515854329816528
301 0.004377888104765533
302 0.004200391207827718
303 0.004026957201506345
304 0.00374118099202516
305 0.0035308722013242242
306 0.0033215013074936006
307 0.0030655683199014784
308 0.002811510735427917
309 0.002603858341599417
310 0.002352925472756671
311 0.0021254295257976097
312 0.0018988712132132358
313 0.0016693441881262378
314 0.001465129297423177
315 0.001297632247361803
316 0.0011252917347974296
317 0.0009652946816117426
318 0.0008265471846855562
319 0.0007077995377646197
320 0.0005948328314726207
321 0.0004987407751877464
322 0.000413273587654997
323 0.000347493647004185
324 0.00029421335011024785
325 0.00023937059071456085
326 0.00019296520632162352
327 0.00016077829380974879
328 0.00013484125630062405
329 0.00011390414066831176
330 8.734212503274943e-05
331 6.843624065043703e-05
332 5.499899064568711e-05
333 4.062422814043722e-05
334 3.374936251299976e-05
335 2.828073126049982e-05
336 2.562455313443734e-05
337 1.5155962505874872e-05
338 1.3593490630187392e-05
339 1.21872687546249e-05
340 9.37483125337493e-06
341 8.28110000299994e-06
342 6.249881252374953e-06
343 3.2811875012499767e-06
344 4.374915626687467e-06
345 2.968700001124981e-06
346 2.968690626187477e-06
347 2.3437125007499856e-06
348 2.968700000999981e-06
349 2.3437031259374816e-06
350 2.3437031259374816e-06
351 2.812450000999981e-06
352 2.3437031259374816e-06
353 6.24987500249995e-07
354 6.24987500249995e-07
355 1.24997500049999e-06
356 9.374812503749925e-07
357 2.8124437511249784e-06
358 1.0937343753124938e-06
