0 1.0937281254374913e-06
1 2.0312218756874888e-06
2 1.7187218755624887e-06
3 1.2499812503749926e-06
4 1.2499781254374913e-06
5 1.56247500049999e-06
6 2.187462500874985e-06
7 1.2499812503749926e-06
8 2.0312187506249877e-06
9 2.3437125007499856e-06
10 2.968706250999983e-06
11 2.343712500874985e-06
12 2.3437125008749856e-06
13 2.031212500749985e-06
14 3.437434376312475e-06
15 1.8749687507499875e-06
16 2.1874593758124837e-06
17 2.4999718758124896e-06
18 2.968693751124979e-06
19 1.5624718755624888e-06
20 2.0312187506249877e-06
21 1.24997500049999e-06
22 2.6562093759374845e-06
23 2.6562031259374815e-06
24 2.6562000009999805e-06
25 3.2811937511249784e-06
26 2.6562187508749877e-06
27 2.8124531260624816e-06
28 2.8124500009999805e-06
29 3.281193751249979e-06
30 1.7187187506249875e-06
31 2.1874656256874866e-06
32 1.71872500049999e-06
33 2.8124562508749834e-06
34 2.499956250874983e-06
35 2.6562000009999805e-06
36 2.6562093759374837e-06
37 2.4999500009999805e-06
38 3.4374406261874777e-06
39 4.374953126437482e-06
40 4.218675001624971e-06
41 2.1874687507499877e-06
42 3.7499406263124777e-06
43 4.062425001499972e-06
44 2.6562000009999805e-06
45 4.999918751749969e-06
46 3.124937501249976e-06
47 6.093646877312459e-06
48 5.312406251999964e-06
49 5.624887502249954e-06
50 5.312425001749972e-06
51 4.37494687643748e-06
52 5.781168751999968e-06
53 4.687425001624972e-06
54 6.562384377437453e-06
55 5.312409376937466e-06
56 7.343625002874951e-06
57 6.249893752249958e-06
58 8.281112503124945e-06
59 8.59360625324994e-06
60 9.53110000324994e-06
61 1.0156084378687433e-05
62 8.593621877937447e-06
63 8.749846878312435e-06
64 9.68733750337493e-06
65 1.1562325003999926e-05
66 1.2499812504124924e-05
67 1.718720938118739e-05
68 1.7655959381312386e-05
69 1.9999675006749883e-05
70 1.9999684381562383e-05
71 2.2655893757999873e-05
72 2.437462188343736e-05
73 2.671831875899986e-05
74 3.7343125012999774e-05
75 4.093685001412478e-05
76 4.484300001599973e-05
77 5.218668126762468e-05
78 5.984275002099965e-05
79 7.109264064993707e-05
80 7.015508127487459e-05
81 9.40609781590619e-05
82 0.00010812323753799929
83 0.0001231229937923742
84 0.000143591468799749
85 0.00016937231880849896
86 0.00020609042194706114
87 0.00022155891257799866
88 0.00027202691259449837
89 0.00031108876885949793
90 0.00034608811262049787
91 0.00040155599701643496
92 0.0004784297595435594
93 0.0005435849658145591
94 0.0006095213377141211
95 0.0007035824314948709
96 0.0008093619315313698
97 0.0008898296315563697
98 0.0009699843097115563
99 0.0011081072035120558
100 0.0012177928441747417
101 0.0013176349504598662
102 0.001453413891133678
103 0.0015840368474271775
104 0.0017046599724730514
105 0.0018390326850181748
106 0.0019690306350620503
107 0.0020548105975916726
108 0.002132309613246112
109 0.002242307785156047
110 0.0023893361258384856
111 0.0024730848383684857
112 0.002561833407141108
113 0.002577614604024422
114 0.0026335508946731087
115 0.0027197994603260435
116 0.0027107370290749195
117 0.00276026766659267
118 0.002757767560342794
119 0.0027327683384568563
120 0.0027760490665921715
121 0.002750267729089421
122 0.0027708925009733588
123 0.0027549555353402946
124 0.0027233930822098563
125 0.002746986797840919
126 0.0027574552447158576
127 0.002839797504119419
128 0.0028213607322379835
129 0.0028790158385047313
130 0.0030487002916949183
131 0.00310604292609248
132 0.0032577595667627915
133 0.00345556822933654
134 0.0036113465043996645
135 0.003852592720103224
136 0.004152431595208222
137 0.004401489742166283
138 0.004762108826675094
139 0.005115384011172406
140 0.0054464721925385285
141 0.005816152855180025
142 0.006290207483467708
143 0.006698637686737392
144 0.007080974849378262
145 0.007463937380757762
146 0.007832368824638013
147 0.008161268474763258
148 0.008456420277984314
149 0.008757665468716506
150 0.008912193643775379
151 0.009095471803219811
152 0.009184064428242319
153 0.009266406428277186
154 0.009202188722002442
155 0.009201408097001805
156 0.009085159003215442
157 0.008895318812523877
158 0.008642667165555947
159 0.008423608262356384
160 0.008170018318518636
161 0.007806743743385259
162 0.0074995618370195145
163 0.007196129124413637
164 0.006846290943042266
165 0.0065145777522973335
166 0.006201614464688584
167 0.005860370492692024
168 0.005578499845718838
169 0.0054127214675351535
170 0.005125539004926906
171 0.004913667536107656
172 0.004754607854795905
173 0.004633828389135092
174 0.004498049651583343
175 0.004460237514070972
176 0.004409144889051846
177 0.0044035199109257826
178 0.004487268557830843
179 0.004610547995367596
180 0.004688359348521778
181 0.004897418064219844
182 0.005198819126828967
183 0.005548813714444212
184 0.005938963180208897
185 0.006324581689718833
186 0.006914727771172328
187 0.007525187018263639
188 0.008184238499737005
189 0.008952194478133562
190 0.009730774894032243
191 0.010614198034955677
192 0.011580120647785795
193 0.012460417732466856
194 0.01341649534218141
195 0.014398978883148847
196 0.015252871008446715
197 0.016121919402497957
198 0.01703627874031583
199 0.017667362868650893
200 0.01826125910323794
201 0.01872453258152188
202 0.019004215615994684
203 0.019134681591043944
204 0.019035933703507063
205 0.018855936884685443
206 0.018559379703331318
207 0.01788267179371425
208 0.01728736860602338
209 0.01643722704947238
210 0.015548960905410275
211 0.014518040205056282
212 0.013416184214041978
213 0.01231276408554204
214 0.011177939897636801
215 0.00995733505345944
216 0.008960476553113068
217 0.007792527830831259
218 0.006910666593037141
219 0.005958182586447147
220 0.005104447001774093
221 0.004345865670256722
222 0.0036955639606654146
223 0.0031251046354594165
224 0.0026680808665550454
225 0.0022698062195433584
226 0.0019573112725595502
227 0.001675910284951802
228 0.0014856006348914275
229 0.0013415404942173656
230 0.0012740416629411168
231 0.0011916992066651167
232 0.0011602937285294297
233 0.0011568562347789302
234 0.0012134178254246172
235 0.0012398236535576793
236 0.0013099790598331794
237 0.0014104460973679294
238 0.0014515392911308032
239 0.0015637249974223037
240 0.0016899728099654264
241 0.001800596294377113
242 0.0018943450787855503
243 0.0019894999913148007
244 0.0021154351788614245
245 0.002255433072661172
246 0.0023319942664386728
247 0.0024369927352231734
248 0.002516209907130358
249 0.0025741779540220475
250 0.0026324585602935466
251 0.002710894550944482
252 0.002697770150939233
253 0.0026826136946842332
254 0.002684957557186233
255 0.0026619894071751096
256 0.002621989694661109
257 0.0025329290508866093
258 0.0024846482727426712
259 0.0023637128383199846
260 0.0022848077320441113
261 0.0021909029132652362
262 0.0020255931194549867
263 0.0018773140444061128
264 0.001765284863113614
265 0.0015899750911763024
266 0.0014823206411364274
267 0.0013112292098335537
268 0.0012306054004286165
269 0.0010912327285081808
270 0.0009874844034694307
271 0.000889673428436682
272 0.0007501443346366832
273 0.0006956141408656833
274 0.0005778033877022464
275 0.0005207729658059341
276 0.00044561810327793487
277 0.00038343141263574756
278 0.00032858846261374803
279 0.0002681208219681857
280 0.00023515255320656107
281 0.0002032780375704988
282 0.00016780988755837398
283 0.0001415603781740616
284 0.00012937291567031168
285 0.00010781075628712433
286 8.421743752899946e-05
287 7.593634377599954e-05
288 6.390520314743708e-05
289 5.187421251737473e-05
290 4.437433438931224e-05
291 3.79681625128748e-05
292 3.624942813731228e-05
293 3.2499475011124823e-05
294 2.9687034384812342e-05
295 2.2030900007749873e-05
296 2.203091563243738e-05
297 1.68747406306874e-05
298 1.6562231255874898e-05
299 1.4218531254874908e-05
300 1.328103750449991e-05
301 9.062368752874946e-06
302 1.1093578128937427e-05
303 1.2499787504499911e-05
304 9.687340628437436e-06
305 8.437365627812446e-06
306 8.124871877937449e-06
307 8.906096878187439e-06
308 6.406165627062467e-06
309 6.562393752249958e-06
310 6.562387502249957e-06
311 4.687421876687469e-06
312 7.343615627812449e-06
313 6.406146877437459e-06
314 5.312403126937462e-06
315 5.62492187681247e-06
316 3.906181251374974e-06
317 4.062437501374976e-06
318 4.999915626687466e-06
319 4.999925001749971e-06
320 4.062428126437472e-06
321 2.6562156259374867e-06
322 4.374953126437482e-06
323 3.4374406263124773e-06
324 3.1249531260624824e-06
325 3.1249562511249826e-06
326 2.9687000011249805e-06
327 2.1874718756874887e-06
328 3.4374468761874803e-06
329 3.5936906263124773e-06
330 2.9687156259374866e-06
331 2.968693751124978e-06
332 2.187465625687486e-06
333 3.281193751124979e-06
334 3.2811906261874773e-06
335 1.8749718756874888e-06
336 3.1249437511249784e-06
337 2.81244687606248e-06
338 2.0312218756874888e-06
339 2.031212500749985e-06
340 2.812450000999981e-06
341 2.4999750008749903e-06
342 1.718737500499995e-06
343 2.4999625008749856e-06
344 2.1874656258124867e-06
345 1.7187218755624887e-06
346 1.8749718756874888e-06
347 2.968712500999986e-06
348 1.4062281255624913e-06
349 2.6562125009999856e-06
350 1.7187218755624887e-06
351 2.499956250999983e-06
352 2.1874656256874866e-06
353 1.8749750007499899e-06
354 1.2499812504999926e-06
355 1.7187218756874886e-06
356 2.0312093758124837e-06
357 2.0312187506249877e-06
358 2.343709375812484e-06
