0 1.24997500049999e-06
1 1.0937281254374913e-06
2 7.812343753124938e-07
3 1.4062218755624888e-06
4 1.4062218755624888e-06
5 9.374812503749925e-07
6 1.0937281254374913e-06
7 1.0937281254374913e-06
8 1.0937281254374913e-06
9 1.5624718755624888e-06
10 2.499953125937482e-06
11 1.8749656256874862e-06
12 3.281184376312475e-06
13 2.9686968760624794e-06
14 3.2811906261874777e-06
15 3.2811875012499763e-06
16 5.312393752124957e-06
17 5.156146877062459e-06
18 6.874868752624947e-06
19 5.312396877062459e-06
20 8.437343753124938e-06
21 1.1406025004499906e-05
22 1.1874765629687398e-05
23 1.359349375512489e-05
24 1.8280912506749867e-05
25 2.1562093758124844e-05
26 2.7343228135437308e-05
27 3.624930313893726e-05
28 4.499912501749969e-05
29 5.499896564568712e-05
30 6.734246252574949e-05
31 8.10921875312494e-05
32 9.49982281604368e-05
33 0.00010999788129237425
34 0.00013655991255174892
35 0.00016546554068918624
36 0.0001959337188256235
37 0.00022687063758724827
38 0.0002907756532369353
39 0.00034905576888462234
40 0.0004021797657796843
41 0.00048045955955880893
42 0.0005582705752134956
43 0.0006128007064858704
44 0.0007221736471520574
45 0.000838577597198056
46 0.0009743562503749922
47 0.0011002914066718663
48 0.001221851487970241
49 0.001364348772399552
50 0.0015048148224535516
51 0.001667155644387112
52 0.0018262149007019868
53 0.00203074228202936
54 0.0021826143008389833
55 0.0022999558915071704
56 0.0024730775384492316
57 0.0026516678072688554
58 0.0027971336042029154
59 0.002915725316743665
60 0.003046660338668226
61 0.0031725953137187258
62 0.0032379064168716644
63 0.0033674353919171613
64 0.0033868100825483493
65 0.0034532149325763495
66 0.003403372132557348
67 0.003486495526339474
68 0.0035021204544659107
69 0.003429777926316475
70 0.0033661854200415986
71 0.0033557168700375987
72 0.003262593451255975
73 0.0031990010699786014
74 0.00307134720743085
75 0.0029440060261294765
76 0.00280963372295054
77 0.0027019794416611666
78 0.0024977645853332944
79 0.0024047975227995447
80 0.0022651127352452966
81 0.0021065221008079844
82 0.0019479313101237975
83 0.0018485582538349233
84 0.001697936116277675
85 0.0015799695412341758
86 0.001462628156811864
87 0.0013316932848843022
88 0.0012213828098438025
89 0.0011029475754234914
90 0.0010262301753964922
91 0.0009035764003469933
92 0.0008410775690736187
93 0.0007726413971720562
94 0.0007120175783984319
95 0.0006156131533619332
96 0.000586238734600308
97 0.000528739868952621
98 0.00047936581268374646
99 0.0004396790814183717
100 0.0004040547626547471
101 0.00038280517202155965
102 0.0003382747907541848
103 0.0003049942063658726
104 0.0002865569907351852
105 0.0002646824313513731
106 0.00024499532821843563
107 0.00023249552508949843
108 0.00020546476570468592
109 0.00019515251882462357
110 0.00018546519694606108
111 0.00018671517819643613
112 0.0001660905719385612
113 0.0001514033469330614
114 0.00015265334693306137
115 0.00014827838443231146
116 0.00014905969380612388
117 0.00013327870005099902
118 0.000135778650051999
119 0.00014093479692906145
120 0.00012390382192356162
121 0.000132028693801124
122 0.00014296599693006137
123 0.00014171601567968637
124 0.00014671593130637385
125 0.00014655970630587386
126 0.00014765339380712385
127 0.0001626531344373112
128 0.0001756216125677486
129 0.0002018710938281234
130 0.00020483982507849848
131 0.00021390214070718587
132 0.00023265179071418576
133 0.00027202603135437296
134 0.00028327577823443543
135 0.00031843134387312256
136 0.0003438996095078099
137 0.00039874235640287195
138 0.00046108490642687155
139 0.0005076464439461212
140 0.0005706139658456831
141 0.0006303003502429953
142 0.000733579653406932
143 0.0008246716565668685
144 0.0009337320097348054
145 0.0010682607285354298
146 0.0012399762848493035
147 0.0014082541442921146
148 0.0016199688162486757
149 0.0018059027694446107
150 0.0021113655695636103
151 0.0024060475352992924
152 0.0027482285010549793
153 0.0031561894512109764
154 0.0035636814451210975
155 0.004047578492180156
156 0.004621942223655527
157 0.005140057486350272
158 0.005853012236630264
159 0.006548467943141135
160 0.007285328459055817
161 0.008036876528094436
162 0.009043107415976682
163 0.009900434956925865
164 0.010981507841718169
165 0.01190648962333253
166 0.01296428192686146
167 0.014080979389787201
168 0.015073147780794388
169 0.01621203231872863
170 0.017144357828468428
171 0.018199806391372177
172 0.019142600369867604
173 0.019862430270144598
174 0.02069350856420373
175 0.021396931892612152
176 0.022027388849098026
177 0.02234910155859383
178 0.022713781955610884
179 0.02268862634309813
180 0.022835341983785326
181 0.022710813408731833
182 0.022325820980455394
183 0.0219806714053219
184 0.021329746370697594
185 0.02070819577358453
186 0.019871024032644347
187 0.01900744742605148
188 0.018139026285099294
189 0.017082796709690803
190 0.01613312779994401
191 0.015110959787054267
192 0.014116134967925647
193 0.012854127873692528
194 0.01190148986707765
195 0.01083229203853423
196 0.009894341300673988
197 0.008958421637817243
198 0.008098438131237376
199 0.007273141565293692
200 0.006457688233735323
201 0.005774107895967077
202 0.005166150905106899
203 0.004566631039254213
204 0.003997110635912281
205 0.0035664939919951614
206 0.0031200962668246645
207 0.002754009619807605
208 0.002404953822798544
209 0.002103865891432171
210 0.0018657453257184859
211 0.0016244999850002998
212 0.0014279412911741768
213 0.0012210702442201156
214 0.0010881041129177417
215 0.0009462318253634926
216 0.0008290465909431813
217 0.0007276422252804947
218 0.0006374877814943699
219 0.0005498332158356836
220 0.0004928030283144337
221 0.00044061652516949655
222 0.0003957736876512472
223 0.0003582743376382473
224 0.00031796258449831
225 0.0002978067876142477
226 0.00025718257197356053
227 0.00023921416259174822
228 0.00021546460320793587
229 0.00020483982195356097
230 0.0001914026031979361
231 0.00016577807193856114
232 0.0001578094719355612
233 0.00015046584380812387
234 0.00014671591568168635
235 0.00014937211880762394
236 0.00014312223443031143
237 0.00012999750317493658
238 0.00012015395004599912
239 0.00012593507504849905
240 0.0001326536906761866
241 0.00013921604692906147
242 0.00013515365005199904
243 0.00014593471255574899
244 0.0001435909750554989
245 0.00014968461255774885
246 0.00015562200943481137
247 0.00016780928443931126
248 0.00017546536569268618
249 0.00018327769382112363
250 0.00018609016569668606
251 0.00021296467820643584
252 0.00022140199383512322
253 0.00024358903759424806
254 0.00025202637822243544
255 0.00028890068136137284
256 0.0002943693188636227
257 0.00033171238450231
258 0.0003756178220185597
259 0.000410929565783684
260 0.0004418666095428091
261 0.0004904592876892463
262 0.0005223336533269336
263 0.0005715515220945581
264 0.0006478001627467454
265 0.0006901430440141198
266 0.0007362358690326195
267 0.0008523273972020558
268 0.0009093576034729301
269 0.0010012308253834921
270 0.0011051350660486786
271 0.0011745087848243037
272 0.0013168496880062398
273 0.001418722738045239
274 0.0015604388380982379
275 0.0017046546631567369
276 0.0017799658006839862
277 0.0019452751101227985
278 0.0021196467383152347
279 0.002236675785234295
280 0.0023837040821683567
281 0.0025108893697126057
282 0.0026226058978820422
283 0.002785258941696166
284 0.002961349310513789
285 0.003037129144917103
286 0.003133689863702725
287 0.003196501163726726
288 0.003273687163756725
289 0.0033425920044099114
290 0.0033904036294274127
291 0.0034057159419311617
292 0.003438840273194535
293 0.003428996770064599
294 0.003392591023179536
295 0.00335165421691566
296 0.003293686845013101
297 0.0032019696293574124
298 0.003131658591828163
299 0.002957286885512289
300 0.0028946319417361656
301 0.002771821635442293
302 0.0026365116447671032
303 0.0024743275071998556
304 0.002285737285254295
305 0.0021487088414481716
306 0.001996836541394173
307 0.001840277035084298
308 0.001664499225640487
309 0.0014913777130707389
310 0.0013513802880192394
311 0.0012049767848393038
312 0.0010838853566678662
313 0.0009473256472370556
314 0.0008115468659376814
315 0.0007359232971590568
316 0.0006356127189956201
317 0.0005293647970790583
318 0.0004709284283064339
319 0.0003993672845293093
320 0.00032952484075318494
321 0.00028155708760824785
322 0.00024124534696806063
323 0.0001985899563258735
324 0.0001660905719385613
325 0.00014437222505549887
326 0.00011718527191956164
327 9.74981187876243e-05
328 7.343608127837445e-05
329 6.218629064918705e-05
330 5.124901251974961e-05
331 4.24991843913122e-05
332 3.859302188956224e-05
333 2.796823126037481e-05
334 2.1405834383312347e-05
335 2.1405837508249844e-05
336 1.4374731255374885e-05
337 1.2656006254874897e-05
338 9.999806253874919e-06
339 7.34360312793744e-06
340 7.968593753124936e-06
341 5.7811375022499555e-06
342 3.593678126437473e-06
343 4.062418751624969e-06
344 4.999900001999961e-06
345 2.187459375812484e-06
346 2.9686968760624794e-06
347 1.4062218755624888e-06
348 9.374812503749925e-07
349 2.4999500009999805e-06
350 1.5624718755624888e-06
351 6.24987500249995e-07
352 1.4062218755624888e-06
353 1.4062218755624888e-06
354 1.874962500749985e-06
355 9.374812503749925e-07
356 1.5624718755624888e-06
357 1.7187187506249875e-06
358 1.5624687506249876e-07
