0 0.04270845629759586
1 0.04250501724410578
2 0.04170510380812068
3 0.0407873627923776
4 0.03916855619723678
5 0.03756896765720739
6 0.03545809076505656
7 0.03301404043241445
8 0.030301988583573313
9 0.027803587744511426
10 0.024995198326046155
11 0.022384611784162185
12 0.019791079960427147
13 0.017134338902839233
14 0.014943044257167715
15 0.01280204399014526
16 0.010817088254726819
17 0.009078934469428899
18 0.0074913297832987355
19 0.006137217457865372
20 0.004997290069557487
21 0.00395845466614375
22 0.0031532021203404966
23 0.0025102326931862036
24 0.0019699232558029085
25 0.0015182983135903136
26 0.001179681812015659
27 0.0009101215590531508
28 0.0006879670495022858
29 0.0005329244695470982
30 0.0003931790366775752
31 0.00029463060293864144
32 0.0002037471715836508
33 0.00015081898658883034
34 0.00010945021526351933
35 7.654747583828212e-05
36 5.716512789668167e-05
37 4.5931966530398276e-05
38 3.175805409415323e-05
39 1.85709835126482e-05
40 1.2540366355215424e-05
41 1.2704837657764032e-05
42 6.840036364973011e-06
43 4.234946592474358e-06
44 4.397776706725727e-06
45 3.09463824089225e-06
46 2.1174795419505466e-06
47 1.1406984395042477e-06
48 1.1399238120548855e-06
49 6.523361836315765e-07
50 4.884818252028719e-07
51 3.259554815826064e-07
52 1.62909750604721e-07
53 1.629879206392256e-07
54 0.0
55 3.2583992116272577e-07
56 0.0
57 0.0
58 0.0
59 1.6277737264298364e-07
60 0.0
61 0.0
62 0.0
63 0.0
64 0.0
65 0.0
66 0.0
67 0.0
68 0.0
69 0.0
70 0.0
71 0.0
72 0.0
73 0.0
74 0.0
75 0.0
76 0.0
77 0.0
78 0.0
79 0.0
80 0.0
81 0.0
82 0.0
83 0.0
84 0.0
85 0.0
86 0.0
87 0.0
88 0.0
89 0.0
90 0.0
91 0.0
92 0.0
93 0.0
94 0.0
95 0.0
96 0.0
97 0.0
98 0.0
99 0.0
100 0.0
101 0.0
102 0.0
103 0.0
104 0.0
105 0.0
106 0.0
107 0.0
108 0.0
109 0.0
110 0.0
111 0.0
112 0.0
113 0.0
114 0.0
115 0.0
116 0.0
117 0.0
118 0.0
119 0.0
120 0.0
121 0.0
122 0.0
123 0.0
124 0.0
125 0.0
126 0.0
127 0.0
128 0.0
129 0.0
130 0.0
131 0.0
132 0.0
133 0.0
134 0.0
135 0.0
136 0.0
137 0.0
138 0.0
139 0.0
140 0.0
141 0.0
142 0.0
143 0.0
144 0.0
145 0.0
146 0.0
147 0.0
148 0.0
149 1.630899943636098e-07
150 0.0
151 0.0
152 0.0
153 0.0
154 0.0
155 0.0
156 0.0
157 1.630899943636098e-07
158 0.0
159 1.630899943636098e-07
160 1.630899943636098e-07
161 0.0
162 0.0
163 0.0
164 1.630899943636098e-07
165 0.0
166 0.0
167 1.630899943636098e-07
168 1.630899943636098e-07
169 0.0
170 3.261799887272196e-07
171 8.154499718180489e-07
172 4.892699830908293e-07
173 3.261799887272196e-07
174 6.523599774544392e-07
175 4.892699830908293e-07
176 3.261799887272196e-07
177 6.523599774544392e-07
178 3.261799887272196e-07
179 1.630899943636098e-07
180 8.154499718180489e-07
181 3.261799887272196e-07
182 6.523599774544392e-07
183 8.154499718180489e-07
184 4.892699830908293e-07
185 9.785399661816587e-07
186 4.892699830908293e-07
187 4.892699830908293e-07
188 8.154499718180489e-07
189 8.154499718180489e-07
190 9.785399661816587e-07
191 4.892699830908293e-07
192 1.3047199549088784e-06
193 6.523599774544392e-07
194 1.3047199549088784e-06
195 4.892699830908293e-07
196 1.630899943636098e-07
197 3.261799887272196e-07
198 8.154499718180489e-07
199 6.523599774544392e-07
200 6.523599774544392e-07
201 4.892699830908293e-07
202 6.523599774544392e-07
203 4.892699830908293e-07
204 3.261799887272196e-07
205 4.892699830908293e-07
206 3.261799887272196e-07
207 0.0
208 1.630899943636098e-07
209 3.261799887272196e-07
210 0.0
211 6.523599774544392e-07
212 9.785399661816587e-07
213 6.523599774544392e-07
214 3.261799887272196e-07
215 1.630899943636098e-07
216 4.892699830908293e-07
217 0.0
218 3.261799887272196e-07
219 1.630899943636098e-07
220 0.0
221 3.261799887272196e-07
222 3.261799887272196e-07
223 1.630899943636098e-07
224 0.0
225 1.630899943636098e-07
226 0.0
227 0.0
228 0.0
229 0.0
230 1.630899943636098e-07
231 0.0
232 0.0
233 0.0
234 0.0
235 0.0
236 0.0
237 0.0
238 0.0
239 0.0
240 0.0
241 0.0
242 0.0
243 0.0
244 0.0
245 0.0
246 0.0
247 0.0
248 0.0
249 0.0
250 0.0
251 0.0
252 0.0
253 0.0
254 0.0
255 0.0
256 0.0
257 0.0
258 0.0
259 0.0
260 0.0
261 0.0
262 0.0
263 0.0
264 0.0
265 0.0
266 0.0
267 0.0
268 0.0
269 0.0
270 0.0
271 0.0
272 0.0
273 0.0
274 0.0
275 0.0
276 0.0
277 0.0
278 0.0
279 0.0
280 0.0
281 0.0
282 0.0
283 0.0
284 0.0
285 0.0
286 0.0
287 0.0
288 0.0
289 0.0
290 0.0
291 1.629879206392256e-07
292 0.0
293 0.0
294 0.0
295 0.0
296 0.0
297 0.0
298 0.0
299 0.0
300 0.0
301 0.0
302 3.258637229620839e-07
303 0.0
304 1.630525524898777e-07
305 1.6273329445092486e-07
306 3.258738668955961e-07
307 3.2574829341564835e-07
308 0.0
309 3.254398406724105e-07
310 9.772756975266063e-07
311 4.884577259244377e-07
312 1.7914220028798244e-06
313 2.4435329682307323e-06
314 4.561169839176333e-06
315 5.376068912859302e-06
316 7.820199332868357e-06
317 9.448060400495676e-06
318 1.612467970762985e-05
319 2.1499376590135238e-05
320 2.2801438632778086e-05
321 3.6810762312229435e-05
322 5.228190059666336e-05
323 6.775109998323952e-05
324 9.805339776591876e-05
325 0.0001320942970379061
326 0.00018062632557441335
327 0.00023209494718181287
328 0.0003058820748128658
329 0.00039758642807572993
330 0.0005252614056261939
331 0.0006752672478534529
332 0.0008956318200475534
333 0.001145986063778026
334 0.001470417678952025
335 0.001858730733042836
336 0.0023382295737241847
337 0.0029944850002859005
338 0.003635686425613131
339 0.004430854804024661
340 0.005533657299864135
341 0.006637519321398391
342 0.0080461626759524
343 0.00952450198136163
344 0.011269477996799785
345 0.013112241062300248
346 0.015241367419360469
347 0.01752238845070944
348 0.020005733313160703
349 0.02249789413999432
350 0.025028078453194134
351 0.027605765612378198
352 0.030224741985685692
353 0.03276850252409488
354 0.03496844535607839
355 0.037151698872639104
356 0.03916544329092169
357 0.040789338206022235
358 0.04186336268133602
