0 3.4374406261874777e-06
1 1.24997500049999e-06
2 1.8749687507499875e-06
3 2.656203126062482e-06
4 1.874962500749985e-06
5 1.7187156256874862e-06
6 3.437431251374974e-06
7 1.874962500749985e-06
8 2.4999500009999805e-06
9 2.8124437511249784e-06
10 3.2811906263124773e-06
11 3.749934376312475e-06
12 4.531162501749965e-06
13 6.093637502249954e-06
14 4.687421876687468e-06
15 7.499850002999937e-06
16 7.499859377812443e-06
17 1.1249787504249911e-05
18 1.0156068753624925e-05
19 1.2656006254874896e-05
20 1.453099375549989e-05
21 2.1718340633312353e-05
22 2.3905800009124836e-05
23 2.906197813556231e-05
24 3.281188751249979e-05
25 4.2186737515374725e-05
26 4.921784064381215e-05
27 6.578005314968703e-05
28 7.968605002987442e-05
29 8.327969690656193e-05
30 0.00010593557503924926
31 0.00014202870005262396
32 0.00017296551881599873
33 0.00019640267507337373
34 0.00024655798759174824
35 0.000286713493856248
36 0.00033640010012524766
37 0.00042030478453193424
38 0.0005174905283176837
39 0.0005732707158394334
40 0.0006854562252549953
41 0.0007854542596694319
42 0.0009195143565933684
43 0.0010826365379013672
44 0.001218571619203616
45 0.00141919281302874
46 0.0016134080006004873
47 0.001786373550666738
48 0.0020232442038805474
49 0.002215584582073108
50 0.0024526114071609824
51 0.0026863570041266672
52 0.002960883344851354
53 0.003133536594911978
54 0.0034079063575195986
55 0.0036589953294900346
56 0.0038832100576958466
57 0.004078362904643281
58 0.0042778902484712795
59 0.004481012067290655
60 0.0046139776923462775
61 0.004808662051792217
62 0.004891472751823591
63 0.0050306893362460255
64 0.00507584458626665
65 0.005107875236278402
66 0.005138031151911589
67 0.005127250001910337
68 0.0050741256581438385
69 0.004990533826858588
70 0.004937409876833213
71 0.004832255467421774
72 0.00468272648300209
73 0.004527104357939467
74 0.004344139498490907
75 0.0041746111265547215
76 0.004004770138994845
77 0.0038000865670404097
78 0.0035860280325847238
79 0.003297283626223226
80 0.0030975994730314147
81 0.002944789744848979
82 0.0026891696884993564
83 0.0024752672477939192
84 0.0022779270695982355
85 0.0021085551445353596
86 0.0019201208663435485
87 0.0017846547850425502
88 0.001555596719325614
89 0.0014412234817886146
90 0.0013016949723590528
91 0.001182165847315178
92 0.0010785739535269297
93 0.0009718572441116175
94 0.000864671640947306
95 0.0007904542565459942
96 0.0007127994596415576
97 0.0006407696189871199
98 0.000581083125215871
99 0.0005195217189447463
100 0.0004870222689314963
101 0.00041811727828155933
102 0.00038014937201518475
103 0.000360462153259935
104 0.0003401500001274977
105 0.0002818698844795604
106 0.0002664013469746856
107 0.0002614014125979982
108 0.00023249579071043576
109 0.0002148398313298734
110 0.00020077753757512351
111 0.0001799966219428112
112 0.00017609049694081118
113 0.00017749671569168625
114 0.00016734066881287363
115 0.0001564034156835614
116 0.00015093476880574894
117 0.000137809987551249
118 0.00014015371880199897
119 0.00013781001255149902
120 0.0001298414344223116
121 0.00013749752817593654
122 0.00014171619692718648
123 0.00014343485317906148
124 0.00014265363755362395
125 0.00015687207818418632
126 0.0001518722063067489
127 0.00017124689381337383
128 0.00017265309693956124
129 0.00019077773132149866
130 0.00020390248132587347
131 0.00020796496257687348
132 0.00022608964695831094
133 0.0002418705657146857
134 0.0002804635876051231
135 0.0003045256969875602
136 0.00033030651262224743
137 0.0003573372032575601
138 0.00041280499702805963
139 0.00045639789391949657
140 0.0005024908564364961
141 0.0005971765877213707
142 0.0006454569252396206
143 0.0007274866596459321
144 0.0008590467784440563
145 0.000947951406603368
146 0.0010871675847781797
147 0.001250133444212366
148 0.0014488797536624262
149 0.0016291890506043634
150 0.0018832469631978612
151 0.0020646496288926723
152 0.0023812065133878573
153 0.0027358873353934194
154 0.003081193529274291
155 0.0034569681731609135
156 0.003925240629584284
157 0.004408200854760905
158 0.004933816173706525
159 0.0055172428551760215
160 0.006230667255441769
161 0.006907529974440012
162 0.0075856425184462565
163 0.008369534587482751
164 0.009150145362768623
165 0.009954818131819991
166 0.010797458619636982
167 0.011655724691823167
168 0.012599144729687787
169 0.013451785583118592
170 0.014290207664682962
171 0.015012069630569641
172 0.015974864690312063
173 0.01662063362805269
174 0.01725796566579457
175 0.017847642141014686
176 0.01820497974426537
177 0.01858231665690611
178 0.018840748919512363
179 0.01895168466329474
180 0.018926841885157922
181 0.01885496785075262
182 0.018526224175627732
183 0.01832716515367893
184 0.01776498785347831
185 0.017270778259543186
186 0.01658079118427995
187 0.015851116368388384
188 0.015152223155629144
189 0.01425161424592558
190 0.013475691251880964
191 0.012535707989041092
192 0.011708692569970348
193 0.01086870741341436
194 0.010032785331854614
195 0.00912889629713406
196 0.008257193124938876
197 0.007541893480923633
198 0.0068189381650279515
199 0.006195824349178519
200 0.005560054936435396
201 0.004978502917472275
202 0.004383513701628969
203 0.003922115673333034
204 0.003462905601286977
205 0.0030722877167641653
206 0.002737918588520355
207 0.0024154247790189203
208 0.0021182425570354844
209 0.0018730909350687997
210 0.0016376262756087382
211 0.0014301299911569276
212 0.0012610707598420538
213 0.001100448644159367
214 0.0009438890691003683
215 0.0008576405503189938
216 0.0007590485971573066
217 0.0006701440564979953
218 0.0005862393033426834
219 0.0005159279595689337
220 0.00047592886267512163
221 0.0004176486282798093
222 0.00037202445951293485
223 0.0003473375657520599
224 0.0003135880282410602
225 0.00028218230947993556
226 0.0002531203719688106
227 0.0002434331219644358
228 0.00021546476258037342
229 0.000199683821950186
230 0.0001949964313227486
231 0.00017530926256574867
232 0.00015452840943306137
233 0.00016202829380987377
234 0.00015921582193481135
235 0.00014452864692843652
236 0.00015015349380662386
237 0.00014171617817806145
238 0.00014843476255512389
239 0.0001451536500528739
240 0.00013780992505174898
241 0.00015327850005574892
242 0.00015312222505674893
243 0.00015234099068118636
244 0.00016265330006087384
245 0.00016390324381099878
246 0.00016030959380937385
247 0.00017734049069118626
248 0.00019249649069631117
249 0.00020093387194893594
250 0.00021155868757849857
251 0.00024405807196556072
252 0.00027015130010062295
253 0.00028186985322956054
254 0.0003065569251138729
255 0.00033296262199931004
256 0.00036327461575943483
257 0.0004123362251531222
258 0.00045421049391737177
259 0.0004973347126839964
260 0.0005279590845723085
261 0.0005956140252231204
262 0.0006512380721183082
263 0.0007349865221498075
264 0.0008127977503007443
265 0.0008915461503318683
266 0.0010065441409985551
267 0.0011052922566622424
268 0.0012160714410803034
269 0.0013401316598749275
270 0.0014930976943077394
271 0.0016279389537313012
272 0.001839653981931486
273 0.0020004321444939853
274 0.0021583979820528586
275 0.002402612404018169
276 0.002574484250957357
277 0.0027732307010292293
278 0.0030274446355010413
279 0.0032157225199441032
280 0.003499154735678662
281 0.003676182760744286
282 0.0038961788639503476
283 0.004115237298410283
284 0.004318202289108093
285 0.004547573245442094
286 0.004742725645517843
287 0.0048499111174326506
288 0.004990377620605214
289 0.0050652197175139
290 0.005233341586328646
291 0.005263653848833774
292 0.005276622292586528
293 0.005281309480094396
294 0.005249903892585398
295 0.005287247383220836
296 0.0051494369237934
297 0.0050006898143607125
298 0.004925222576831341
299 0.004795693664283214
300 0.0046369463704802145
301 0.004440856226655091
302 0.0041917981015632206
303 0.003950865367098033
304 0.0038088364857952854
305 0.003531810366940662
306 0.0032644714512192266
307 0.003007132354247791
308 0.002752605985399542
309 0.002507454035310419
310 0.002262302372718546
311 0.0020462125913886732
312 0.0018391852038097997
313 0.001628563969357238
314 0.0014576296817913643
315 0.0012554457504701162
316 0.0010974798504116167
317 0.0009274829722224308
318 0.0008082665034246816
319 0.0006892062940049955
320 0.0005995203033484333
321 0.0004987408095614339
322 0.0004193672626564969
323 0.0003404625438763726
324 0.0002859323063566228
325 0.00024390182196518573
326 0.000202652584450936
327 0.00017468428756474877
328 0.00014202862192831155
329 0.00010827927504012423
330 9.734196253624933e-05
331 7.499863752787442e-05
332 6.656126564993701e-05
333 5.156159064368716e-05
334 4.296797189093724e-05
335 3.406188438781228e-05
336 2.9218209386062312e-05
337 2.4062075008624848e-05
338 1.921841875699987e-05
339 1.6249706256124875e-05
340 1.4218500005249894e-05
341 1.3593490630312389e-05
342 1.0937293754124914e-05
343 7.499862502749944e-06
344 6.562384377312454e-06
345 4.374921876562471e-06
346 5.937393752124959e-06
347 4.06242187656247e-06
348 5.156153126937462e-06
349 3.90617187656247e-06
350 3.437434376312475e-06
351 2.9686906261874765e-06
352 3.9061750014999724e-06
353 1.2499781254374913e-06
354 2.6562031260624816e-06
355 1.7187156256874862e-06
356 1.5624687506249875e-06
357 1.874962500749985e-06
358 1.874962500749985e-06
