0 0.0007325666369768579
1 0.0007338145267811388
2 0.0007275615437945703
3 0.0007477322928165634
4 0.0007219300565031608
5 0.0007242760362058711
6 0.000719118756295511
7 0.000728816607561122
8 0.0007317832405833165
9 0.000746792129637779
10 0.0007141148028885507
11 0.0007417909307477432
12 0.0007471052896074121
13 0.0007310013461964756
14 0.0007478892998578036
15 0.0007525796641551872
16 0.0007608695785760321
17 0.0007560187993814571
18 0.0007614939714521525
19 0.0007735354893033139
20 0.0007829131296134668
21 0.0007716564910774487
22 0.000788856040015097
23 0.0008124664371726621
24 0.0008334201531838305
25 0.0008285687788514743
26 0.0008612533969840204
27 0.0008465530296873704
28 0.0008847071115516781
29 0.0008832967032494891
30 0.0009156650972344968
31 0.0009425577751925414
32 0.0009436552048649672
33 0.0009703927743664572
34 0.001002602663048038
35 0.0010252765585847168
36 0.001075002244789265
37 0.0011004881067614063
38 0.0011461465101928678
39 0.0011699120080110536
40 0.0012147891461766441
41 0.001242777178550616
42 0.0013048566984826468
43 0.001344416422461409
44 0.0013792826260859222
45 0.0014362004648769782
46 0.0014546514784888659
47 0.0015348649424669091
48 0.001549404937986081
49 0.0016274317520474269
50 0.0017001416501317187
51 0.0017043620616106132
52 0.0017586230778159511
53 0.001801932536630704
54 0.001863542261018172
55 0.0018966883965989732
56 0.0019398464736735629
57 0.00198237692376228
58 0.0020125504180725337
59 0.002051333893094266
60 0.0020461760780161545
61 0.0020801040648626046
62 0.002091048614038239
63 0.002088702729888471
64 0.0021371735227214534
65 0.0021390516857191237
66 0.002111063472350047
67 0.0021337355667934025
68 0.0021528101877594822
69 0.002129985994682987
70 0.0020962077679563566
71 0.0020589932390105157
72 0.002045238975975964
73 0.002048984751359776
74 0.0020319404581796282
75 0.002016149323681161
76 0.002000670586086049
77 0.0019844029119606013
78 0.001964234002167509
79 0.0019384339648118433
80 0.0019065391564618637
81 0.0018683835456707366
82 0.0018579107578111371
83 0.0018386779444531348
84 0.0018680709181381353
85 0.0017881757185861289
86 0.0018127205152024194
87 0.001762691928158279
88 0.0017862959249840182
89 0.0017598709263046716
90 0.001768156400996363
91 0.0017545544983982276
92 0.0017429808355141746
93 0.0017672192234565393
94 0.0017558047772504286
95 0.001776445364110283
96 0.0017393884175164929
97 0.0017820770205140342
98 0.0017692535959128377
99 0.0018194466645066098
100 0.0018028682585025217
101 0.0018278886320936556
102 0.0018447740040839144
103 0.0018533767817723514
104 0.0018740094554537162
105 0.0019074772745097544
106 0.001920453360209522
107 0.0019326575310399774
108 0.0019698705565188344
109 0.0019875370503642234
110 0.0020144276175985583
111 0.0020494561796443674
112 0.00207681883279694
113 0.0021346748637670805
114 0.002168760740648826
115 0.002213480062788752
116 0.0022910394533921822
117 0.0022825959709038062
118 0.0022724259128113038
119 0.0023484243613352863
120 0.00236609172943773
121 0.002443957102026729
122 0.0024957164436252314
123 0.002541060017897243
124 0.0025825004861872603
125 0.0026345658194873406
126 0.002694920422180884
127 0.0026860152755823607
128 0.0028007822922420074
129 0.0028243882382295808
130 0.0028537813066683306
131 0.002887090053465254
132 0.0029598029682847042
133 0.003037670715196281
134 0.003058621689073568
135 0.0031030232206426165
136 0.003175431127614358
137 0.0032611149764060626
138 0.0033300750685634362
139 0.003404338481712258
140 0.0034507765715965453
141 0.003541947001661484
142 0.0036230979283381776
143 0.0036975239368083005
144 0.003777264032403331
145 0.003866388287089624
146 0.003989770034860917
147 0.004088432593953633
148 0.004207574423984061
149 0.004312341987069313
150 0.004429453368393557
151 0.0045873863628058354
152 0.00474593129127894
153 0.004771735678994321
154 0.004973758148299325
155 0.005134813739650165
156 0.005344334406315162
157 0.0054369041664181
158 0.0056664493604614615
159 0.005820308920926965
160 0.006004037242557328
161 0.006175407022170236
162 0.006373681376297489
163 0.006662634987853793
164 0.0067447245896983445
165 0.006958170478625134
166 0.007179101186482749
167 0.007440227364932161
168 0.007497770880064845
169 0.007708552477639982
170 0.00787601160440996
171 0.008094134980321183
172 0.008222203089013651
173 0.008272711139289481
174 0.008456588607110798
175 0.008624830330634716
176 0.008732253618802121
177 0.008754778110302775
178 0.008820129279065099
179 0.0088759564343644
180 0.008890025474970514
181 0.008895349182762819
182 0.008859225383052671
183 0.008892684733748692
184 0.008751016161345753
185 0.008624997827281803
186 0.008665169982308662
187 0.008568395851068535
188 0.008442673047832775
189 0.008227828615259097
190 0.008053648764780028
191 0.007962007343530052
192 0.007772187198690947
193 0.007653663614041876
194 0.007473538828299931
195 0.007208974202535199
196 0.007054799964160222
197 0.006836827030569003
198 0.006640590110123754
199 0.006474060491042458
200 0.006239198081297416
201 0.006085037369590009
202 0.005859871377063631
203 0.005781532106826694
204 0.0055279029950643845
205 0.00535465847756267
206 0.005210646594443827
207 0.0050780599341113675
208 0.004899330346468315
209 0.004750626624130602
210 0.004599583283887079
211 0.004503267857090105
212 0.004366448283827653
213 0.0042430742492010004
214 0.004097662325401038
215 0.004016653772557989
216 0.003938640639668059
217 0.0038104177830012523
218 0.0037546007126500604
219 0.0037076883045515465
220 0.003489242426255946
221 0.0034423387853828318
222 0.003387767351671253
223 0.0032948877833759048
224 0.0032786229979804285
225 0.0032140536073355136
226 0.003138840915817593
227 0.003096773960193098
228 0.003014376318697609
229 0.002960113284909075
230 0.0028720805270734916
231 0.0028616040651824274
232 0.0027801388340779614
233 0.002771230253727236
234 0.0027111870087939386
235 0.0026767837672264207
236 0.0026301880756852713
237 0.002618305035684296
238 0.0025179199592887803
239 0.002484615462591846
240 0.0024819557240352784
241 0.002442399215931066
242 0.0023775048662617853
243 0.002393766719570409
244 0.002391738502553704
245 0.002331224456151116
246 0.0022980750361316312
247 0.002241003144444185
248 0.002208167405695871
249 0.0021908094027548075
250 0.0021567237716159245
251 0.0021510919735214895
252 0.0021213842901367176
253 0.0021029326880420336
254 0.00210355994391452
255 0.002072756277219497
256 0.0020533595742785304
257 0.0020635289990335874
258 0.002039757823968251
259 0.002032414320376628
260 0.0020127090929728617
261 0.0020123989938646046
262 0.0019809739007741085
263 0.0020105265298918104
264 0.0019978594916888223
265 0.0019912922297176767
266 0.0019969175890777804
267 0.001996763435927914
268 0.002009741693827796
269 0.0019962944543900018
270 0.001991757602906803
271 0.0019906647887379517
272 0.001992228871510556
273 0.0020047338193409417
274 0.0020564959176907842
275 0.0020361698804119473
276 0.0020233410542339542
277 0.0020912104617261664
278 0.0020858885415175484
279 0.0021259217124300787
280 0.0021024642782080435
281 0.002147034447882683
282 0.002160946195674186
283 0.0021679809762009056
284 0.0021623516756539398
285 0.0022044211925733824
286 0.002198945146953874
287 0.0022280258581564186
288 0.0022317812640113154
289 0.0022580439814840207
290 0.0022686800956733303
291 0.002229276350802031
292 0.0022661807072572792
293 0.0022536732250951065
294 0.0022646186075248684
295 0.0022217671041920343
296 0.002256640510452307
297 0.002221462162815955
298 0.002221769560192265
299 0.0022281821416211506
300 0.0021521898787952337
301 0.0021024644650175575
302 0.0021021533243254877
303 0.0020493030396912843
304 0.0020424250518681756
305 0.001985507064492997
306 0.001954545763713985
307 0.0019038871228583376
308 0.0018671399216998994
309 0.0018124097313690747
310 0.0017970895775227336
311 0.0017401769275392606
312 0.0016834112064929014
313 0.001668246272723052
314 0.0016002317351555366
315 0.0015273629371415011
316 0.0015175104047293164
317 0.0014579386669698736
318 0.0014343263929893768
319 0.0013702181563413475
320 0.001354576977134673
321 0.001293132465248975
322 0.0012631078644987043
323 0.0012280847537983418
324 0.001173040793312044
325 0.0011597530313484062
326 0.001124885354812175
327 0.001109401998197183
328 0.001080003059042504
329 0.0010302798541751393
330 0.001021682982342958
331 0.0010019790805735243
332 0.000981341149971895
333 0.0009632022896856696
334 0.0009339613757446987
335 0.0009097232850672183
336 0.0008978431992702924
337 0.0009058161883238092
338 0.0008706358999130334
339 0.0008484305037632171
340 0.0008535910081236053
341 0.0008196573626902611
342 0.0008262268794157533
343 0.0008198154500230698
344 0.0008171561874076561
345 0.0008001141051427749
346 0.0007919835042665515
347 0.0007800991348562979
348 0.0007721240638919993
349 0.0007746274486607904
350 0.0007494515386545336
351 0.0007841671498055411
352 0.0007433527221266647
353 0.0007632120193640288
354 0.0007542997590581113
355 0.00075179517195877
356 0.0007457011064247478
357 0.0007536729777819864
358 0.0007535196737740085
