0 1.640623125500003e-05
1 1.6874953130812568e-05
2 1.2499946878312484e-05
3 1.7187465630437544e-05
4 1.6562400004874975e-05
5 1.609363750462497e-05
6 2.015615313206253e-05
7 1.9687371881562497e-05
8 2.046868750600005e-05
9 2.5937425007750065e-05
10 2.7031184385187653e-05
11 3.265610001037506e-05
12 3.6718571886437555e-05
13 4.453109376512513e-05
14 4.906222501475004e-05
15 6.656223439581259e-05
16 7.359336877525012e-05
17 9.42182531535626e-05
18 0.00011953083129050039
19 0.0001385929906675626
20 0.0001651555250522504
21 0.00021421765631812536
22 0.00025156115319956265
23 0.0003070298313421252
24 0.00036952948761387544
25 0.000474841397024688
26 0.0005493721532970631
27 0.0006773403377137509
28 0.0008054650096240632
29 0.0009670258002932499
30 0.0012032752503657507
31 0.0014090557035661884
32 0.0016899911348896882
33 0.001985302175603751
34 0.0023287381663491895
35 0.0027635805133498772
36 0.003282171919762377
37 0.0038234190886867543
38 0.004460447795120003
39 0.005145913129732067
40 0.005966377548721692
41 0.006772780567743071
42 0.007860744230588445
43 0.008865584340265258
44 0.010036984965648513
45 0.011232292125381828
46 0.012571503507051827
47 0.014099778870043456
48 0.015461804329818266
49 0.0168930480897022
50 0.018408510052640326
51 0.019903346290595696
52 0.02148349539737471
53 0.022705679416513216
54 0.023954579673173458
55 0.025111761645338404
56 0.026091601280072357
57 0.026874879327183153
58 0.027529561274240475
59 0.027820656696272896
60 0.02799049768373952
61 0.027923782124414098
62 0.027590971027403398
63 0.02693894166156009
64 0.02641597621451016
65 0.025295511920421152
66 0.02422395488260227
67 0.02296896066657309
68 0.021760997903678952
69 0.020213505531306537
70 0.01876788606526546
71 0.01739101698358332
72 0.015880242761224895
73 0.01445806098577901
74 0.013039162007209327
75 0.01183447919120214
76 0.010477922534508381
77 0.009413082987304446
78 0.008219808271340012
79 0.007228875549145071
80 0.006379034192617567
81 0.005547164020478128
82 0.004895134707763381
83 0.00414404438878413
84 0.0035643593042316906
85 0.003072017854078192
86 0.002601082260174439
87 0.0022106155381901283
88 0.0018582734380782518
89 0.00156827483486594
90 0.0013207754722761886
91 0.0011035886284576882
92 0.0009243708065410009
93 0.000766558997109688
94 0.0006343723970708137
95 0.0005339036689181253
96 0.0004537480532699383
97 0.0003603109282375626
98 0.00029452995321381254
99 0.0002451552219524378
100 0.00019515537193343763
101 0.00015468680630100032
102 0.00013374929066456258
103 0.00010968696565706257
104 9.03121312790002e-05
105 7.656223127675021e-05
106 6.156223751862512e-05
107 5.3593550019000214e-05
108 4.3593490637187515e-05
109 3.6562362511625075e-05
110 3.312478438443745e-05
111 2.8124915635062627e-05
112 2.4687371883312545e-05
113 2.1874993757250122e-05
114 1.703119687968751e-05
115 1.5468643755000006e-05
116 1.2499956255125087e-05
117 1.1406184378062484e-05
118 1.1718700003624988e-05
119 1.1406165627812466e-05
120 9.218728128687546e-06
121 9.843712503375023e-06
122 7.656228127562524e-06
123 7.812503128687586e-06
124 7.656231252125003e-06
125 8.124934377562482e-06
126 7.187446877062488e-06
127 6.7186968770624875e-06
128 7.812465628562548e-06
129 5.781218751624997e-06
130 7.656221877187498e-06
131 7.343731252750055e-06
132 7.968759377812551e-06
133 6.5624875021250196e-06
134 8.906225004000052e-06
135 9.37500312856257e-06
136 7.968743752625035e-06
137 1.1249978129312545e-05
138 1.1718715628312533e-05
139 1.2343737504250031e-05
140 1.7343640629562487e-05
141 1.7031193755500037e-05
142 1.6874956254500004e-05
143 1.9999903131062526e-05
144 2.499993750662502e-05
145 2.3593634381437503e-05
146 2.5468584381437454e-05
147 3.140628126175024e-05
148 4.124993438956267e-05
149 4.484358126400007e-05
150 5.703118127075026e-05
151 5.390613439206262e-05
152 6.796861252412526e-05
153 7.906228127562514e-05
154 9.265619065956298e-05
155 0.00010234353753250027
156 0.00013218726879537547
157 0.00014562490629937568
158 0.0001676559875580006
159 0.00020703094382025088
160 0.00024078069382687555
161 0.0002623433282115633
162 0.00030015585635537634
163 0.00035015581574356373
164 0.00039437449388212635
165 0.0004532806407813144
166 0.0005024992282955642
167 0.0005685929283249396
168 0.0006117178189627521
169 0.0007014050439885022
170 0.0007835927908981907
171 0.0008460927096713165
172 0.0009457801003337541
173 0.0010228109347340663
174 0.0011259362472730674
175 0.0012059357691740046
176 0.0012843733442047549
177 0.0013701544036031923
178 0.0014498420536545695
179 0.0015092167911665685
180 0.0015843730130677563
181 0.0016212480099604438
182 0.0016914039193608823
183 0.0017271855287741959
184 0.0016699974787229453
185 0.0017034352443713817
186 0.0016906229349953209
187 0.0016018735037246954
188 0.001569842138083758
189 0.0014767171317877563
190 0.0013831231817581315
191 0.001267185856718506
192 0.0011532803441748809
193 0.0010593739191511312
194 0.0009304675472236924
195 0.0008157806253196301
196 0.0007267173002678779
197 0.0006139054783481901
198 0.0005065618501916278
199 0.0004324992126572519
200 0.00035499941575543913
201 0.000301406012618752
202 0.00023890596259175146
203 0.00019562481257250086
204 0.0001571873313080007
205 0.00013078108754962568
206 9.734360941443804e-05
207 7.984363127775032e-05
208 5.890626877212543e-05
209 4.328122814168773e-05
210 3.578119063831272e-05
211 2.8437471885187645e-05
212 2.2500018760500262e-05
213 1.7812446881687567e-05
214 1.0468740629687596e-05
215 1.0312493753375045e-05
216 7.187515627062525e-06
217 6.718731252500033e-06
218 3.906262501500035e-06
219 2.968734375687494e-06
220 3.2812468769375586e-06
221 2.1875093755625036e-06
222 2.187509376312541e-06
223 9.374937501249975e-07
224 9.375000003750076e-07
225 7.812531253125013e-07
226 3.1249687506249877e-07
227 1.5624687506249876e-07
228 1.5625e-07
229 1.5625e-07
230 1.5625e-07
231 0.0
232 0.0
233 3.124937501249975e-07
234 3.1249687506249877e-07
235 0.0
236 1.5624687506249876e-07
237 0.0
238 0.0
239 3.1249687506249877e-07
240 0.0
241 0.0
242 0.0
243 1.5624687506249876e-07
244 0.0
245 0.0
246 1.5624687506249876e-07
247 0.0
248 1.5624687506249876e-07
249 0.0
250 3.1250625025001e-07
251 0.0
252 4.687531251875013e-07
253 6.249968750624988e-07
254 4.6874687518749874e-07
255 9.374937502499975e-07
256 1.2500093754375113e-06
257 1.093743750500005e-06
258 1.71875000087503e-06
259 2.1874906255624964e-06
260 3.74998750137501e-06
261 4.8437000017499894e-06
262 6.0937187514999965e-06
263 7.96874375275003e-06
264 1.1249956253875018e-05
265 1.0937465627937509e-05
266 1.828120313093757e-05
267 2.7499981259375104e-05
268 3.140613125875002e-05
269 4.53123562646251e-05
270 5.953100001725004e-05
271 7.781246252700042e-05
272 0.00010171830940331242
273 0.00014609313754362517
274 0.00017718671568206268
275 0.0002454678469470628
276 0.0003045302188441255
277 0.00038421729386525067
278 0.0005304668345413137
279 0.0006351538595703131
280 0.0008137472815032515
281 0.0009953086065490008
282 0.0012260895472503152
283 0.0014807761223279395
284 0.0017489002692941279
285 0.002111398772513442
286 0.002466084978885691
287 0.0028520210227625676
288 0.0032112385009946307
289 0.003612954791735443
290 0.003973579794980882
291 0.004362797367003446
292 0.00467716987956957
293 0.005056543701567511
294 0.0053324801047930715
295 0.0055002927236140736
296 0.0056871661330246326
297 0.005734510695563635
298 0.005795291373697199
299 0.005729821783030009
300 0.0056057609111438205
301 0.0054735738579612565
302 0.005278575051676636
303 0.005088106729736944
304 0.004805139760894822
305 0.004466233232676007
306 0.004178733985685571
307 0.0038688924793810722
308 0.0036023310386412563
309 0.0032979566197975066
310 0.003046864707235884
311 0.0027960838477693187
312 0.002539210207066131
313 0.0022653049632386318
314 0.0020957744631945057
315 0.0018756187881106298
316 0.0016906193568027538
317 0.001521869906747629
318 0.001359214266076067
319 0.001184683706642879
320 0.0010828088909766898
321 0.0009532780721833147
322 0.0008620283690337519
323 0.0007637473283731892
324 0.0006718728720960646
325 0.0005881229095701892
326 0.0005226544189217512
327 0.00047187332516100136
328 0.00041578017826443867
329 0.0003498424219890634
330 0.00030687415636062616
331 0.0002718743094711887
332 0.000240311609453438
333 0.00020484309694056304
334 0.0001853118313101255
335 0.0001732807031839381
336 0.00013906183129550013
337 0.00012015587191556276
338 0.00010953099066343805
339 8.953097190731288e-05
340 8.609352190543783e-05
341 7.406231252350014e-05
342 6.57809937728752e-05
343 5.1718550017750165e-05
344 4.984353751537511e-05
345 4.859363126675021e-05
346 4.1093640638812705e-05
347 3.296863126100005e-05
348 2.8437421884562582e-05
349 2.7656162509000052e-05
350 2.8906168759375114e-05
351 2.5312428132437543e-05
352 2.046872188206258e-05
353 1.890617500600003e-05
354 1.8906246879937536e-05
355 1.5781200005375038e-05
356 1.703123438168763e-05
357 1.624996562993754e-05
358 1.6562481255750063e-05
