0 1.1562431252624974e-05
1 1.3437406253749974e-05
2 1.2812421879062499e-05
3 1.1874912503874989e-05
4 1.3124937504250006e-05
5 1.34374156293125e-05
6 1.328115937893748e-05
7 1.2031237503250015e-05
8 1.171865625349998e-05
9 1.515614375412497e-05
10 1.5937443754374985e-05
11 1.218741562856247e-05
12 1.1406190628187484e-05
13 1.2343721878687513e-05
14 1.2343700003625006e-05
15 1.2499903129937504e-05
16 1.4062421878562478e-05
17 1.3281159378812476e-05
18 1.3593621879062447e-05
19 1.1874928128937505e-05
20 1.4218687504875e-05
21 1.3437443754375002e-05
22 1.3124931254375007e-05
23 1.2499940628937501e-05
24 1.4062381254624976e-05
25 1.3906175003749995e-05
26 1.3593668753749984e-05
27 1.3906153129187477e-05
28 1.4999896879312486e-05
29 1.5468740630562547e-05
30 1.781241562993748e-05
31 1.531240312993747e-05
32 1.7812450005875033e-05
33 1.9687375005874985e-05
34 1.98436343816875e-05
35 2.1874875006500013e-05
36 2.6249837507749996e-05
37 2.8281065633312484e-05
38 2.3124831255999964e-05
39 3.218727813418746e-05
40 2.9218590634687528e-05
41 3.249985001100004e-05
42 3.76560843855625e-05
43 3.4062337511000044e-05
44 4.953095938868749e-05
45 5.234335938956243e-05
46 6.281215626912501e-05
47 6.359340939306249e-05
48 7.015579689618746e-05
49 8.015581564768746e-05
50 9.281190315443742e-05
51 0.00010031188753049991
52 0.00011749932190981241
53 0.00012812422503987489
54 0.00015265543130012498
55 0.00017249898442643738
56 0.0001978114688081249
57 0.00023218608131849968
58 0.00026327969695518746
59 0.0003010920532126872
60 0.00033202928135012485
61 0.00038452912511462454
62 0.00045109102826218733
63 0.0005081219626544995
64 0.0005860901845484369
65 0.0006601523002036253
66 0.000722652287724625
67 0.0008273386940011247
68 0.0009046816658966866
69 0.0010384310503134993
70 0.0011273368909580609
71 0.0012737422753849987
72 0.0013954603254204983
73 0.0015390531723361853
74 0.0016778027098848115
75 0.001849364128688311
76 0.001963581941214686
77 0.002121393466265561
78 0.0022451435163100618
79 0.0024426415226016856
80 0.002584359447650185
81 0.0028209206383432483
82 0.002962638700894247
83 0.003109200257181497
84 0.0032631059603618097
85 0.003363417591641309
86 0.003590134604203185
87 0.003763728201129622
88 0.003935132910555308
89 0.004079818973095434
90 0.004296068366924185
91 0.004429036485722185
92 0.004616534529508309
93 0.004802784098315685
94 0.004947001660847057
95 0.005169813204681183
96 0.005287625685956807
97 0.005475436254766433
98 0.005688404186086679
99 0.00585809034550787
100 0.006052932654962182
101 0.006138401186215056
102 0.006372462501923619
103 0.006525898683210242
104 0.0066238666488673045
105 0.006790273392674057
106 0.00684636567706637
107 0.006989021111501681
108 0.0071218325333873705
109 0.007191988208415745
110 0.0071983954146588695
111 0.007295582870943495
112 0.007367299786588183
113 0.007348238349091184
114 0.007413393027223495
115 0.00739917375848112
116 0.007443705686603304
117 0.007431986970981992
118 0.007312925802200119
119 0.007337769274066933
120 0.007247300317787932
121 0.007203863111536928
122 0.007105738517750931
123 0.007047770633372745
124 0.006941990411466932
125 0.006955896142708932
126 0.006776522508289743
127 0.006658240883238117
128 0.006574023939465123
129 0.006449804980049683
130 0.006280743711260683
131 0.006116369798698056
132 0.006041370142442182
133 0.005884026970518745
134 0.005757622242345559
135 0.00560184148292537
136 0.005484342170396745
137 0.005289030714075995
138 0.0052179378328117455
139 0.005021689207769495
140 0.004926377104607558
141 0.004760127857685623
142 0.00461887837326231
143 0.004502159926325995
144 0.004396536170060123
145 0.00423216097001512
146 0.004093881710594183
147 0.004001695223081558
148 0.0038640391011491226
149 0.0038134146761578712
150 0.003656540601103748
151 0.0035316981823168723
152 0.0034559170728989353
153 0.0033406049791273097
154 0.0032618546822238722
155 0.0031634184228089357
156 0.003100919944673373
157 0.003052012704048184
158 0.0029087324383694963
159 0.002841389044603122
160 0.0027502961726878113
161 0.0027079530976861855
162 0.002668265247680437
163 0.002633265435163435
164 0.0025718592038863103
165 0.0024856108163689356
166 0.0024718607694833718
167 0.002439985650728997
168 0.0023857672413391865
169 0.0023434236538304345
170 0.002322798806944123
171 0.0022773304163046853
172 0.002279517794433623
173 0.002259361275662122
174 0.0022270182569098726
175 0.002223424553791186
176 0.002188580991281438
177 0.0021692056100219353
178 0.0022037371537860606
179 0.002172799213143748
180 0.00216592462251431
181 0.0022113932006552484
182 0.002192017822535311
183 0.0022095179444053723
184 0.002199205888156248
185 0.002224986625660873
186 0.002274518441305936
187 0.0023054549975581855
188 0.0023423295038200584
189 0.0023401424569512463
190 0.002328423953827936
191 0.0024115477694687474
192 0.002429517328851185
193 0.002447485347612434
194 0.0024931104444874982
195 0.0025896716851459348
196 0.0026298279851504343
197 0.0026885775883059974
198 0.0027467017789478093
199 0.002827170810224686
200 0.002846701260225434
201 0.00292560767900981
202 0.0029895140602739347
203 0.0030810756446728715
204 0.003182793222833186
205 0.0032685739259759963
206 0.003375761688515246
207 0.0034596673760384994
208 0.0035604477791880583
209 0.0036713842667175597
210 0.003741852591744559
211 0.0038696645386616228
212 0.004007006794949248
213 0.004122632094987997
214 0.0042673188044046835
215 0.004356224232561372
216 0.004474816991971809
217 0.004628253307634498
218 0.004733409242031434
219 0.004950438845234622
220 0.005066532629652185
221 0.005197938251557746
222 0.005312780257835242
223 0.005431062214138372
224 0.005663717207940248
225 0.005739339870467996
226 0.005866371123620809
227 0.00600902696430387
228 0.006163869642467929
229 0.006298712561272434
230 0.006468554926946119
231 0.006571523639471994
232 0.00670245937388331
233 0.0067537099145194976
234 0.006911052483322244
235 0.007032300964612243
236 0.007021677364615991
237 0.007147769924015679
238 0.007244799958432497
239 0.007155582949021683
240 0.007259019355310555
241 0.007428392899112056
242 0.007391518636596556
243 0.0074141754178718095
244 0.007389018167824931
245 0.007466050274115932
246 0.00735276771156718
247 0.007350738277223743
248 0.007305424974069553
249 0.007254488920929747
250 0.007141050542765557
251 0.007086364558388621
252 0.006934489583334993
253 0.006836677792674057
254 0.006771522680159307
255 0.00661949267073837
256 0.0065543356269531184
257 0.006356370023792686
258 0.006191682801848745
259 0.006027309167443934
260 0.005785747139232243
261 0.005677153336077305
262 0.005503092892287808
263 0.005305437073476807
264 0.005143251407783871
265 0.004971220479611807
266 0.004817002038944871
267 0.004607785501381248
268 0.004468723732586494
269 0.00424778756692081
270 0.004078257163717748
271 0.003908414507419997
272 0.003735446854251185
273 0.0035595100698189957
274 0.003410760666657434
275 0.003240762182213372
276 0.0030534205727963106
277 0.002917326400882372
278 0.002768108203945935
279 0.0025843599101521863
280 0.0023809235663373113
281 0.0022431118694186225
282 0.002110300250631373
283 0.0019546760068399984
284 0.0018073329255304982
285 0.0016778023442428724
286 0.0015156159629451237
287 0.001348117016032937
288 0.0012438993409969363
289 0.0011178059315856237
290 0.001024838103435937
291 0.0009020259440206241
292 0.0008167142908721871
293 0.0007320265939654992
294 0.0006537460533234372
295 0.0005764028626793748
296 0.000500778340776562
297 0.00044109116576068725
298 0.00039531023449343726
299 0.00033968537509824966
300 0.00029499828758774966
301 0.0002621860282045626
302 0.00022531123131749994
303 0.00019312385943293727
304 0.0001757803531785625
305 0.00015156164379462496
306 0.0001307806469156876
307 0.0001140618219091874
308 0.00010109329065543745
309 8.828069065081237e-05
310 8.109324064943741e-05
311 6.796830626987494e-05
312 5.734346564081252e-05
313 5.3905953140937494e-05
314 5.374966564218751e-05
315 3.968733438643751e-05
316 4.1249706262249975e-05
317 3.406228438593751e-05
318 3.015612813456255e-05
319 2.8593559383062466e-05
320 2.5624875007624998e-05
321 2.3281109381312472e-05
322 2.4374828132437493e-05
323 2.374982813131247e-05
324 1.7187371880687482e-05
325 2.078116250637503e-05
326 1.6406128130187475e-05
327 1.6874903129812483e-05
328 1.6874871880312473e-05
329 1.8749900005624985e-05
330 1.578115937918748e-05
331 1.765612500512497e-05
332 1.4531121879437463e-05
333 1.4999893754374976e-05
334 1.7031146879437473e-05
335 1.1093700003750013e-05
336 1.4687384379687474e-05
337 1.2031190629187507e-05
338 1.3124928128437483e-05
339 1.4062450003500014e-05
340 1.3124918753249979e-05
341 1.0781206253625004e-05
342 1.2187453127937492e-05
343 1.3749934379312504e-05
344 1.2031187503499991e-05
345 1.3749931253749995e-05
346 1.4999887504999974e-05
347 1.6406128130437472e-05
348 1.359368750412499e-05
349 1.546861875499997e-05
350 1.1718718753125e-05
351 1.2656178129187502e-05
352 1.1249918752874967e-05
353 1.3749878128687461e-05
354 1.3593671879312486e-05
355 1.4218665629187485e-05
356 1.484363437943747e-05
357 1.2812403128062469e-05
358 1.3437412504124973e-05
