0 1.8749656256874862e-06
1 1.7187312503749925e-06
2 1.24997500049999e-06
3 1.0937281254374913e-06
4 2.499953125937482e-06
5 1.56247500049999e-06
6 1.7187187506249875e-06
7 1.0937281254374913e-06
8 2.656203125937482e-06
9 2.499953125937482e-06
10 2.499959375812484e-06
11 3.124953125937482e-06
12 2.9686906261874773e-06
13 3.5936812513749737e-06
14 3.4374375012499762e-06
15 5.624893752124958e-06
16 7.81235625287494e-06
17 7.187381252499951e-06
18 8.749846878187439e-06
19 9.218575003499928e-06
20 9.687343753499936e-06
21 1.7030937506374874e-05
22 1.9374646882062366e-05
23 1.874964688206236e-05
24 2.624951875987483e-05
25 3.4061884387562286e-05
26 3.874929688918723e-05
27 4.921785001837468e-05
28 5.265531251912469e-05
29 6.859247815081198e-05
30 8.35921656566869e-05
31 9.484199691043682e-05
32 0.00012031028441993665
33 0.00015499720943206135
34 0.00017827799381562364
35 0.00021780852820581085
36 0.00026733878760037304
37 0.00033108773137299763
38 0.0004179611064052468
39 0.00046889773767349674
40 0.0005749896002124961
41 0.0006884248908811826
42 0.000817328925300994
43 0.000978419531614618
44 0.0011721661441836174
45 0.001402474303646177
46 0.001654969822486925
47 0.0018390289256809867
48 0.00216214803205111
49 0.0025104231384293564
50 0.0028779162104429165
51 0.0032743151168420385
52 0.0037149319888807237
53 0.00415992380467028
54 0.004609759495463465
55 0.005095063189390462
56 0.005669740433347583
57 0.006182543255414393
58 0.0066695656493508905
59 0.007162525233911446
60 0.0075867364528168215
61 0.008080789809254564
62 0.008417346006256373
63 0.00876421466263125
64 0.009057490647111678
65 0.00913452072526512
66 0.009362797456605494
67 0.00946092080352055
68 0.009364516272230557
69 0.009298736722195063
70 0.00907827137524887
71 0.008810463987646502
72 0.008562968468804123
73 0.008200162821794569
74 0.0077775142872638795
75 0.007255023615194697
76 0.006759876418136887
77 0.0062476981867020135
78 0.0057747382052682665
79 0.0052278732331927135
80 0.004749131689267215
81 0.004303202682847971
82 0.003841336013926348
83 0.003388688045009227
84 0.0030160389417399143
85 0.002694481919752731
86 0.0023374571883708582
87 0.0020534001851355483
88 0.0017640302037811749
89 0.0015362221286928008
90 0.0013271632879921155
91 0.0011366979785474292
92 0.0009932630597444302
93 0.0008526405909423064
94 0.0007145182627634948
95 0.0006129575408530581
96 0.0005368652689487461
97 0.0004562416907938093
98 0.0003849929063934975
99 0.0003318689188731227
100 0.00027811985322906044
101 0.0002568702750956232
102 0.00021921473758112337
103 0.00019452765632262353
104 0.00017374676256537373
105 0.00014937230005487398
106 0.0001226540219198116
107 0.00011687286879299919
108 9.843569691193681e-05
109 9.156082503399934e-05
110 8.062354065468688e-05
111 7.234243440193697e-05
112 6.468630627462453e-05
113 5.9373925021749596e-05
114 5.687394064631212e-05
115 5.593647189581211e-05
116 4.906158751849967e-05
117 4.609290314206219e-05
118 4.4217912516999694e-05
119 4.3905475016499714e-05
120 4.6092906266999656e-05
121 4.796788126762468e-05
122 4.859286876824968e-05
123 4.7655359392812186e-05
124 5.2030312519374645e-05
125 4.874914376762466e-05
126 5.437399377037462e-05
127 4.937409689318718e-05
128 5.9686418771874603e-05
129 6.499880002462453e-05
130 6.952997190118703e-05
131 7.468610940318692e-05
132 8.140479690456195e-05
133 9.640446566118681e-05
134 0.00010249813753799928
135 0.00011421665316781165
136 0.00012999763129837403
137 0.00016202823131112386
138 0.00017671546256674866
139 0.00020530870320193596
140 0.00022937080633562322
141 0.0002731199813519982
142 0.0003039006844879353
143 0.0003557747032574348
144 0.00041796110640599687
145 0.000469991472048559
146 0.0005790518627167457
147 0.0006582692564947451
148 0.0007549862377802447
149 0.000890296222206056
150 0.0010356061253849924
151 0.001206853003572554
152 0.0013887247130148646
153 0.0016055955974721753
154 0.001881684450698486
155 0.0021401172039196715
156 0.0025133913728107946
157 0.00283869816980548
158 0.0032521280293340378
159 0.0036889950513700983
160 0.00414586176404247
161 0.00470897619550384
162 0.005255841439457337
163 0.0059223913709582085
164 0.006611285174339137
165 0.007272054496455068
166 0.007950792043587625
167 0.008771245593892123
168 0.009462170734768058
169 0.010253718319446235
170 0.0108990188853133
171 0.011619787285576288
172 0.012421022942119407
173 0.012938982023562785
174 0.013502409323773654
175 0.01402302458959521
176 0.014337550470954585
177 0.014641920174192644
178 0.014884258580547023
179 0.015033318346225453
180 0.015037537361845143
181 0.014815666099265146
182 0.014788166952377458
183 0.014503329014768336
184 0.0140413055802299
185 0.013494909505022154
186 0.012933200864186098
187 0.012295712732695726
188 0.011737129038739478
189 0.010913393904062298
190 0.01014450190064573
191 0.009487326125406866
192 0.008767964412638246
193 0.008001728981097505
194 0.007211743033931319
195 0.006574254302452574
196 0.005863173977183832
197 0.005300996761346399
198 0.004744757067392152
199 0.004181486160927407
200 0.003672120391991911
201 0.0032386909637019757
202 0.0028035425697914788
203 0.0024566736196689827
204 0.0021590229851789207
205 0.0018627784131932364
206 0.0015995017255982383
207 0.0013746622973855533
208 0.0012035718160709286
209 0.0010299811503834925
210 0.0008898274690808687
211 0.0007688921346614325
212 0.0006523318158693076
213 0.0005693646408365581
214 0.0004759288314264965
215 0.00041280496890362206
216 0.00036171209388474734
217 0.00030983812511412267
218 0.0002546828688451231
219 0.00022718334383412325
220 0.00021030864070331097
221 0.00016405946881137374
222 0.00014405991255237398
223 0.00013109131567406155
224 0.0001173416000437492
225 0.00011093549691606173
226 9.781070316118684e-05
227 8.749841253274938e-05
228 7.781107815418693e-05
229 7.265493752699947e-05
230 6.7342496900062e-05
231 6.265510939856206e-05
232 4.874909689318718e-05
233 5.562400314568711e-05
234 4.953034064343716e-05
235 5.1405296894062144e-05
236 4.656163126762468e-05
237 4.796786564268719e-05
238 4.578043751674969e-05
239 4.9530334393437164e-05
240 4.42179437663747e-05
241 4.703041251712471e-05
242 4.906159064343714e-05
243 5.390524377012463e-05
244 5.82801750221246e-05
245 5.874893127187459e-05
246 6.562382502387454e-05
247 6.687377814968703e-05
248 7.827980627912443e-05
249 8.390473128149936e-05
250 8.687339378262441e-05
251 0.0001045293094144368
252 0.00010734180941431175
253 0.0001256227281715617
254 0.00015609088443406142
255 0.00016015342818331146
256 0.0001924965219466861
257 0.00021546480945456095
258 0.0002476516969673107
259 0.00027749487822881046
260 0.00033249395637262254
261 0.0003956177220223096
262 0.0004706164407993092
263 0.0005315527470729336
264 0.000631238440861058
265 0.0007398302815243696
266 0.0008279535784331818
267 0.0010009190284994303
268 0.0011462291098014287
269 0.0013043512879841155
270 0.0015116911661873015
271 0.0017382493037726742
272 0.002033556885129298
273 0.0023213637852395465
274 0.002689169613500731
275 0.002991976754236666
276 0.0033986880075132257
277 0.0038125866014195975
278 0.004258359751580343
279 0.004746944829886528
280 0.005194436420679835
281 0.0058011437740370176
282 0.006325509471103454
283 0.006836750140040698
284 0.0072565864026966995
285 0.007698765405993383
286 0.008117351709270313
287 0.008506875659418935
288 0.00883358860016137
289 0.009083115419000747
290 0.00925373724718943
291 0.009414984397253672
292 0.009407953231625996
293 0.009361703728486189
294 0.009288111759699682
295 0.009005148062724247
296 0.008762964959507439
297 0.008329691303102692
298 0.007991572868597502
299 0.007544237380927879
300 0.0071631506776618226
301 0.006622535814956952
302 0.006077857555389019
303 0.005666459011479892
304 0.0050431892987489015
305 0.004640540289224467
306 0.004135236751543346
307 0.00366852657949116
308 0.003258221763710601
309 0.0028740098854466677
310 0.002508235397809045
311 0.0021668354476807967
312 0.0018744970006987368
313 0.0015920022599656763
314 0.001370912297388178
315 0.0011498227566783664
316 0.000975450875362993
317 0.0008131102034258065
318 0.0006753000908769326
319 0.0005695208877116208
320 0.00047936622830355884
321 0.0003898366970183096
322 0.0003184317313687475
323 0.00027218258760062315
324 0.00022671461883387343
325 0.00019218404069606121
326 0.00014937228755549894
327 0.00011687286566831163
328 9.718573753587425e-05
329 7.984229065456191e-05
330 6.421755627399955e-05
331 5.406151564518715e-05
332 4.39054500159997e-05
333 3.8124300014374735e-05
334 2.890572501074982e-05
335 2.6249521884937313e-05
336 2.1249609382812368e-05
337 1.8437153132062365e-05
338 1.5312234380437386e-05
339 1.2499765629812403e-05
340 9.218578128562429e-06
341 7.812359378062444e-06
342 6.40612812743745e-06
343 5.781137502249954e-06
344 5.937403127187461e-06
345 5.156162501749966e-06
346 4.687412501749966e-06
347 3.7499312513749746e-06
348 3.906178126437473e-06
349 3.281193751249979e-06
350 2.968700000999981e-06
351 2.4999500009999805e-06
352 1.0937312503749926e-06
353 2.3437031259374816e-06
354 1.2499812503749926e-06
355 1.874962500749985e-06
356 2.031212500749985e-06
357 1.5624687506249875e-06
358 1.5624718755624888e-06
