0 1.0937312503749926e-06
1 1.40622500049999e-06
2 1.5624718755624888e-06
3 9.374843753124937e-07
4 1.7187218755624887e-06
5 1.7187281255624913e-06
6 1.0937312503749926e-06
7 2.031215625687486e-06
8 2.187462500749985e-06
9 1.5624687506249875e-06
10 2.812453125937482e-06
11 3.2811875012499763e-06
12 4.062421876562471e-06
13 4.218684376312474e-06
14 4.843665626687468e-06
15 4.843668751624969e-06
16 6.874875002499951e-06
17 4.687409376812464e-06
18 7.031125002624951e-06
19 6.874878127562451e-06
20 1.0937300003999916e-05
21 1.4531000004999895e-05
22 1.703094063131237e-05
23 2.187461875774987e-05
24 2.4062046884062338e-05
25 2.92182156358123e-05
26 3.437438126249978e-05
27 4.562418439181221e-05
28 5.703020627124961e-05
29 6.59363125239995e-05
30 7.95298687779994e-05
31 9.968571566093684e-05
32 0.00012077910941856164
33 0.00015452849380587393
34 0.00017765315318856123
35 0.00021733993445281093
36 0.0002651516094701857
37 0.00030780701261112287
38 0.0003751496251352473
39 0.00044592948453768425
40 0.0005382716095709337
41 0.0005976456252167455
42 0.0006959251346264325
43 0.0008137355940432443
44 0.0009534205315946187
45 0.0011118551504034923
46 0.0012427902379514907
47 0.001453880169278864
48 0.0016091900943332382
49 0.0017923117131512373
50 0.0019902768194743617
51 0.0022119917320511085
52 0.0023977697383706083
53 0.002580422860310169
54 0.0028016688072653546
55 0.003004477832334728
56 0.0032160362636687277
57 0.0033636897199731
58 0.0035652484981726616
59 0.0037547767044879094
60 0.00386883712327791
61 0.003954148226435722
62 0.00411867634524847
63 0.0042339869609141585
64 0.004231642820291222
65 0.004322266482820092
66 0.004280236214050467
67 0.004328516335947534
68 0.004280548407804719
69 0.004261955182795344
70 0.004180081467144284
71 0.004129613679623284
72 0.004027897048331534
73 0.0038757120045292857
74 0.003730089588853597
75 0.0035958733419281614
76 0.003456344363758601
77 0.0032450982980530402
78 0.0030726012354945396
79 0.00285073062602873
80 0.0027190141384834813
81 0.0025263609290461704
82 0.002333395850845983
83 0.002192460891418421
84 0.0020207449788615483
85 0.0018421547225407995
86 0.001684188703735425
87 0.0015157542255507398
88 0.0014193497755138648
89 0.0012979454629722408
90 0.0011793539754273669
91 0.0011107612254073673
92 0.000952014119097118
93 0.0008907654221973066
94 0.0008198292284191822
95 0.0007290494721404323
96 0.0006435823502321205
97 0.0006038954564688709
98 0.000547177750198871
99 0.0005123346376857464
100 0.0004573355657916845
101 0.000414680075150747
102 0.0003781181595133096
103 0.00036999348450730997
104 0.0003259317094938101
105 0.00030218209073468535
106 0.00026983890634799806
107 0.00026015163446906076
108 0.0002454642657153107
109 0.00022452716570718582
110 0.0002051525719503111
111 0.0001923403250692487
112 0.00018390297194156123
113 0.0001804655063159987
114 0.00017030944381137383
115 0.00016155964068368636
116 0.00015687220943193627
117 0.00015405978443081141
118 0.00015280974068081142
119 0.00014484110942843636
120 0.00014265371880149905
121 0.00014015378442506154
122 0.00014671611255299898
123 0.00014655983442881144
124 0.00014859112505337393
125 0.00015280972818118634
126 0.00016062214380862386
127 0.0001629657938098738
128 0.0001890591125688735
129 0.0001957778094450611
130 0.00020843380945018605
131 0.00020999627507562355
132 0.00024015193446256077
133 0.0002681202094728106
134 0.0002878073563546228
135 0.0003206192626168727
136 0.0003592122938812473
137 0.00038264940013887233
138 0.00043952343453418466
139 0.0004937411126799968
140 0.0005642087783283083
141 0.0006159265252233708
142 0.000697175115876933
143 0.000800923253414557
144 0.000907952462829993
145 0.0010246692128732429
146 0.0011770102785533042
147 0.0013535696629899904
148 0.0015368477911789262
149 0.0017618436193902376
150 0.0020193390069813606
151 0.0022908967477035455
152 0.0026197968915760424
153 0.002956822129198917
154 0.003337284294958725
155 0.003819931629515159
156 0.004301173382811595
157 0.004820382539253213
158 0.005394434948830276
159 0.006002393095928584
160 0.006786910661829765
161 0.007481741805834263
162 0.008251884112369755
163 0.009113744190803312
164 0.010028102753629298
165 0.010938086072720794
166 0.011881194926171979
167 0.012844771254653647
168 0.013903502005048522
169 0.014772705089739957
170 0.015681596099424887
171 0.016475956371595067
172 0.017372190618795504
173 0.018147800719095747
174 0.01892653799748355
175 0.01953105839145405
176 0.020039174260394543
177 0.020428230051151106
178 0.020730881391878172
179 0.020753693282520972
180 0.02079462971066479
181 0.020658226204364787
182 0.020332919088625605
183 0.020008550397865428
184 0.019514339803947053
185 0.018886382600598862
186 0.01838092188792374
187 0.017449533225070125
188 0.016663140765419814
189 0.0157405007838337
190 0.014790205492862137
191 0.013811004523750026
192 0.012942738023442531
193 0.01193588106682892
194 0.01099042920398367
195 0.010057320659899425
196 0.009118587215810933
197 0.008380476262407382
198 0.007535803552729574
199 0.006701599352433699
200 0.006060985592823142
201 0.005377872901949337
202 0.004804758398615779
203 0.004258517917167157
204 0.0038275878513939735
205 0.00336369036684229
206 0.0029668223010748548
207 0.0026465152540850454
208 0.002271053225823484
209 0.0019963706007254866
210 0.0017676247412670497
211 0.0015507537036879265
212 0.0013334136942333655
213 0.0012070096910640545
214 0.0010282628878736178
215 0.0009145149659551804
216 0.0007940483534124317
217 0.0007010812408793075
218 0.0006037392408446833
219 0.0005562401002023711
220 0.0004924911814292465
221 0.00044249220953393437
222 0.0003846806501397473
223 0.0003490563438753724
224 0.00031546313448956037
225 0.0002818699594780605
226 0.0002639015782200606
227 0.00023640205008524824
228 0.00022358974383074833
229 0.00020859009069968608
230 0.00019890273132199863
231 0.00017515312193893613
232 0.00016812198443581135
233 0.0001631221125586239
234 0.00015546600630587392
235 0.00015030983442943646
236 0.00014327869067706146
237 0.000143434993801499
238 0.00014468494067718652
239 0.00014062248755049907
240 0.00013781004692493647
241 0.00013968497192606152
242 0.00014687236567818647
243 0.00016171588130812388
244 0.00015921594380724892
245 0.00017655936256337376
246 0.0001715594750618737
247 0.00017405946256187388
248 0.0001979652656969361
249 0.0002106211750774984
250 0.000214527409452561
251 0.00023562079383587325
252 0.0002482768282148107
253 0.00028265123760224796
254 0.00030421330323531046
255 0.0003373377938714977
256 0.00036671220638274753
257 0.00037983704076230987
258 0.0004454607720364344
259 0.00047874150017362157
260 0.0004935848501808716
261 0.0005537401752009962
262 0.0006038955189689958
263 0.0006781128502481201
264 0.0007259247627594949
265 0.0007985795190396196
266 0.0008874843003196188
267 0.0009735765472245556
268 0.0010895118628947425
269 0.0011685729722980542
270 0.0012796649035864281
271 0.001428724647392177
272 0.0015620034943158651
273 0.0016734079756033629
274 0.00185590449129655
275 0.0020323077132347366
276 0.0021138686413920476
277 0.00236261428835511
278 0.0025340174134202316
279 0.0027110456228571674
280 0.0028916674166689174
281 0.003018071616713166
282 0.00322994259804279
283 0.0034188453074876007
284 0.003582749041919035
285 0.0037054030200903486
286 0.003862587338900223
287 0.00394508600455491
288 0.004106020629613785
289 0.004162426220253846
290 0.004213206123404906
291 0.004345234926576343
292 0.004296173660928405
293 0.004283829810932282
294 0.004257268026541596
295 0.004250237154662657
296 0.004186019132769096
297 0.004147739242118034
298 0.004038990604589034
299 0.003854619001396099
300 0.003715402916964787
301 0.0035947800794195388
302 0.003375721491841289
303 0.0032365047980492884
304 0.003007134497957291
305 0.002838855744779107
306 0.002582922794687233
307 0.0023933949696164835
308 0.002189961253912922
309 0.001968402613211485
310 0.0017988741475280497
311 0.001629189788090239
312 0.0014343493317748649
313 0.001267477397335928
314 0.0011132613254051175
315 0.0009740451847275553
316 0.0008198291877971191
317 0.0007171747190099951
318 0.0006256139752257458
319 0.0005346781220668088
320 0.00044514827203643426
321 0.00037468081888549713
322 0.0003139006313643727
323 0.0002614016219690608
324 0.00021405869695306103
325 0.00018499664069306112
326 0.00015155981567968634
327 0.00011890414379262424
328 9.702955940981184e-05
329 8.26547812797494e-05
330 6.65612875243745e-05
331 5.343653751962466e-05
332 4.7186681266874706e-05
333 3.765556563881224e-05
334 2.953073438556232e-05
335 2.4062062508999846e-05
336 2.1718350008124844e-05
337 2.0155878132437356e-05
338 1.3593496880062393e-05
339 1.2812275004624904e-05
340 9.843568753624923e-06
341 7.031118752624947e-06
342 5.781143752124958e-06
343 5.15615000199996e-06
344 4.999921876562469e-06
345 3.593681251374974e-06
346 4.84367187656247e-06
347 3.124943751124979e-06
348 2.656203125937482e-06
349 2.812453125937482e-06
350 1.8749687506249875e-06
351 1.7187156256874862e-06
352 1.4062218755624888e-06
353 2.1874656256874866e-06
354 2.3437062508749826e-06
355 1.0937281254374913e-06
356 1.56247500049999e-06
357 1.0937281254374913e-06
358 2.031215625687486e-06
