0 3.124937501249975e-07
1 3.124937501249975e-07
2 6.24987500249995e-07
3 9.374812503749925e-07
4 1.0937281254374913e-06
5 3.124937501249975e-07
6 7.81237500249995e-07
7 6.24987500249995e-07
8 9.374812503749925e-07
9 3.124937501249975e-07
10 1.0937312503749926e-06
11 1.5624687506249875e-06
12 1.0937281254374913e-06
13 1.7187187506249875e-06
14 1.4062218755624888e-06
15 1.7187156256874862e-06
16 1.7187156256874862e-06
17 1.7187156256874862e-06
18 2.656196876062479e-06
19 4.218665626687468e-06
20 3.749925001499972e-06
21 6.249875002499949e-06
22 5.156146877062459e-06
23 6.562375002499948e-06
24 7.65610312793744e-06
25 1.24997562548749e-05
26 1.2031015629687401e-05
27 1.4530965630687378e-05
28 1.8280893757124853e-05
29 2.1249584383312346e-05
30 2.8124453135937302e-05
31 3.890550001499972e-05
32 4.046796251574971e-05
33 5.265520627087461e-05
34 6.952990002699945e-05
35 8.406085628287435e-05
36 0.00010234174691506168
37 0.00012656000942481155
38 0.0001515595313093738
39 0.00019218373132537354
40 0.0002364016469670607
41 0.00028874436886262264
42 0.00036186794076618466
43 0.0004287416064178715
44 0.0005296771658316832
45 0.0006526434783804325
46 0.0007920157378102439
47 0.0009229506847363051
48 0.0011152906879362413
49 0.0013424737192756146
50 0.0016049686443771127
51 0.0019068378257434855
52 0.002231831275874483
53 0.0025976054447661052
54 0.0029869728480430395
55 0.003478681970110598
56 0.003996953176561471
57 0.004561004608032837
58 0.005144743108262834
59 0.005733169089743205
60 0.006412218296259075
61 0.0070067378652426925
62 0.0076586001467470665
63 0.008334055656386874
64 0.009046229378537426
65 0.009590906069378612
66 0.010160582788344235
67 0.010816663126112479
68 0.011253529773154533
69 0.011568367651396974
70 0.011936641214050721
71 0.012118512935991284
72 0.01223116684541309
73 0.012166793223510528
74 0.012147731117252654
75 0.01200632758907322
76 0.011701802307703846
77 0.01133680932943841
78 0.011020722013684727
79 0.01042713971658067
80 0.009982148669526602
81 0.009411690794309114
82 0.008879201412846748
83 0.008268275884482309
84 0.007723286431146381
85 0.007157047543424132
86 0.006576590421316575
87 0.006003007552348952
88 0.005498329989650205
89 0.005046464033219336
90 0.004564598267409654
91 0.00408913886409772
92 0.0037107086327023454
93 0.0033113415294194113
94 0.002964785763659725
95 0.0026340109604057914
96 0.0023696411915511695
97 0.002111833716450671
98 0.0018918379851152979
99 0.0016482491225175498
100 0.0014987207005859881
101 0.00131013058801324
102 0.0011346653910671784
103 0.0010335735566538668
104 0.0009029510128547427
105 0.0008185777753194938
106 0.0007090486284024321
107 0.0006370188127487448
108 0.0005673327002209955
109 0.0005129587377002459
110 0.0004743657314353712
111 0.0004159293626627467
112 0.00039577353765424695
113 0.00034921191888662227
114 0.0003201500063748724
115 0.0003031190626187477
116 0.00027483836573268525
117 0.0002628073626027479
118 0.0002490576438471231
119 0.00023374544696606073
120 0.00023171422821543567
121 0.0002115583657076859
122 0.0002157770094598109
123 0.00022062071883562333
124 0.00020858967195656083
125 0.00021093337508249824
126 0.0002192144532109358
127 0.00021218335633287338
128 0.00022905804383912317
129 0.00023593291884162326
130 0.00024077650946981058
131 0.0002631198969770604
132 0.00027718211260774784
133 0.00029343177198956025
134 0.00031030644387112247
135 0.00034874323138537233
136 0.000371242768894622
137 0.0004056170782834344
138 0.00045155374392512153
139 0.0004838967970640588
140 0.0005267084877052461
141 0.0006093631064878703
142 0.0006820179596408073
143 0.0007612351221725564
144 0.0008477959909551809
145 0.0009520127066208677
146 0.0010627917347903043
147 0.0011881018379632407
148 0.001322786738015239
149 0.0015055957005859883
150 0.0016777797756544874
151 0.001856370013224736
152 0.0021148025164496706
153 0.0023847972259304806
154 0.002643542219780603
155 0.002967598260534791
156 0.003244311691891163
157 0.0036455537795494096
158 0.004014921645317092
159 0.004433663642352154
160 0.0048339681800114
161 0.005280365842683144
162 0.005734263130362391
163 0.006272377446201074
164 0.006774867808893822
165 0.007239389909076821
166 0.00782719108742825
167 0.008350618428256436
168 0.00881451570656087
169 0.009312630778634427
170 0.009880119816353677
171 0.01033511097590548
172 0.010715572097933043
173 0.011087908548079041
174 0.011358840910681787
175 0.011729771098328044
176 0.011980860095298092
177 0.012153669135992284
178 0.012240542326653465
179 0.012233823826648466
180 0.012233355161021786
181 0.012137732145357094
182 0.012041640079698402
183 0.011779613873347526
184 0.011495556845113093
185 0.011161813848098043
186 0.010794633301083975
187 0.010336986038404232
188 0.009924962772619547
189 0.009365129859902796
190 0.008893576456595869
191 0.008277963721975565
192 0.00779062921241575
193 0.007226421496570069
194 0.006756743124512509
195 0.006193160349293012
196 0.0057331693928621445
197 0.0052445851489220235
198 0.004711626708090839
199 0.0043506963860722786
200 0.003912267614022721
201 0.0035658678763924746
202 0.0031785317106157876
203 0.0028221325135997285
204 0.0024857328103437934
205 0.002266674535259295
206 0.0019912111320273588
207 0.0017213726850462993
208 0.0015123143037139256
209 0.0013545047974040524
210 0.0012413820567338653
211 0.0010540419160366796
212 0.0009276381909861798
213 0.0008232652190706186
214 0.0007376418690376189
215 0.000649518553378932
216 0.0005670201845963082
217 0.0004892092408151838
218 0.00045889725955480885
219 0.00040186719703105936
220 0.0003515556376372473
221 0.0003184313063738726
222 0.00027718209385812294
223 0.00025405755634887303
224 0.0002223394032119358
225 0.00021577704070918578
226 0.00019468370320093595
227 0.00017874651569468612
228 0.00017562156881862362
229 0.00014859085005799886
230 0.00014890333755824888
231 0.00014015353130437388
232 0.00014312222193056141
233 0.00013374737817743647
234 0.00011781021879562413
235 0.0001235913281734366
236 0.00011765394379612406
237 0.0001212476344223116
238 0.00011859142192156164
239 0.00012937250317493655
240 0.00012202885629787408
241 0.00013218490942681148
242 0.00014452844068118636
243 0.00014577838443231126
244 0.00015187204068418632
245 0.000178746509444811
246 0.00018077770632087358
247 0.00019812113757724853
248 0.00020655848445531085
249 0.00022577681258874828
250 0.00025905744697606053
251 0.00028249449073518523
252 0.0003024940782434351
253 0.0003409308470080597
254 0.000394054793904122
255 0.00042436668766624705
256 0.0004623346908061838
257 0.0005287396533319332
258 0.0006204565939931202
259 0.00065326844400612
260 0.0007426416502919945
261 0.0008668580503389931
262 0.0009460752159956801
263 0.0010785728129187415
264 0.0011874767817143658
265 0.001339036359897802
266 0.0015360637349753016
267 0.0016941855819133625
268 0.0018862131851112981
269 0.0020721469320613573
270 0.002299798750899983
271 0.0025802620760084793
272 0.002818694944851104
273 0.0030849397137057252
274 0.003359465588813224
275 0.003604304410786784
276 0.0038999238515229715
277 0.004130700526614468
278 0.004411476407971841
279 0.004725376514344712
280 0.004964121801938959
281 0.005218804348913022
282 0.005435518758374834
283 0.00556582873342533
284 0.005702857364727707
285 0.005851135574163517
286 0.005898634764804703
287 0.00593144668044139
288 0.00597472714295714
289 0.005901603430431391
290 0.005821917655396892
291 0.005775199702255953
292 0.005642858520954579
293 0.005456143292759143
294 0.005218491880162399
295 0.005007245861332776
296 0.004741782364352715
297 0.004504755786134279
298 0.004263510357917843
299 0.003902267482775343
300 0.003634616542044159
301 0.0033758716263174735
302 0.003020722229305413
303 0.0027415089604457916
304 0.002466826854087919
305 0.002214019269614608
306 0.0019699615570188595
307 0.0017560594100617989
308 0.0015112204568408633
309 0.0013477861786514269
310 0.0011704458942071163
311 0.0009699809785054302
312 0.0008446709659556805
313 0.0007201421752814944
314 0.000607019378362433
315 0.0005128025283244336
316 0.0004331165407941843
317 0.0003578055438891223
318 0.0003131188688726225
319 0.00025327630947381054
320 0.00020593350632987348
321 0.00017234041569168614
322 0.00014359096568068637
323 0.00011093533129337422
324 9.562312503749926e-05
325 8.312339378212436e-05
326 6.390499065018698e-05
327 5.0311518769624636e-05
328 4.4061634392312164e-05
329 3.5780553138937234e-05
330 2.8280700010999805e-05
331 2.4062034384312327e-05
332 1.8280896882062353e-05
333 1.843714375712486e-05
334 1.328099063018739e-05
335 1.124978437931241e-05
336 8.749828128437429e-06
337 6.249881252374952e-06
338 5.937384377312453e-06
339 5.468643752124958e-06
340 4.687409376812464e-06
341 4.531159376812464e-06
342 3.437431251374974e-06
343 3.5936781264374727e-06
344 2.968693751124979e-06
345 2.1874562508749826e-06
346 1.5624687506249875e-06
347 1.0937281254374913e-06
348 2.0312093758124837e-06
349 1.4062218755624888e-06
350 7.812343753124938e-07
351 7.812343753124938e-07
352 9.374812503749925e-07
353 9.374812503749925e-07
354 7.81237500249995e-07
355 4.687406251874963e-07
356 4.687406251874963e-07
357 0.0
358 4.687406251874963e-07
