0 1.4062218755624888e-06
1 6.24987500249995e-07
2 1.2499781254374913e-06
3 1.40622500049999e-06
4 2.1874562508749826e-06
5 1.40622500049999e-06
6 2.8124531259374824e-06
7 7.812343753124938e-07
8 1.7187187506249875e-06
9 2.3437031259374816e-06
10 3.593681251374974e-06
11 2.6561968760624795e-06
12 2.812446876062479e-06
13 3.7499250014999716e-06
14 2.968690626187477e-06
15 5.156153126937462e-06
16 6.24987812743745e-06
17 7.499850002999938e-06
18 9.374818753624925e-06
19 1.1562278129437406e-05
20 1.2343506254874897e-05
21 1.0937300003999916e-05
22 1.515596875562488e-05
23 2.0624600007999853e-05
24 2.2030828133437348e-05
25 2.9686946886062306e-05
26 3.593679688906223e-05
27 4.703034376812465e-05
28 5.343647814543712e-05
29 6.249879064918704e-05
30 7.327982815343693e-05
31 9.624813753724931e-05
32 0.00011843522192056161
33 0.00014046603130437403
34 0.00017515289069218614
35 0.0002018710938281233
36 0.00023593294071618567
37 0.0002960881094878103
38 0.0003634304688906223
39 0.0004120233501579969
40 0.0005026465845683087
41 0.0005807700845983082
42 0.0006809243221385577
43 0.0007851411596768068
44 0.0009231072753544926
45 0.0010698231879112414
46 0.0012020082254604906
47 0.0013690361286524276
48 0.001542470363092737
49 0.0017157482694096123
50 0.0019185568288634229
51 0.0021277715039449206
52 0.0023141742040159196
53 0.0024982332665846687
54 0.002732291332298353
55 0.0029343184323813534
56 0.0031325959574558505
57 0.0032955615043949137
58 0.0034554023700775977
59 0.0036255552170206596
60 0.0037519592420651583
61 0.003842269898352032
62 0.00401242277654447
63 0.0040680467328153445
64 0.004148826529719403
65 0.004188513182861343
66 0.004159451229725404
67 0.0041542951109727775
68 0.004180232204730905
69 0.004097733707825844
70 0.004018047748420031
71 0.003959611182776344
72 0.0038841440296194085
73 0.0036891479170416594
74 0.003536963120112597
75 0.003471339526334474
76 0.0032722808168836647
77 0.003136189594958102
78 0.002930412473000541
79 0.002774477857317853
80 0.002591668816623667
81 0.0024188597290554187
82 0.002253862825868481
83 0.002107615666436672
84 0.0019327753226185485
85 0.001772778444431111
86 0.0016407497131307378
87 0.0014921587849493015
88 0.001353411472395551
89 0.0012702881129877405
90 0.0011693525535739287
91 0.001055917206655867
92 0.0009715438191236168
93 0.000874202019084618
94 0.0008070157846843057
95 0.000748266869037619
96 0.0006787369065118704
97 0.0006163944096118076
98 0.0005512394033369333
99 0.0005165525751984958
100 0.0004649911033029342
101 0.0004326479314163717
102 0.0003856176032729346
103 0.00035952435638787213
104 0.0003313998688776224
105 0.0003110877563698728
106 0.00027843215948181036
107 0.00025233894072118553
108 0.00024155783759324814
109 0.0002254644125867482
110 0.00022124575320993587
111 0.00020499607195356102
112 0.00019265254694906107
113 0.00016968423444031126
114 0.0001659343250634987
115 0.00016952799069018624
116 0.00015077835005799882
117 0.00015249705943381136
118 0.00015030958130837383
119 0.00014546596255574884
120 0.00013577865942681141
121 0.0001442159719305614
122 0.00015234084380812387
123 0.00015249711880762387
124 0.00015484077193456144
125 0.00014812215318193642
126 0.0001651530844383112
127 0.00016937177818943626
128 0.00018609015319693604
129 0.00019187132194856102
130 0.00020015238132737348
131 0.00021702711570768584
132 0.0002312455688386233
133 0.0002826507876092479
134 0.00029421311573768515
135 0.00031968135637287266
136 0.0003496807938841224
137 0.00039139877514949694
138 0.0004356166189176217
139 0.0004915530251894963
140 0.0005548330908381835
141 0.0006324878096188076
142 0.0007173299877752448
143 0.0008065470034349317
144 0.0009135762441001175
145 0.0010743543847873043
146 0.0011885708754574911
147 0.0013580989411461771
148 0.001549813959970801
149 0.0017802783381832368
150 0.0020062114663956724
151 0.0023015182196356077
152 0.002636668104137918
153 0.0030413477480450393
154 0.003394622223180537
155 0.0038846127046209085
156 0.004328510657911841
157 0.0049375612643997105
158 0.005489894720855581
159 0.0061439443523629515
160 0.006875649230765386
161 0.007625166096678068
162 0.008479680922006563
163 0.009236541216050678
164 0.010147773638277237
165 0.011065725016749671
166 0.011998207238980218
167 0.013090060733160328
168 0.014077854249165016
169 0.014898463361982766
170 0.015902975996730063
171 0.016882800781484377
172 0.01760934881927361
173 0.018404177678946428
174 0.019136351041729168
175 0.019763995113847726
176 0.02026851623592529
177 0.020578823579778402
178 0.020878505398642028
179 0.02097397165181697
180 0.021049126954960886
181 0.020827724601757965
182 0.0205296056391372
183 0.020240548554653903
184 0.019845555826383462
185 0.019094320513589728
186 0.01852386303211436
187 0.017596536934886307
188 0.0168576448252285
189 0.015911256721740565
190 0.014924244546359072
191 0.01398191890224696
192 0.012977563129987409
193 0.01215539137654747
194 0.011059162557373851
195 0.010143086313273734
196 0.009342008016089675
197 0.008466087222005559
198 0.007603135177921439
199 0.006898773427656446
200 0.006158475508614826
201 0.005498331855237896
202 0.0049300616362672744
203 0.004346947654796904
204 0.0038641444358612827
205 0.0033804037356752886
206 0.0029802550792734145
207 0.0026326055822633544
208 0.002312299350887982
209 0.002036210913281735
210 0.001801059166316674
211 0.0015777821381072385
212 0.0013734111474020525
213 0.0012124767379652404
214 0.00104388630352393
215 0.0009115449191016178
216 0.0008120156690616193
217 0.0007148299471510571
218 0.0006384252689946204
219 0.0005757701470970584
220 0.0004884281095628088
221 0.00042233560016299664
222 0.0003896800251494972
223 0.0003710865845183098
224 0.0003128065126197476
225 0.00029640055948881026
226 0.0002648386751014981
227 0.000250620187596248
228 0.00021280839695706085
229 0.000206714834453311
230 0.00019202753757424854
231 0.00018437145007099863
232 0.00016312184381312382
233 0.00015577824068518624
234 0.0001667155250644988
235 0.00015046586568268641
236 0.00014765341568168634
237 0.0001535907906841863
238 0.00014202854067918644
239 0.0001509345969330613
240 0.00015343453130937384
241 0.00014234102817943636
242 0.0001520283250584988
243 0.00015405954693406123
244 0.0001560907625597488
245 0.00016843425631487372
246 0.00018280900631987356
247 0.00019234003444931102
248 0.00019437124695006105
249 0.00022218325008499837
250 0.00022671433758824822
251 0.00024593279696906065
252 0.00026561989385212283
253 0.0002921819282364352
254 0.00030499413449231025
255 0.00033280609075318497
256 0.0003724928626427471
257 0.0004187419532859342
258 0.0004338978657926843
259 0.00046514734080318397
260 0.0005112402126957463
261 0.0005557705002149959
262 0.0006153006158626827
263 0.0006513937783744329
264 0.0007429545471590573
265 0.0007920160034299316
266 0.000876233109712806
267 0.0009551379316163676
268 0.0010509172597798048
269 0.0011401344285614286
270 0.0012477886004779906
271 0.0014045041974160525
272 0.001516689641207176
273 0.0016391872912541756
274 0.0017993404538159247
275 0.0019466811851262976
276 0.0021283966508169852
277 0.002255581569618607
278 0.0024129223696776054
279 0.0026035436822513555
280 0.0027786967885642267
281 0.0029440057980090403
282 0.0031140025730735394
283 0.003304311498145038
284 0.0034829019075868486
285 0.0036213366826413486
286 0.0037313345139347214
287 0.0038877376577468453
288 0.003972111114027721
289 0.0040764843765624705
290 0.004141795432841345
291 0.004198044232865344
292 0.004234918557878844
293 0.004192732067233655
294 0.004165076067228656
295 0.004158982432851343
296 0.00408070275156997
297 0.004023360229670408
298 0.0039314867515149714
299 0.003783677242080159
300 0.0036272741951410975
301 0.00348274547946541
302 0.003337748366907662
303 0.003145252248080038
304 0.0029596306698866028
305 0.002750884657306854
306 0.002512295538464232
307 0.00232401790401692
308 0.002099647060183797
309 0.0019163693476130484
310 0.001724498206910862
311 0.0015459078068438628
312 0.001369192378652426
313 0.00122372648797024
314 0.001072948137912242
315 0.0009448256316123681
316 0.0008309215003199937
317 0.0006985802908941822
318 0.0005767077533449334
319 0.0004879594001869962
320 0.00041530454078418443
321 0.00036921167514149733
322 0.00030280670636587267
323 0.00025374512822243564
324 0.0002153083657076858
325 0.00016234058756324878
326 0.0001482784000569989
327 0.00011593527191956164
328 9.46856562868743e-05
329 7.484232190356195e-05
330 6.249878752424952e-05
331 5.437396877062461e-05
332 4.296792814143718e-05
333 3.281185626287475e-05
334 2.9530681261374808e-05
335 2.328080313393734e-05
336 2.1249581258374843e-05
337 1.3437250004999892e-05
338 1.4062228130437384e-05
339 1.0156053128937418e-05
340 9.062325003499928e-06
341 7.65610000299994e-06
342 8.437340628187434e-06
343 4.687412501749966e-06
344 3.5936812513749733e-06
345 3.2811843763124752e-06
346 4.062425001499971e-06
347 2.499953125937482e-06
348 2.343706250874983e-06
349 2.4999500009999805e-06
350 1.0937343753124938e-06
351 2.343706250874983e-06
352 1.4062218755624888e-06
353 1.4062218755624888e-06
354 1.2499781254374913e-06
355 2.3437062508749826e-06
356 6.24987500249995e-07
357 9.374812503749925e-07
358 4.687406251874963e-07
