0 1.0937281254374913e-06
1 9.374812503749925e-07
2 9.374812503749925e-07
3 1.5624718755624888e-06
4 2.031212500749985e-06
5 9.374812503749925e-07
6 1.2499875003749951e-06
7 1.24997500049999e-06
8 6.24987500249995e-07
9 1.40622500049999e-06
10 1.874962500749985e-06
11 3.124943751124979e-06
12 2.9686906261874773e-06
13 2.968690626187477e-06
14 4.06242187656247e-06
15 5.937387502249956e-06
16 6.093631252374952e-06
17 7.499859377812444e-06
18 7.656103127937443e-06
19 1.0781046879187414e-05
20 9.843571878812426e-06
21 1.2656018754624902e-05
22 1.765590938193736e-05
23 1.8749656257124875e-05
24 2.9686940636312314e-05
25 3.9999240640562226e-05
26 3.640558126349977e-05
27 6.062383752349955e-05
28 6.890496565093698e-05
29 7.749854690443694e-05
30 0.0001042168125399993
31 0.00012843505629949896
32 0.0001559345625599988
33 0.00020030867820256099
34 0.0002359330250909983
35 0.000281244668857873
36 0.0003492121501346224
37 0.00043452299079293425
38 0.0004995217658180588
39 0.0006043635564816207
40 0.0007206113721519327
41 0.0008188907159405565
42 0.0009596693472438056
43 0.0011195098348071785
44 0.0012676322692371153
45 0.0014477850443073634
46 0.0016816869037721738
47 0.001855120997590423
48 0.0021180850414391703
49 0.00233714334777392
50 0.002571826441613669
51 0.0028019784323251038
52 0.003038536366793289
53 0.003310093613773475
54 0.0035485269138619724
55 0.0037461793076882244
56 0.003999299204664783
57 0.004121797117210033
58 0.004351011467299028
59 0.004504289842357028
60 0.004668036973668026
61 0.004745066679944649
62 0.004815690114347088
63 0.004907251145633714
64 0.004979437245664961
65 0.00492490698313909
66 0.0049258445862660274
67 0.004899907376883337
68 0.004829752520606839
69 0.0047017862361789006
70 0.004653505745539465
71 0.0045269455923655265
72 0.004389135970433716
73 0.004225857470373848
74 0.004062266992187781
75 0.0038616455421105343
76 0.0036568055170342843
77 0.003457278423203786
78 0.0032783753481370383
79 0.003037442594918602
80 0.0028619769479769166
81 0.0027101049260411054
82 0.0024835466603327933
83 0.0023183937946387326
84 0.002127928513317734
85 0.0019227760288646728
86 0.0017826226350587994
87 0.001639812691255925
88 0.0014910655411980512
89 0.001358724484894677
90 0.0012423202942268656
91 0.0011224787566813668
92 0.0010174806566412421
93 0.0009412322503619929
94 0.0008498277222010561
95 0.0007651417846681817
96 0.0007204551784013068
97 0.0006412379314954953
98 0.0005818641189718707
99 0.0005213963720756834
100 0.00048452211581055877
101 0.0004274919595386843
102 0.0003967112376527471
103 0.00035468083451093487
104 0.0003289000376267473
105 0.00030811912511862264
106 0.00028640087510962276
107 0.00025358892509799795
108 0.00024046419384262318
109 0.00021155853133099836
110 0.0002092147500808734
111 0.000200621246951436
112 0.0001759341781923112
113 0.00016640306568943626
114 0.0001621844438122488
115 0.00015718455943518637
116 0.00014374724693043644
117 0.0001371849063024989
118 0.00013405993755199907
119 0.00013281004692556158
120 0.00012546638129824905
121 0.00012515386567331157
122 0.00012921627192481153
123 0.00013577866567756147
124 0.0001279663156743116
125 0.0001199977281711866
126 0.00013343495942631152
127 0.00014155982192906152
128 0.00014718472505662386
129 0.00014827846568181134
130 0.00015687200943531124
131 0.0001698405688144988
132 0.00018296529069506114
133 0.00019343386882374864
134 0.00022171453133574835
135 0.0002503077532213107
136 0.0002753072907308106
137 0.0002837446063598729
138 0.00032296266887299745
139 0.00035702445013762217
140 0.000393586368900372
141 0.0004440540845461841
142 0.0005129591376958709
143 0.0005754578470970583
144 0.0006681123502567452
145 0.000766079309668557
146 0.0008537338690779931
147 0.000983418878502555
148 0.0011623216316979912
149 0.001302475250501866
150 0.0015043464693289882
151 0.0017048115319057374
152 0.001970900363258235
153 0.002289956844627232
154 0.0025927634947483565
155 0.0029866622948984778
156 0.0034052482294317874
157 0.003880551682741345
158 0.004382417176682215
159 0.0050630291175725204
160 0.005737235324081769
161 0.006415659818095011
162 0.007231113465274696
163 0.008059847534349443
164 0.008927331094056874
165 0.009894656669425109
166 0.0109419804823296
167 0.011946336717094904
168 0.012966630001860593
169 0.014025984549142521
170 0.015071902487045758
171 0.01614235120620463
172 0.017140300912834368
173 0.017986534735040915
174 0.018849487338495848
175 0.019520569044996605
176 0.020127119417111903
177 0.020446488057865475
178 0.020871011817402283
179 0.020929135386173647
180 0.021005384411198147
181 0.020937573167418278
182 0.020435082135981265
183 0.020186024348383024
184 0.019571035795033984
185 0.018775270235341802
186 0.018013877935049424
187 0.017140144603463806
188 0.01617000721870775
189 0.015106120665179197
190 0.01401457863038615
191 0.012968660864363461
192 0.011981335788983097
193 0.01091026279794116
194 0.009872313713163985
195 0.008949362037812868
196 0.00799188024057582
197 0.007223457327776694
198 0.006455346668106763
199 0.005679423874059271
200 0.005078028805079649
201 0.004424135251699967
202 0.0038760203077410956
203 0.003421029204437413
204 0.003017286823032413
205 0.0026363565978845416
206 0.002247613757114108
207 0.001981681422635173
208 0.0017196548756611115
209 0.0014846595443206135
210 0.0012860693817449901
211 0.001105916625424242
212 0.0009995122441341178
213 0.0008513901628278686
214 0.0007543606752903692
215 0.0006562376471259328
216 0.0005846764658503084
217 0.0005124903970718086
218 0.0004431165970455591
219 0.00040233613765462207
220 0.00035889936888862227
221 0.0003106191594935601
222 0.00028093221573331035
223 0.0002601513157255604
224 0.00023562054696543564
225 0.00021937084070943578
226 0.00020249622820256102
227 0.00018343400319568613
228 0.00017046549694081122
229 0.0001559345594349363
230 0.00014734100318143645
231 0.00014359106880449895
232 0.00013281004067556155
233 0.00012171643442218658
234 0.00012671632817406155
235 0.00012327895629724912
236 0.00012234144692168666
237 0.00012468515004787403
238 0.00012624759379849907
239 0.0001239038906726866
240 0.00013140376880012403
241 0.0001348412031771865
242 0.00013765363442831143
243 0.00014171604067981144
244 0.00014624721568168644
245 0.00016749682506437375
246 0.00016890304069018636
247 0.00017187176569056123
248 0.00019046515007312354
249 0.00019655879070056093
250 0.00022296452821056099
251 0.00024077671884274818
252 0.0002521827282223106
253 0.0002824946344835603
254 0.00029811936886524776
255 0.0003343686501293725
256 0.00036093070013749716
257 0.00039733627515274714
258 0.0004476477782976843
259 0.00046905361580555876
260 0.0005242087283276836
261 0.0005817077033485581
262 0.0006468627877484955
263 0.0007043615971466822
264 0.000775141644047494
265 0.0008602961972059316
266 0.0009577944409918053
267 0.0010535737535295553
268 0.0011296662098081787
269 0.0012529449942321154
270 0.0013741926036546777
271 0.0014941905255737382
272 0.0016765307756458623
273 0.0017844974663132995
274 0.00193949451324536
275 0.002122928516440296
276 0.0022921441477579208
277 0.002472297054075168
278 0.002678699354154167
279 0.002861508363598102
280 0.003080410485558039
281 0.003269938223131787
282 0.0034282164856912867
283 0.0036775865201665956
284 0.003907426057751598
285 0.004040079876552592
286 0.004254763423509156
287 0.0043721048735547805
288 0.004535539489241093
289 0.004632725067403279
290 0.004767722483082464
291 0.004796471779968151
292 0.004919906870641087
293 0.0049642809550372756
294 0.004947250226902962
295 0.004979281058160211
296 0.0049280318487680275
297 0.0048702205206214615
298 0.004758659864331214
299 0.004649130989288216
300 0.004467103123591282
301 0.0043633548329283425
302 0.004143671776591094
303 0.004007892985911907
304 0.0037835221920809107
305 0.0035496202982412853
306 0.003274938085633787
307 0.003083535519933976
308 0.0028086969479547913
309 0.0026013569416271677
310 0.0023274559383984813
311 0.002118553641438796
312 0.0018938704726011739
313 0.0016587186350138004
314 0.001467315947439926
315 0.0012920068411201777
316 0.0011282598941844914
317 0.0009490445128654929
318 0.0008277968846928064
319 0.0007004554658950575
320 0.0006088946721104328
321 0.0004946780814406212
322 0.0004129609189093719
323 0.00035014962200980966
324 0.00028515085948381026
325 0.00024421410634387314
326 0.00018546523757149863
327 0.00015843451881049884
328 0.00013031004379987404
329 0.00010827918754212419
330 8.296721253212437e-05
331 6.5780015650312e-05
332 5.484274377074965e-05
333 4.2499218765999735e-05
334 3.671806563868724e-05
335 3.124940313706228e-05
336 2.4062034384437325e-05
337 1.640594375612487e-05
338 1.6718446881312372e-05
339 1.3124750005124893e-05
340 1.2499768754874901e-05
341 8.437343753124934e-06
342 7.812356253124944e-06
343 5.468656252124963e-06
344 3.7499281264374727e-06
345 1.7187156256874862e-06
346 3.281184376312475e-06
347 1.4062218755624888e-06
348 2.968693751124978e-06
349 2.0312093758124837e-06
350 2.187459375812484e-06
351 1.5624781254374913e-06
352 1.5624781255624913e-06
353 6.24987500249995e-07
354 1.5624687506249875e-06
355 1.0937281254374913e-06
356 1.4062218755624888e-06
357 1.24997500049999e-06
358 9.374812503749925e-07
