0 4.687406251874963e-07
1 1.0937281254374913e-06
2 2.187459375812484e-06
3 7.81237500249995e-07
4 1.5624718755624888e-06
5 7.812343753124938e-07
6 1.5624687506249875e-06
7 1.5624687506249875e-06
8 2.1874562508749826e-06
9 1.7187156256874862e-06
10 1.5624718755624888e-06
11 1.0937281254374913e-06
12 3.1249375012499763e-06
13 3.906178126437473e-06
14 3.437434376312475e-06
15 3.593681251374974e-06
16 5.937384377312453e-06
17 6.40612812743745e-06
18 5.156150001999961e-06
19 9.062318753624922e-06
20 1.1406031254374908e-05
21 1.140603437931241e-05
22 1.2968503129937395e-05
23 1.687467813143737e-05
24 2.3437053133937326e-05
25 2.4374531259374827e-05
26 3.312437188756227e-05
27 3.921799376512473e-05
28 4.796783751824967e-05
29 5.765514377212458e-05
30 7.281108440331191e-05
31 8.906085003299933e-05
32 0.00011062287504249915
33 0.00012937253129937404
34 0.00016359066568668627
35 0.00019874619695106103
36 0.00022765188133737338
37 0.00027452600635487293
38 0.00032999372512549757
39 0.00038202395952080976
40 0.0004590537376752466
41 0.0005396771752064958
42 0.0006337378721175577
43 0.0007457670409091817
44 0.000871233353457931
45 0.0010090432316353674
46 0.001134822228555429
47 0.0012935690536189275
48 0.0014741905005649883
49 0.00164387482250355
50 0.0018552771694566106
51 0.002014649107017859
52 0.0022354261571018584
53 0.0024058916040429184
54 0.0025897943509879807
55 0.0027880718479380406
56 0.0030382233261584774
57 0.003184001773089538
58 0.003320093023139537
59 0.0034825896919561624
60 0.003622743420131597
61 0.003772428145187096
62 0.003924768835873283
63 0.0038738322921041592
64 0.004048204123417532
65 0.00403211046716566
66 0.004044923107787847
67 0.004117108998445032
68 0.004101328157811844
69 0.0040685161921761555
70 0.003965705582763345
71 0.00388914448898522
72 0.00380461487957741
73 0.0037038354326663463
74 0.003617118523254536
75 0.0034486843450630992
76 0.003292437235630289
77 0.003117440351192974
78 0.002949318748000041
79 0.0027521349354262914
80 0.002629324719755605
81 0.0024635466978160433
82 0.0022938626071228583
83 0.002099647463300734
84 0.001964493885122298
85 0.0018080903756924858
86 0.0016677807662596742
87 0.0015290333599578007
88 0.0014116917849143012
89 0.0012704445254844905
90 0.0011723213816973658
91 0.0010516986785264301
92 0.000962169050368993
93 0.0008820144097118056
94 0.0007982660128047439
95 0.0007226424846503069
96 0.0006627998721275576
97 0.0006143633377332453
98 0.0005467082908341834
99 0.0005249899252014957
100 0.00046952224080518395
101 0.0004367104251664966
102 0.00039483625014999704
103 0.00035936815638687225
104 0.00033686865325193485
105 0.0003084317188656228
106 0.00028811947823543523
107 0.0002635886844763104
108 0.00024499532821843563
109 0.00023202678446431065
110 0.00022108951258474816
111 0.00019843369382612343
112 0.00018843388132237354
113 0.00017046551568968615
114 0.0001712467594398112
115 0.0001598407188106238
116 0.0001628093656876863
117 0.00016218440006199883
118 0.00015374705318393634
119 0.00015687196881062376
120 0.00014984088443231142
121 0.00014640346880562393
122 0.00015421577818443624
123 0.00015562201880962376
124 0.0001670280844383112
125 0.00016187194068618634
126 0.00016687180006399864
127 0.0001818715406941861
128 0.00018921516569668606
129 0.00020093369070118592
130 0.00022030828133437326
131 0.0002339017969640607
132 0.00025421391259674816
133 0.00026640110947781054
134 0.0003098378376182477
135 0.0003467121063828725
136 0.00037936775951980943
137 0.0004288980626637465
138 0.0004723347845543092
139 0.0005268649720755584
140 0.0006034260471040579
141 0.0006740496690066202
142 0.0007599856002879946
143 0.0008902955659636808
144 0.000997637194131118
145 0.0010906041379172414
146 0.0012679446629817398
147 0.0014579409068068636
148 0.0016791868662626751
149 0.0018818391194676113
150 0.0021440216508169844
151 0.00241432910404292
152 0.0027826031635617295
153 0.0031882205418391632
154 0.003573681920111598
155 0.0040339856984110325
156 0.004559913270484592
157 0.00516755798634027
158 0.005756140395942082
159 0.0064194087868242634
160 0.007170644530859386
161 0.00792578655614388
162 0.008743895915831683
163 0.00965247205680886
164 0.010464331644617108
165 0.011382439398087037
166 0.012330858685951284
167 0.013407088033239338
168 0.014294258839823203
169 0.015317208321458569
170 0.016248284149942005
171 0.01704748765337194
172 0.018087624350637994
173 0.01875198672276554
174 0.01948556622617548
175 0.0200922731701616
176 0.020484453417181647
177 0.020932100926731458
178 0.02126006376747465
179 0.021449122455050908
180 0.021239595045599087
181 0.021110847486175272
182 0.02086803982670347
183 0.020428829429661403
184 0.020001493407631854
185 0.01936634940738686
186 0.018697299866502676
187 0.017931845731835365
188 0.01698233267209656
189 0.016098286974885502
190 0.015158617440151193
191 0.014283790186696264
192 0.013327402161331768
193 0.012335546245325098
194 0.011360095791834172
195 0.010399020600837984
196 0.009474975641112177
197 0.008657647309553804
198 0.007812194843603128
199 0.007081427230830384
200 0.00628566156801864
201 0.005601299480260393
202 0.005087715695686087
203 0.00450413288296734
204 0.003978830551513972
205 0.003510245376342473
206 0.003107909563683728
207 0.002671355307268855
208 0.002417766388422231
209 0.0020690230445391086
210 0.0018488709788304226
211 0.0016202817006159879
212 0.0014237228880422388
213 0.0012457574786004276
214 0.0010727919285364296
215 0.00096607530349393
216 0.0008492025846983063
217 0.0007460795034099318
218 0.0006724871721315574
219 0.0005768640439691206
220 0.0005082715783184336
221 0.00047264721268074625
222 0.0004084297314053719
223 0.00036374300638987217
224 0.00032249380949881
225 0.00030765036886762256
226 0.0002674949344763105
227 0.00024077665946681067
228 0.00023296435321293568
229 0.00021218348133037338
230 0.00019671499070018596
231 0.00018484021257074863
232 0.00017562165631687372
233 0.0001628094219365613
234 0.00016265313131237378
235 0.00015234083443331137
236 0.00013452868130137396
237 0.0001415597781794364
238 0.00014937212818243634
239 0.00014218479380412397
240 0.00014484100630487388
241 0.00014124729692906141
242 0.00015702826255974877
243 0.0001454660094298113
244 0.00015999696568568626
245 0.00016874678443931106
246 0.00016843428756424877
247 0.00018609016569668614
248 0.00018859015632187356
249 0.00019983999070018597
250 0.0002101522563298735
251 0.00023030811258774827
252 0.0002459327875942482
253 0.00026499495010099804
254 0.0002787446407321854
255 0.00031515024699506003
256 0.0003296812063758724
257 0.0003596806501369972
258 0.00038921130014899695
259 0.00044249155641887163
260 0.000458584947051059
261 0.0004979592720645589
262 0.0005528018908371837
263 0.0006145195158596831
264 0.0006657686221275575
265 0.0007371735002799946
266 0.0008076408346833064
267 0.0008937328815923681
268 0.0009674816034929301
269 0.0010509174597758046
270 0.0011691965098198029
271 0.0012754444598608026
272 0.0013984107286604264
273 0.0015243459193316137
274 0.0016405937193756126
275 0.0017987156225625497
276 0.001918088438231236
277 0.0020810540101697974
278 0.0022499571164826706
279 0.002380423357157857
280 0.0025080770634587305
281 0.0026957298322783543
282 0.002866664147967041
283 0.0030066613136487254
284 0.003159939623082539
285 0.003291812166881661
286 0.003401653810673785
287 0.0035238390732185354
288 0.003600712723245536
289 0.0037574284420561588
290 0.0037969590389442223
291 0.003826020717085658
292 0.0037683655608137826
293 0.0038383642764644715
294 0.0037930528420681594
295 0.0037672719733105337
296 0.003769303132687346
297 0.0036416493701375966
298 0.003571494426361473
299 0.003463684057568848
300 0.003291499713755725
301 0.0031630647668296637
302 0.0029833807855092903
303 0.0028704140667186657
304 0.0026846364135217284
305 0.002536045229095417
306 0.0023038623196286073
307 0.0021168346351822967
308 0.0019409004382412351
309 0.0017609038694226119
310 0.0015809073568528625
311 0.0013773174724005528
312 0.0012259141098428033
313 0.0011257597035559295
314 0.0009793563378732426
315 0.000853733637827243
316 0.0007334234877802441
317 0.0006234256627367455
318 0.0005513957877092459
319 0.00043827290329193417
320 0.00038249267827143474
321 0.000327181253249935
322 0.00028436955010899777
323 0.00022233951570968576
324 0.0001874964188216237
325 0.00015062212193256146
326 0.00013062251567468654
327 0.00010156055941381175
328 8.624835628287436e-05
329 6.890493127637445e-05
330 6.234256877362456e-05
331 5.015528751924965e-05
332 3.499933751324975e-05
333 2.9218203135937305e-05
334 2.234334375812485e-05
335 2.3280803133937336e-05
336 1.6093456255874878e-05
337 1.4530968755624883e-05
338 1.2656009379812398e-05
339 9.687318753624927e-06
340 6.7186156276874456e-06
341 5.624887502249955e-06
342 6.24987812743745e-06
343 5.312393752124958e-06
344 4.687409376812465e-06
345 2.9687031259374815e-06
346 2.656203125937482e-06
347 3.437431251374974e-06
348 2.187459375812484e-06
349 2.9686937511249784e-06
350 1.24997500049999e-06
351 2.3437062508749826e-06
352 1.5624687506249875e-06
353 1.0937312503749926e-06
354 7.812343753124938e-07
355 7.812343753124938e-07
356 9.37487500249995e-07
357 1.56247500049999e-06
358 1.24997500049999e-06
