0 7.812343753124938e-07
1 1.7187218755624887e-06
2 1.24997500049999e-06
3 4.687406251874963e-07
4 1.0937312503749926e-06
5 7.812343753124938e-07
6 9.374843753124937e-07
7 1.8749656256874862e-06
8 1.7187156256874862e-06
9 1.8749656256874862e-06
10 1.5624718755624888e-06
11 2.3437031259374816e-06
12 2.968693751124979e-06
13 3.593681251374974e-06
14 3.4374375012499767e-06
15 4.999906251874964e-06
16 5.4686406271874566e-06
17 6.093646877062458e-06
18 9.99982812843743e-06
19 1.1562284379312408e-05
20 1.2187271879562404e-05
21 1.3593496880062393e-05
22 1.7030931256374872e-05
23 2.4999537509249826e-05
24 2.8124475010499807e-05
25 3.54681031379373e-05
26 4.421791876662472e-05
27 5.062408126837466e-05
28 6.437383752324957e-05
29 7.812355940381194e-05
30 0.0001006231500369993
31 0.0001254664281714366
32 0.000146091050053999
33 0.00018484034069318615
34 0.00022296464070718585
35 0.00025780771572068544
36 0.00031968159699306023
37 0.00038436789389212226
38 0.0004537416345423092
39 0.0005304589720705585
40 0.0006281134408561827
41 0.0007352989002719945
42 0.0008435782596848063
43 0.000985606875362493
44 0.0011081045629087413
45 0.0012557581629617405
46 0.0014045052286454265
47 0.0015757521599568006
48 0.0017380929318913615
49 0.0019369956444621106
50 0.0021376169257864845
51 0.0022904264320963573
52 0.002486204232165357
53 0.00267635698848523
54 0.002881665488565227
55 0.003060100047999041
56 0.003209940907431851
57 0.0033677506262374756
58 0.003542903354432911
59 0.003607433632577348
60 0.003727899929501409
61 0.0037914927170206616
62 0.003868522345178098
63 0.003950395757709847
64 0.003956645782709345
65 0.004019925948356031
66 0.003986332626472472
67 0.003971177060833784
68 0.003904771776439472
69 0.003860866570168597
70 0.0037318063044989107
71 0.0036680575575988483
72 0.003581965270069598
73 0.0034416554325163496
74 0.0033071267449651005
75 0.003209159544934101
76 0.0030205693667376666
77 0.002880102969815604
78 0.0027133874072518553
79 0.0025218284696806054
80 0.0023835498165036702
81 0.0022130841789414217
82 0.0020351186788764223
83 0.0018923091225675492
84 0.001731374485010299
85 0.001643563388107238
86 0.0014654417849143016
87 0.0013637248661276767
88 0.0012312274442011157
89 0.0011066983535329292
90 0.0010459182191356173
91 0.0009404515503439931
92 0.0008520155096898064
93 0.0007762356721615567
94 0.0007232678533929324
95 0.0006573316721165578
96 0.0005987389408461829
97 0.0005398337876992459
98 0.0004679600970480589
99 0.00044827301266474665
100 0.0004129611595268095
101 0.00037436809388812235
102 0.0003534309782554348
103 0.0003074943188636227
104 0.00028905716885662303
105 0.0002745261094778104
106 0.0002517140938431231
107 0.00023187072196056074
108 0.00020359001257474845
109 0.00019312147507049855
110 0.00019124651256974867
111 0.0001817153813173737
112 0.0001659344594358113
113 0.00016405948756024888
114 0.0001553096281824363
115 0.00015937206880862388
116 0.00013999742192656147
117 0.00013624745317593646
118 0.0001473409781804364
119 0.00013390380004899902
120 0.00014046612505249902
121 0.00014296612505249902
122 0.0001521847031809364
123 0.00014874726880462395
124 0.0001528096750564988
125 0.00015624709380812385
126 0.0001673406250624988
127 0.00017718420944081123
128 0.00018812151256974863
129 0.00020687112507749848
130 0.0002193709688306234
131 0.00024405799696506077
132 0.00026405763759724805
133 0.000275776200100998
134 0.0003014007563598728
135 0.00033499374387512253
136 0.0003817117720145597
137 0.00041467990015199704
138 0.000468897509549809
139 0.0005340526908211833
140 0.0005962391095928085
141 0.0006621753533679328
142 0.0007835792659146818
143 0.000856859134692306
144 0.0009854505441141176
145 0.0011206044597858046
146 0.0013093508223585523
147 0.001478097781794364
148 0.0016490320037349255
149 0.0018724654913151741
150 0.0021658975226745455
151 0.002481516766539669
152 0.002832760379167417
153 0.0032185343918121638
154 0.003595089848203036
155 0.004062268657751847
156 0.004550853676676466
157 0.005115374264389714
158 0.00575942529899402
159 0.006428318889872201
160 0.00714346156201876
161 0.007952821987310253
162 0.008699370600087998
163 0.00958294856915362
164 0.0104344953100938
165 0.011461663501104977
166 0.012402115176446469
167 0.01323803661426772
168 0.014173957239605206
169 0.015159407677471445
170 0.015996579787154252
171 0.01699062469063119
172 0.0176246751596218
173 0.01847903471618067
174 0.019146990800808984
175 0.019636200691611164
176 0.02011978505117398
177 0.02047524777316953
178 0.020699462726370473
179 0.020766961004529915
180 0.020695712229505416
181 0.020609776282599346
182 0.02016009728242935
183 0.01988744547296553
184 0.019289800519614618
185 0.018709498666276685
186 0.01808826064728705
187 0.01720968259384813
188 0.016333449149767004
189 0.015419715877557454
190 0.01466894814916202
191 0.01374052746757565
192 0.012758983310958778
193 0.01183259432623848
194 0.010883392935266292
195 0.010009034331813356
196 0.009143893915871682
197 0.008288440662436754
198 0.00751423651214476
199 0.006794093333758326
200 0.006106293514754704
201 0.005445993317633647
202 0.004896159692431151
203 0.004355388332858344
204 0.0038400851795464116
205 0.003397593623127536
206 0.002983538551103978
207 0.0026315139478460415
208 0.0023049573164786695
209 0.002068711753889922
210 0.0017951230944131115
211 0.001581220834958301
212 0.0013727872161306781
213 0.001246383278584429
214 0.0010598243066388673
215 0.0009524824097268052
216 0.0008523279253164942
217 0.0007331115627687451
218 0.0006365507033609329
219 0.0005715519252114961
220 0.000502803262684746
221 0.0004692101001729963
222 0.0004023362782744346
223 0.00035577460950780984
224 0.00033702506887362227
225 0.0003065568282384352
226 0.00028358854072918564
227 0.0002634326844713103
228 0.00023265194071118587
229 0.00022265214695706094
230 0.00021280857820343585
231 0.00020124632507349845
232 0.00017796543131637374
233 0.00017234055631387373
234 0.0001717155563138737
235 0.00016859065943681132
236 0.0001614033250584988
237 0.00016859064381212377
238 0.00015640338130737383
239 0.0001574970406841863
240 0.00016343447193556136
241 0.00016999687193756138
242 0.00017202805943881117
243 0.0001712468031889363
244 0.0001843716625667486
245 0.00018109044069118622
246 0.00020093383757324864
247 0.00019812133132337357
248 0.00021327730945381094
249 0.00023780806258874828
250 0.00024296426883962322
251 0.00026140145322093563
252 0.0002837447594798105
253 0.00029952571886062264
254 0.00032436895324593527
255 0.00036436824388512244
256 0.00038139918764124714
257 0.0004243672064058717
258 0.0004637414564208716
259 0.0004874909845553089
260 0.000566552112707746
261 0.0005959265595938081
262 0.0006657690189946202
263 0.0007242054127667448
264 0.0007645171690316198
265 0.0008713901409471811
266 0.0009470138284734305
267 0.0010326371597568047
268 0.0011377916129177417
269 0.0012326336129527412
270 0.0013615374161266766
271 0.0015035661443021137
272 0.0016413759224815502
273 0.0017732485944031123
274 0.0019243395382092365
275 0.0020888677038959223
276 0.0022494898383282327
277 0.0023568315758684837
278 0.002601201991585166
279 0.0027505742978890424
280 0.002969632707345853
281 0.0031269736136527275
282 0.0033105639762204754
283 0.003422592995015099
284 0.003663994845103099
285 0.0037618055076398473
286 0.0038768035076798464
287 0.0040038323264784716
288 0.004123517964015719
289 0.004160079370287595
290 0.004258983792199156
291 0.004238984073443532
292 0.004292733545329093
293 0.0042536716703165936
294 0.004281170976580465
295 0.004159141982785344
296 0.0041233615483940314
297 0.00404992544211616
298 0.003926646304573909
299 0.003778992848268035
300 0.003623683060713785
301 0.003447436376272475
302 0.0033280636824763506
303 0.0031218174917751647
304 0.0029208836354522923
305 0.002697762782244355
306 0.0025247973790524176
307 0.002312144772729545
308 0.0021171485132797335
309 0.0019141833757074856
310 0.001727468125637488
311 0.0015377842193156131
312 0.001381224534884302
313 0.0012071652785694282
314 0.0010551367878892418
315 0.00093513891597168
316 0.0007949853252934942
317 0.000706393137762245
318 0.000586551747090058
319 0.0005043656783114339
320 0.00042514843765624694
321 0.000356868490755185
322 0.00029874447511049775
323 0.00024655805946381074
324 0.00020390250007499853
325 0.00016327831568368632
326 0.000138278706300874
327 0.00012124776566968668
328 8.702964690706186e-05
329 7.656108127837439e-05
330 6.640506877362454e-05
331 5.390524689506216e-05
332 3.890555313893725e-05
333 3.0311934386312286e-05
334 2.640575938481232e-05
335 2.2499584383312346e-05
336 1.7499668756624866e-05
337 1.2656015629687401e-05
338 9.531096878062439e-06
339 9.06233125337493e-06
340 9.687321878562424e-06
341 6.718634377312454e-06
342 4.999903126937462e-06
343 5.312400001999961e-06
344 3.4374312513749737e-06
345 2.187462500749985e-06
346 2.656200000999981e-06
347 1.2499781254374913e-06
348 2.3437031259374816e-06
349 9.374812503749925e-07
350 1.24997500049999e-06
351 1.24997500049999e-06
352 1.0937281254374913e-06
353 1.5624718755624888e-06
354 1.5624781254374913e-06
355 3.124937501249975e-07
356 7.812343753124938e-07
357 1.7187218755624887e-06
358 1.4062218755624888e-06
