0 0.00027288801973602173
1 0.0002639781400298744
2 0.00026897969691278944
3 0.00026053939290095814
4 0.0002488178577532611
5 0.00024522232258060965
6 0.00023959712286866989
7 0.00024116021698427636
8 0.00022209188682316666
9 0.0002134955297133747
10 0.0002227171589001182
11 0.00020646292637505935
12 0.00019364665322978012
13 0.00020114906965850037
14 0.00020192974744352566
15 0.0001984915597594587
16 0.00019786657862555526
17 0.0001913018653888051
18 0.00019474046884697017
19 0.00018755137474790786
20 0.0001800496148284882
21 0.00017692367704379706
22 0.0001808303019951101
23 0.00017864267717363118
24 0.00017489150791138606
25 0.00018036125816735748
26 0.00017379658866319142
27 0.00017911136141147456
28 0.0001684834793008159
29 0.000171765413815036
30 0.00016598291983625465
31 0.0001680143884712759
32 0.0001766107643316988
33 0.00017442169810069443
34 0.00017410999232902395
35 0.00018786326808331862
36 0.00018567523985874718
37 0.00017364076704151247
38 0.00018973875266323673
39 0.00019427221301771786
40 0.0001941153908292677
41 0.00019349081924785366
42 0.00018004997775319291
43 0.00021068327067564558
44 0.00020021125404437652
45 0.00020036737893293978
46 0.00021443378955497035
47 0.0002108387922768919
48 0.00022115384597441693
49 0.00022271754339096971
50 0.00022584305282901684
51 0.00025053656075968276
52 0.0002416275161222739
53 0.0002483491204514844
54 0.0002488179328322101
55 0.0002652289594212163
56 0.0002599141679136588
57 0.00026819814371575954
58 0.00028882881427576507
59 0.0002722606246266701
60 0.0002885157295554421
61 0.0002800764415871587
62 0.0002724176501070382
63 0.0002869525229540138
64 0.00028742120728559006
65 0.0002889849141007939
66 0.00029304910861628603
67 0.0002891408264381378
68 0.00029914368032749235
69 0.00030633317477151627
70 0.00029820569887314155
71 0.00028664031374075745
72 0.0002880480801972304
73 0.00028242099510356115
74 0.0002919540735411304
75 0.0002952363301023548
76 0.0002938303147294293
77 0.0002847651388846706
78 0.00027663752231885276
79 0.0002830464389761957
80 0.0002764817320149539
81 0.00029226707371016387
82 0.0002791379911813782
83 0.0002775751691897516
84 0.0002807018824620939
85 0.0002833584825013603
86 0.00027679381921740377
87 0.00027210582256784156
88 0.00027366813782514395
89 0.0002850766413989013
90 0.00029382970197186644
91 0.0002783576825210626
92 0.0002771064286485043
93 0.0003035195868691096
94 0.00029211034841964583
95 0.0002916413139823266
96 0.0002986745489349322
97 0.00029007849842949314
98 0.0003053958437856831
99 0.00031133441879907205
100 0.0003046138777340298
101 0.00032446340141607414
102 0.0003182115509065724
103 0.00032805880208709037
104 0.0003133664503494147
105 0.00032712093002669186
106 0.00033899774575614386
107 0.0003582217570163786
108 0.00034775066250529083
109 0.0003615046669736032
110 0.0003904190192645018
111 0.00039120019427167803
112 0.0004091748494717405
113 0.0004243343064569537
114 0.00042323855530686385
115 0.00043355458146688853
116 0.0004521535675185256
117 0.0004502792024788187
118 0.0004726279632455877
119 0.00047888043600536814
120 0.0005062317569181028
121 0.0005220161511543243
122 0.0005326435893151554
123 0.0005534315728884958
124 0.0005674974330523734
125 0.0005901596004715243
126 0.0005967230472315396
127 0.0006447048108598479
128 0.0006576780683569299
129 0.0006861227016612234
130 0.0007006567022842914
131 0.000746920256362808
132 0.0007606731663155451
133 0.00079083796914424
134 0.0008302223308914282
135 0.0008699209998593028
136 0.0009196242956550149
137 0.0009405658997804941
138 0.0009927683885113145
139 0.0010165237087315768
140 0.0010887297668082372
141 0.001147340400399744
142 0.0011925079569113338
143 0.001235176895041719
144 0.0013212936394092717
145 0.0013566155576966075
146 0.001448515424298392
147 0.0015380700339677619
148 0.0016087145900435741
149 0.0016965483361001173
150 0.00181704914563071
151 0.0019134833168557251
152 0.002023356919355479
153 0.002133851231775687
154 0.002267484663313372
155 0.0023997063230428114
156 0.0025497440522987943
157 0.002716664956877859
158 0.0028529511360180747
159 0.0030308118377937172
160 0.0031946063636923523
161 0.0033854372242580204
162 0.0036142489359416393
163 0.003776010833098869
164 0.004063426584489171
165 0.004261768312635351
166 0.004514021378830264
167 0.004760025689270381
168 0.004932412845353524
169 0.005222493178284678
170 0.005502569397499208
171 0.0057235662150546
172 0.005855634526588606
173 0.006156020286775366
174 0.006440319987103664
175 0.006696322207612293
176 0.00689497290697187
177 0.00717739011832609
178 0.007363845069908374
179 0.00758625159238272
180 0.0077956843443852605
181 0.007872417231075558
182 0.008057623170320162
183 0.008213297893276607
184 0.008358331592520241
185 0.008459297038127936
186 0.008515723868190755
187 0.008615901009822149
188 0.008654504468916732
189 0.00871186163534761
190 0.008719212844383286
191 0.008740151390722702
192 0.008666542368919517
193 0.0086963916230189
194 0.008709046968076997
195 0.00862699975272531
196 0.008465077419536473
197 0.008433195160597252
198 0.008360526009141644
199 0.00830128423763366
200 0.008178288218680474
201 0.00810780119541819
202 0.007987923159734015
203 0.00787727203947052
204 0.00780600089946845
205 0.007646898813435451
206 0.007578753509849694
207 0.00745809420540158
208 0.007417461754546944
209 0.007316657936544393
210 0.00718802472380362
211 0.007122070756692023
212 0.007059860823583635
213 0.006978435302870401
214 0.006924984921590576
215 0.006871842806386288
216 0.006796197922500181
217 0.006724615422694131
218 0.006742743469461199
219 0.006649443628486824
220 0.006595204264567604
221 0.006562703382273454
222 0.006439074587217212
223 0.006400473482569954
224 0.006425632657015991
225 0.006383596329087452
226 0.0063116970736374475
227 0.006265283523094655
228 0.006211985385697239
229 0.006176973638146782
230 0.006193856917410994
231 0.006139775838566199
232 0.006086166086289241
233 0.005996927231367726
234 0.005995048657885171
235 0.005938786986916806
236 0.005903935772397966
237 0.005759049380998352
238 0.0057845251860247126
239 0.005663711476283129
240 0.005660116307591226
241 0.005609322365915452
242 0.00555602462964295
243 0.005487569178147629
244 0.005376291789059519
245 0.00538317161003361
246 0.00533830793348766
247 0.005280016631790956
248 0.005163736144587786
249 0.005071213441781565
250 0.005037762358557615
251 0.004959771320521963
252 0.004911322457810922
253 0.004825363546114519
254 0.004792227501927218
255 0.004735804831171654
256 0.004682199099956885
257 0.004620148240055024
258 0.004526067236412056
259 0.004500430119163764
260 0.004453070726326273
261 0.004352738081652212
262 0.004379771981368169
263 0.004270993250604823
264 0.004279437263011132
265 0.0042319229183722515
266 0.00420128250545135
267 0.00418393653010666
268 0.0041667496815799045
269 0.004112357304322756
270 0.0041184501345947295
271 0.004135961101845068
272 0.004166748737423024
273 0.004144870724868123
274 0.004175968800533724
275 0.004121887255795398
276 0.004197375727126091
277 0.004171593675456548
278 0.004306939600496209
279 0.004308814534412339
280 0.004317102847242878
281 0.004405402395045598
282 0.004409154767459758
283 0.004439002289259652
284 0.00449214658357793
285 0.004531843592834852
286 0.00458795411374195
287 0.004630150058784517
288 0.004655315656290835
289 0.004643439794832897
290 0.004695012868547254
291 0.004683451726113282
292 0.004741588472591879
293 0.00470486183348377
294 0.0046637572333245
295 0.004670163545449413
296 0.0046102991851346125
297 0.004580295882108486
298 0.004532943320986257
299 0.004441510644296295
300 0.0043602387537578086
301 0.004281779234199452
302 0.004160498025611082
303 0.004062658179790171
304 0.003929028969411056
305 0.0037672668631034026
306 0.0036591135857216846
307 0.003545645802208321
308 0.0034251435609291498
309 0.003272291530833808
310 0.0031281913169111013
311 0.0030167516530379152
312 0.002836859691693062
313 0.0026958828046626405
314 0.002540995072451883
315 0.002436751660217306
316 0.002297810162744301
317 0.0021721529410294645
318 0.002073059637263949
319 0.0019400556553260462
320 0.0018142432342871974
321 0.001722188265144789
322 0.0016077796514210555
323 0.001528071635920937
324 0.001410379796530107
325 0.00134536386734112
326 0.0012664361795448828
327 0.0011728178036931394
328 0.0010937330812797396
329 0.0010465342720659217
330 0.000987453866290944
331 0.0009411932351960021
332 0.0008830543942136061
333 0.0008285069109431904
334 0.0007831812256824383
335 0.0007644265898879692
336 0.0007036290101886564
337 0.0006812800556688056
338 0.000635797807435174
339 0.0006000063858721894
340 0.0005773443092988506
341 0.0005445228939012861
342 0.0005353031253038466
343 0.000492635049650215
344 0.0004834128983432037
345 0.000461063303152623
346 0.00044793460838049115
347 0.0004265223595438169
348 0.00039885897321870043
349 0.0004051097075546887
350 0.0003935448069628816
351 0.00038401044970479413
352 0.00036994571821496823
353 0.00033790484001031774
354 0.0003316514760066795
355 0.0003279027895463168
356 0.000306333581188154
357 0.00029570571469141933
358 0.0002964870178144971
