0 6.24987500249995e-07
1 7.81237500249995e-07
2 1.4062218755624888e-06
3 4.687406251874963e-07
4 1.0937281254374913e-06
5 1.5624687506249876e-07
6 7.812343753124939e-07
7 4.687406251874963e-07
8 1.0937281254374913e-06
9 9.374812503749925e-07
10 1.8749656256874862e-06
11 1.5624718755624888e-06
12 9.374843753124937e-07
13 1.5624687506249875e-06
14 1.4062218755624888e-06
15 3.437431251374974e-06
16 3.593681251374974e-06
17 4.687412501749966e-06
18 4.843659376812465e-06
19 6.874865627687446e-06
20 7.656106252874943e-06
21 6.406121877562448e-06
22 9.374818753624927e-06
23 1.2968503129937395e-05
24 1.3124746880062395e-05
25 2.0312112507749856e-05
26 2.281208125837485e-05
27 2.5937009384812327e-05
28 3.8124271889562205e-05
29 4.109297189056221e-05
30 6.046759377312457e-05
31 7.390483752824946e-05
32 9.156075940981178e-05
33 0.00011218536566768665
34 0.00012906004379912396
35 0.00015624699693506133
36 0.00020062119695106104
37 0.00023624550946481078
38 0.000287338268859623
39 0.0003485870782584349
40 0.0003985861439021218
41 0.0004823345439341211
42 0.000557176922086558
43 0.0006526438033739327
44 0.0007604543190386192
45 0.0009073262940991179
46 0.0010149806785114295
47 0.001158259209815804
48 0.001314662469250615
49 0.0014727844443111137
50 0.0016060631943611138
51 0.0017787160538039245
52 0.0019477753632427353
53 0.0021896457758344835
54 0.0022851127446201075
55 0.0024693279165666684
56 0.0026261999916251657
57 0.00277307221355573
58 0.002947756104252914
59 0.003085566326173475
60 0.003184158248085039
61 0.003265719201240976
62 0.00337977933253835
63 0.003475558570078598
64 0.0034643089356962867
65 0.0035408700294744097
66 0.0035274328669676596
67 0.0035574321732315356
68 0.00350415185446291
69 0.0034880584982050354
70 0.003427278457555849
71 0.0033655609200315987
72 0.003269468957495851
73 0.0031849392512149763
74 0.0030597855511639784
75 0.002981818219885602
76 0.002849476866712666
77 0.002706042179156418
78 0.002560576229100418
79 0.0024026104821653575
80 0.002241519866477671
81 0.0020587107132857352
82 0.0019249632944841105
83 0.0018368400006999852
84 0.0016869990975180494
85 0.0015396581630867383
86 0.0014409100911731774
87 0.0013095062098758023
88 0.0012335702285954282
89 0.0011490406535619288
90 0.0010331052347703046
91 0.0009396696222325553
92 0.000876858219085618
93 0.0008007660440541188
94 0.0007196738315233695
95 0.0006959242783894326
96 0.000617956940861183
97 0.0005679578470930583
98 0.0004970218064388711
99 0.00047530344393112146
100 0.00041967942203655913
101 0.00039468000952480944
102 0.0003801489782704345
103 0.0003507745407591849
104 0.0003112440501189976
105 0.0003024942157406852
106 0.0002871820501089978
107 0.0002543701125977481
108 0.00023858917509149823
109 0.00021952705945881088
110 0.00021968330945881082
111 0.0001995274563258736
112 0.00018765267819643612
113 0.00018765267507149858
114 0.00016827807193856123
115 0.00017687162194256125
116 0.0001624969375612487
117 0.0001526533656826864
118 0.0001618719156866863
119 0.00015171583130837388
120 0.00015515327818443637
121 0.00015405957193356137
122 0.00015359082193356128
123 0.00015671574381012372
124 0.00015749699693506128
125 0.00016890300631487365
126 0.00016984050006499876
127 0.00018280901569468617
128 0.0001967149875752485
129 0.00021593335633287333
130 0.00022577696258574835
131 0.00024093289696706057
132 0.0002556200969730605
133 0.00029827555948881034
134 0.00032343136887262266
135 0.00036327430638887225
136 0.00039030509077318473
137 0.0004324917345403094
138 0.0004931156626867462
139 0.0005437395627087459
140 0.0006348316033679323
141 0.0006881118690126201
142 0.0008131095003099941
143 0.0009001390628437432
144 0.001018105622262555
145 0.0011696651035729292
146 0.0013299745880082404
147 0.001508408597453051
148 0.0017523103225435494
149 0.00197558733200336
150 0.0022669881914861713
151 0.0025680760853532933
152 0.0028961947979790404
153 0.003351654966900662
154 0.0037718030920631585
155 0.004194295170346593
156 0.0047277224924251494
157 0.005378803933296332
158 0.005987698505404891
159 0.0066717479087918235
160 0.007412358868447632
161 0.008206406165626684
162 0.009059671150326996
163 0.009886061506894863
164 0.010911042129157417
165 0.011837586932636349
166 0.012810849551758974
167 0.013870829555283896
168 0.014819874127517448
169 0.015906884487310265
170 0.016794836200150993
171 0.017697319062993745
172 0.01852308435081298
173 0.019275101647967047
174 0.02000696260762285
175 0.020578045460965783
176 0.021149128470555594
177 0.02158974520197096
178 0.021822552877067452
179 0.021888332980215395
180 0.02195348797711546
181 0.021827240458315834
182 0.021569120014474717
183 0.021068660826783464
184 0.020618982135982282
185 0.020084304560783774
186 0.019360880685511287
187 0.018546365235195296
188 0.017687787797369046
189 0.016803898475155492
190 0.015837198024789497
191 0.014817842552523946
192 0.013767081195876087
193 0.012779912814243717
194 0.01185071146702066
195 0.010885417807268852
196 0.009974809719430612
197 0.009049827456575869
198 0.008218905865632689
199 0.007396577540324195
200 0.006665966615042698
201 0.005952074033519326
202 0.005326148477030459
203 0.004724284851802965
204 0.004209138451605968
205 0.003729616420171597
206 0.0032983744543859128
207 0.0029194756729865393
208 0.0025682322728545425
209 0.0022323011696016083
210 0.0019863685288794217
211 0.001742779110042799
212 0.001500596500569988
213 0.0013499742317653648
214 0.0011615404598158037
215 0.001020293087888243
216 0.0009192012378502426
217 0.0008081096190576191
218 0.0007245174409011817
219 0.0006068633877322453
220 0.0005460833877072459
221 0.00048749070643587153
222 0.00042624179703905943
223 0.0003890550532739345
224 0.0003610868813873722
225 0.00031186905636887245
226 0.0002809320969830605
227 0.00025858882509849807
228 0.00024515153446931064
229 0.00022702690321193576
230 0.00021640209070818576
231 0.00020296485632787341
232 0.0001914026063228735
233 0.0001820277656946861
234 0.00017671543131637376
235 0.00016749684693806127
236 0.00015530951880962388
237 0.00014562219380612386
238 0.0001554657500599988
239 0.00015390327818443636
240 0.00015702826568468628
241 0.00016155941568668633
242 0.00014546600630487388
243 0.00016499687193756126
244 0.00016968426881462374
245 0.00017718410631787368
246 0.0001828090375692487
247 0.00019702750632487353
248 0.00020796474383012338
249 0.0002129647344553108
250 0.00022999557196356062
251 0.00023655799384012313
252 0.00025655761259774806
253 0.00027952593448131034
254 0.00029640062198756036
255 0.0003301499501259976
256 0.0003396810563788726
257 0.0003828052095208097
258 0.0003926487220255596
259 0.00043936664391712145
260 0.0004760846783064337
261 0.0005206151220725586
262 0.0005509270408341834
263 0.0006065509096068077
264 0.0006717059221315574
265 0.0007352985346543068
266 0.0007881098878022444
267 0.0008599835440791181
268 0.0009571692097408048
269 0.00101326186601268
270 0.0011076351035479292
271 0.0012162268254634905
272 0.001334505700510989
273 0.001452003656801864
274 0.001566063850597989
275 0.001682624019394612
276 0.0018254338569478614
277 0.001955118913246734
278 0.0020885538820473596
279 0.0022538631258624824
280 0.0024226101040479195
281 0.002534482722845543
282 0.0026860423916521678
283 0.0028330708385832276
284 0.0029758808448831025
285 0.00310228453555929
286 0.0031940016168426635
287 0.0032494691481170365
288 0.003344779845028099
289 0.003446652951315973
290 0.003520714220090597
291 0.003558369354487909
292 0.0035274326669716607
293 0.003532276198226035
294 0.003513214032594349
295 0.0035060265950930983
296 0.003447746670066601
297 0.003370873195036097
298 0.003259937885617288
299 0.0031555648293284124
300 0.003047598213660727
301 0.0029482248355032887
302 0.0027632285104297904
303 0.0026552617166406673
304 0.002465890382192357
305 0.0023091745790084195
306 0.0021244906820613594
307 0.0019198070257344854
308 0.0018013718444381114
309 0.001622937753744926
310 0.001445441100552989
311 0.0012974751348723023
312 0.0011593527816943663
313 0.0010276365753934913
314 0.0008937329440911183
315 0.0007712352284204324
316 0.0006792057971340571
317 0.0005778014439711207
318 0.00047374096268074626
319 0.0003973361720265596
320 0.0003548369532609348
321 0.00028749450323493545
322 0.00023749549071518566
323 0.00018609017819643604
324 0.0001639031188126238
325 0.0001323412031759365
326 0.0001017168250384992
327 8.718584065818683e-05
328 6.4217528149437e-05
329 6.374878439931206e-05
330 4.562410939281216e-05
331 3.8749278139437214e-05
332 3.515559376312475e-05
333 2.234331563368734e-05
334 2.1249587508249843e-05
335 1.5624706255874873e-05
336 1.1562275004499906e-05
337 8.437346878062438e-06
338 6.718618752624946e-06
339 6.874871877562448e-06
340 6.562378127437452e-06
341 4.843659376812465e-06
342 4.5311625017499665e-06
343 2.6561968760624795e-06
344 2.6561968760624795e-06
345 3.593678126437473e-06
346 2.1874562508749826e-06
347 1.8749687506249875e-06
348 1.7187187506249875e-06
349 1.7187156256874862e-06
350 1.4062218755624888e-06
351 1.0937281254374913e-06
352 1.24997500049999e-06
353 3.124937501249975e-07
354 3.124937501249975e-07
355 7.81237500249995e-07
356 4.687406251874963e-07
357 4.687406251874963e-07
358 7.812343753124938e-07
