0 6.781506266901245e-05
1 7.078395018251355e-05
2 7.20336282804487e-05
3 7.937831272501719e-05
4 8.172201897014178e-05
5 9.250344085857983e-05
6 0.00010609768464395774
7 0.000111254031511144
8 0.00011609809404302159
9 0.00013859930350034136
10 0.00015563074100746556
11 0.00016719422233034712
12 0.00018985086610722433
13 0.00022063340368247915
14 0.00024438401622998263
15 0.0002750101069256754
16 0.00029829262264699583
17 0.000350013213371439
18 0.0003920456697156969
19 0.00043610989482170453
20 0.0005042376387654694
21 0.0005645522232866678
22 0.0006275242047576857
23 0.0007059631610915649
24 0.0008092491895356517
25 0.0009123780335225436
26 0.0010080066025279387
27 0.0011242608996778957
28 0.0012584848375591757
29 0.001406771259773889
30 0.001573653182156868
31 0.0017797535325641443
32 0.0019055393953104091
33 0.0021172657552846457
34 0.002398370468533455
35 0.0025796279908822987
36 0.002845261432052525
37 0.0031008962046141413
38 0.0033891890022295064
39 0.0036979505280314443
40 0.003991709956741045
41 0.004346409916958171
42 0.004593450905077719
43 0.005003934659262986
44 0.005325666844550619
45 0.005682867936086753
46 0.006035534967984041
47 0.0064466439816056285
48 0.006735407366802126
49 0.007012291361152548
50 0.007436056546553685
51 0.0076832524721148505
52 0.00800123363233586
53 0.008196082901419877
54 0.00847906030819466
55 0.008650320668265533
56 0.008800793190423862
57 0.008879232593790826
58 0.008997050634739037
59 0.009006112715998781
60 0.008988766697037008
61 0.009002520853589041
62 0.008867984562628077
63 0.008807042034214993
64 0.008544532233524192
65 0.008343120658188671
66 0.008058108760515053
67 0.0077996599066323
68 0.007479024005895997
69 0.007150730961273423
70 0.006838687376094931
71 0.006494924994034868
72 0.0060361586991435345
73 0.005683801823274342
74 0.0053647276068471
75 0.004965339018502911
76 0.0045570427424855885
77 0.004255781785580791
78 0.003921550569094793
79 0.003535910530567334
80 0.003242619039264848
81 0.002981671397937857
82 0.0026441584126606
83 0.00240993260282713
84 0.002164766983405452
85 0.0019644471611194904
86 0.0017683463387240092
87 0.0015658381100402794
88 0.0014141138784507568
89 0.0012498895780542255
90 0.001101290718343263
91 0.0009826924180229891
92 0.0008831575021681608
93 0.0007822159800147015
94 0.0006850257173216873
95 0.0005906466733202935
96 0.0005406450075844736
97 0.00048095507931127546
98 0.00042454718543801607
99 0.00038735791032850817
100 0.00032188659764111895
101 0.0002978234601179934
102 0.0002754786256412966
103 0.00023766482245023038
104 0.0002218832161801044
105 0.0002078198817326603
106 0.0001839129535769713
107 0.00015625580038115247
108 0.00014203664099184004
109 0.00013813012533439941
110 0.0001321922284463364
111 0.00012375432527851995
112 0.00010922301278952212
113 0.00010922251274576758
114 0.00010156620337220585
115 9.219083771701549e-05
116 9.219102523464219e-05
117 9.250327208220212e-05
118 8.703445646051516e-05
119 7.828405018338835e-05
120 8.781566583207716e-05
121 8.844074709182856e-05
122 8.203441896139082e-05
123 8.594041580970044e-05
124 9.187858774151835e-05
125 8.937810957757733e-05
126 9.094090648176737e-05
127 9.797240023589154e-05
128 0.00011078499399189208
129 0.00011031649402277042
130 0.00012187948154877181
131 0.000133286065937585
132 0.0001368801065881501
133 0.00015859986603359254
134 0.00017578773168365749
135 0.00018031922857434534
136 0.00020594517238422508
137 0.00022000807553278895
138 0.00023750859743235236
139 0.0002818855350606122
140 0.00030438591322092743
141 0.0003276686258153096
142 0.00038329566344869406
143 0.00044064138859395646
144 0.00047142326359220297
145 0.0005359573982010347
146 0.0005700208232281592
147 0.0006393983327719836
148 0.0007062760329731263
149 0.0007878414050030725
150 0.0008678445614703397
151 0.0009834731898305448
152 0.0010794143463514396
153 0.0011961385967285943
154 0.0012892664625252929
155 0.001432865875400447
156 0.0015858394381744639
157 0.001685374307154729
158 0.00182975387933394
159 0.0019861673141895373
160 0.002126328658304565
161 0.0022889901023755883
162 0.002411494871488492
163 0.0026379093032153963
164 0.002716661844048101
165 0.002902919810140324
166 0.003039330707388669
167 0.003100895091833355
168 0.003209961842127752
169 0.0033369993081714747
170 0.0033838752237887798
171 0.003493721764613233
172 0.0034638760363782856
173 0.0035213798241046767
174 0.0035232541584353594
175 0.0034584082176830444
176 0.0034066875238219084
177 0.0034104380582230965
178 0.003364341839303963
179 0.003275588323414126
180 0.0031774604170257477
181 0.0031049582231044833
182 0.003009797294661772
183 0.0028827623256464994
184 0.0027546333536014266
185 0.002620095965643892
186 0.0024819650933868005
187 0.002355867380623534
188 0.002281177980540908
189 0.002092108111265363
190 0.0019897603422525945
191 0.001824284910528682
192 0.001706780804091549
193 0.0016141222320293473
194 0.0014955228160278785
195 0.0013978642689995563
196 0.0012956727593508494
197 0.001171136255882512
198 0.0011130099245605077
199 0.0010308189993133634
200 0.0009395657116243516
201 0.0008589367925808258
202 0.0007867478456485123
203 0.0007115886704554996
204 0.0006731499328589907
205 0.0006126786233444198
206 0.0005704894607220345
207 0.000512205676192836
208 0.00048064244488795757
209 0.0004340781041330097
210 0.00038298243214406465
211 0.0003729823196416892
212 0.0003390749383048077
213 0.0003084484319555507
214 0.00030594841633236345
215 0.00027641622563666986
216 0.00024594612554778883
217 0.00023438353180679075
218 0.00022063327554303977
219 0.00020469479733521974
220 0.00019969445356796817
221 0.00018594423480471816
222 0.0001736001347842172
223 0.0001640682753744024
224 0.0001512552503373986
225 0.00015188028783877364
226 0.0001403175190831493
227 0.00014172390346058695
228 0.00014234897845708625
229 0.00013281746283515003
230 0.00013203597218420992
231 0.00012047340969008597
232 0.000128129537787395
233 0.00012344201591008258
234 0.0001253170940478963
235 0.00012469192215745764
236 0.0001228169971687089
237 0.000132661244079399
238 0.00013219235032439864
239 0.00012406697528914533
240 0.00013891158785702673
241 0.0001448489159522102
242 0.0001515680159930896
243 0.0001517241691012754
244 0.00015688041909789991
245 0.0001620373785187154
246 0.00017344338162827665
247 0.00017703763479071753
248 0.00019610114736559852
249 0.0002217271161777281
250 0.0002264147474442301
251 0.0002470402849641048
252 0.000271260450695927
253 0.00030016734759861466
254 0.0003292303445068046
255 0.00035407557585468775
256 0.00041376491974882474
257 0.00044360970729095077
258 0.0005015808668268991
259 0.0005656454075990984
260 0.0006314294359250516
261 0.0007004951361276919
262 0.0007798725925419534
263 0.0009272216616218519
264 0.0010247256369109983
265 0.0011551989778308346
266 0.0012677034062585437
267 0.001478803759818638
268 0.0016483417977485434
269 0.001901163329586085
270 0.0021010145425910003
271 0.002385243612004673
272 0.0026890045752434757
273 0.003004641135424851
274 0.003363873195721732
275 0.0038343584904826774
276 0.004176558472567116
277 0.004675796114478147
278 0.005211128890817742
279 0.0057914612452335265
280 0.00641679609358007
281 0.006978537329496003
282 0.007642153302806543
283 0.008289363998132411
284 0.009002673515619602
285 0.009718639701923817
286 0.010315064137470336
287 0.011073060239295964
288 0.01168214442192331
289 0.012420609914423512
290 0.0129835971657805
291 0.013494553582528131
292 0.014075667799561683
293 0.014542875894766539
294 0.014921170014201826
295 0.015183205130026273
296 0.015386026702466752
297 0.015493062965383546
298 0.015539939056129496
299 0.015360716002703667
300 0.015195551502079732
301 0.01496226073577087
302 0.014577562035102952
303 0.014144265430973564
304 0.013594866963699867
305 0.013099536203132228
306 0.01254482879881821
307 0.011764174178050918
308 0.011121964685898374
309 0.010320372427647977
310 0.009692538616803675
311 0.008925635199392993
312 0.00816138873818454
313 0.007522928049167805
314 0.00687040310686437
315 0.006239912842955017
316 0.005544731313144457
317 0.005011897667996979
318 0.004488286816941905
319 0.0039432683282124405
320 0.0034868441894284675
321 0.0030627654071503944
322 0.002692128690810408
323 0.0023260208648685863
324 0.0020410105422993497
325 0.0017780322041476757
326 0.0015489614067550762
327 0.0013230150936624065
328 0.0011475406057728779
329 0.0010003483429693572
330 0.0008297166862665735
331 0.0007156507391727448
332 0.000614240420163727
333 0.0005322069356654074
334 0.00043829685726882274
335 0.00038313871340206555
336 0.0003190738288626156
337 0.00028001008505848806
338 0.00024235225991935087
339 0.0002071947754617822
340 0.00017719385666290473
341 0.00014766122533227424
342 0.0001403175721995854
343 0.00011703557216945975
344 0.00010328509087495595
345 9.015955647176658e-05
346 7.797155018763932e-05
347 7.453415330907552e-05
348 6.719004391813727e-05
349 6.828352514301005e-05
350 7.125276268938974e-05
351 5.875214077244865e-05
352 5.890847202457365e-05
353 5.7345812634009496e-05
354 5.5470653248321636e-05
355 5.4064534512947856e-05
356 5.328318137938462e-05
357 5.6564600138385184e-05
358 5.797090015188705e-05
