0 1.2499781254374913e-06
1 1.5624687506249875e-06
2 1.0937281254374913e-06
3 4.687406251874963e-07
4 1.4062218755624888e-06
5 1.24997500049999e-06
6 7.812343753124938e-07
7 2.656203125937482e-06
8 1.24997500049999e-06
9 2.6561968760624795e-06
10 3.124943751124979e-06
11 2.4999531259374816e-06
12 2.1874562508749826e-06
13 3.90617187656247e-06
14 3.906175001499972e-06
15 5.4686500019999606e-06
16 5.781137502249954e-06
17 5.781143752124956e-06
18 6.874875002499949e-06
19 9.21857500349993e-06
20 1.046855625387492e-05
21 1.515596250574988e-05
22 1.7343415631687365e-05
23 1.9218393757124872e-05
24 1.953087813243737e-05
25 3.171814376212479e-05
26 3.5468078138437256e-05
27 4.26554406411872e-05
28 5.281149689506213e-05
29 6.234259377312452e-05
30 7.906098440531192e-05
31 9.796690003699929e-05
32 0.00011921649379512411
33 0.00014468475317993645
34 0.00017718412194256115
35 0.0002040586500769985
36 0.0002585888657226856
37 0.00030811915949181015
38 0.00034733722200555996
39 0.0004120234595308095
40 0.0004940531251874963
41 0.0005818640033449332
42 0.0006742060408791824
43 0.0007909226159226816
44 0.0009023267409651805
45 0.0010610737660246793
46 0.0011890400098248028
47 0.001359036884887303
48 0.0015166900318243632
49 0.001659343588128238
50 0.001854183538204236
51 0.0020862105914131726
52 0.002237926413346734
53 0.002415110572788544
54 0.002625262847868041
55 0.0028286965635687293
56 0.003025411544894102
57 0.0031558778449431012
58 0.003355717766894662
59 0.0035296208200835976
60 0.0036849304357662854
61 0.003831958957695843
62 0.0038341463358232846
63 0.004007580657761843
64 0.004018830504639906
65 0.004033829995275094
66 0.0040969538577978444
67 0.0040671104234165315
68 0.004052736014029719
69 0.004050079764029719
70 0.003994611960885782
71 0.003912738617102658
72 0.003803365532689347
73 0.0037122734732805336
74 0.003579619748230038
75 0.0034069668544129132
76 0.003290094091868163
77 0.00310103518242135
78 0.0029263510386042272
79 0.0027783850354242915
80 0.0025730763415981683
81 0.002428860285294294
82 0.00226948837898242
83 0.0020718358601577963
84 0.0019369946976060478
85 0.0017830913444231112
86 0.0016345004099918004
87 0.0014598161286774262
88 0.0013654430411391776
89 0.001224195684836304
90 0.0011370098066788663
91 0.0010301366878912427
92 0.0009215450722235558
93 0.0008242031534369313
94 0.0007682667190406195
95 0.0006838934596308078
96 0.0006438940721185577
97 0.0005824890033449331
98 0.0005262401001979961
99 0.0004798347626797465
100 0.00043686676266474657
101 0.0004103047220305591
102 0.00037468042201655973
103 0.000328587540749185
104 0.0003148377751194976
105 0.0002759322657296853
106 0.00026327628134937306
107 0.00024843277196956063
108 0.0002303081438371232
109 0.00021233970945581086
110 0.0001945275625737485
111 0.0001831215969430611
112 0.00018530897819543608
113 0.00016218436568768622
114 0.00015577834693306132
115 0.00014796596255574893
116 0.0001479659313063739
117 0.00015124713755724887
118 0.00013015375629987403
119 0.000138278631302374
120 0.000134997412551749
121 0.00014312226255474894
122 0.00014171610005299902
123 0.00014077863442731143
124 0.0001537470875582489
125 0.00014780968443131142
126 0.00015546580005899887
127 0.00017015303443931117
128 0.00017359045944081116
129 0.0001909338875722486
130 0.00020343359695306092
131 0.0002134334688306233
132 0.0002490577875942481
133 0.0002524952594698106
134 0.0002964006626117478
135 0.0003215563938721226
136 0.00035968068763624745
137 0.00039577377202455955
138 0.00045155402204455916
139 0.0004804596220575587
140 0.0005501458939571208
141 0.0006260818971120579
142 0.0007207676221475571
143 0.0008109222253054938
144 0.0009167014659706804
145 0.0010718547066558668
146 0.0011971648504529911
147 0.00138591140052199
148 0.0015671578818423635
149 0.0017915287694246123
150 0.002036367947641047
151 0.002326987085258295
152 0.002652606151001979
153 0.0029983808136337274
154 0.0034464972106807855
155 0.003854458404581909
156 0.004376167411026777
157 0.0049619372268804645
158 0.005554113545854081
159 0.006225507355477889
160 0.006884557196356076
161 0.007752665834183314
162 0.008588587528249437
163 0.009420290856682867
164 0.010389491088303237
165 0.01128775534801804
166 0.012212894082743347
167 0.01323084369562609
168 0.014266136399147016
169 0.015245492980765376
170 0.016166725412366762
171 0.016996084840803175
172 0.017920911116152672
173 0.018731833088338232
174 0.019544787004259923
175 0.02002305892319654
176 0.02057117381714866
177 0.021010852567323653
178 0.021202880354892907
179 0.02138397083308333
180 0.0214261575049749
181 0.021165693936121287
182 0.020972572601672967
183 0.020584142264029732
184 0.02004024611382772
185 0.019396508101087975
186 0.018684490303943924
187 0.017931536219275616
188 0.016993741109552804
189 0.01609125877169957
190 0.015034872065058701
191 0.014181763495980082
192 0.013106783564328713
193 0.012193050926481468
194 0.011165101257349853
195 0.01025230622262555
196 0.009287793172261548
197 0.008432965778184438
198 0.007654386606017881
199 0.006915493905746882
200 0.006185508127337453
201 0.005511145936456268
202 0.004888813867472651
203 0.0043564799204015925
204 0.003835083667076659
205 0.00340431055753885
206 0.003063223485530289
207 0.002645418579128417
208 0.002311675178996422
209 0.00205792984452811
210 0.0017768413381732372
211 0.0015474707380852386
212 0.0013740365223945529
213 0.0011902899754504912
214 0.0010318554441411173
215 0.000910763984720305
216 0.0008065471690566185
217 0.0007029554158916823
218 0.0006237382564848704
219 0.0005638955783384333
220 0.000493584465810684
221 0.000438585459540809
222 0.00039327379702405935
223 0.0003496809688806223
224 0.0003204627751194977
225 0.0002906195126097477
226 0.0002662449813503729
227 0.00023062065946181075
228 0.00021874589383212345
229 0.000203121103202936
230 0.00018952767194656096
231 0.0001814028125687487
232 0.00017734040319193612
233 0.0001543720781834363
234 0.00015187212193256135
235 0.000137809900051999
236 0.00014484099380512392
237 0.00014062232505349892
238 0.00014296608130337393
239 0.0001478097313053738
240 0.00014452848443031145
241 0.00013859112505249896
242 0.00014593473443031137
243 0.00015280960630787381
244 0.00015265336255774892
245 0.00015905948756024874
246 0.00017655916256674862
247 0.00018437154694406118
248 0.00018280905631887364
249 0.00019796500007499855
250 0.0002171834125817484
251 0.0002332768094638106
252 0.00023437055321393576
253 0.00025812008759824797
254 0.0002859321251074979
255 0.00030499422511549764
256 0.0003431185282544348
257 0.0003738991438921221
258 0.00040921100015499693
259 0.00045342900641987183
260 0.0004887407501849964
261 0.0005412397095808084
262 0.0005770204408411834
263 0.0006499877939941203
264 0.0007123301971460571
265 0.0007827976940461191
266 0.0008531088565728688
267 0.000951075697236055
268 0.0010356054222665542
269 0.0011227913535479287
270 0.0012390389973450534
271 0.0013684114723955525
272 0.0015038777599448003
273 0.0016574687100008002
274 0.0017691851975460493
275 0.0019293385038549236
276 0.0021426157383102333
277 0.002291831582118359
278 0.0024151105540389174
279 0.0025935446916061705
280 0.002773072569798605
281 0.00293713179798904
282 0.003138534276189476
283 0.0032283763949721
284 0.003417279051293976
285 0.0034993088513229726
286 0.0036475871201325973
287 0.0037575850107997846
288 0.0038875827889692212
289 0.0039214883233585325
290 0.003985080901506971
291 0.0040530482484100305
292 0.00403398617340153
293 0.0039955492358902805
294 0.003948519123367533
295 0.0039507064389962205
296 0.003879145257719845
297 0.0038047717920641597
298 0.0036553996732565353
299 0.0036074317169906595
300 0.0034268100575488504
301 0.003327749545009099
302 0.0030947852355452895
303 0.002919475938606228
304 0.0027235422947791033
305 0.0025468268290884184
306 0.002385423557153858
307 0.0021873022945791084
308 0.0019494943601127985
309 0.0017890286350522985
310 0.0016424688349983005
311 0.0014582536661766766
312 0.0013026315192446157
313 0.001146853303558929
314 0.0010212307597598045
315 0.0008873268847123059
316 0.0007526420252844939
317 0.0006451440908681832
318 0.0005801453002189959
319 0.0004781159345563087
320 0.0004106172970290594
321 0.00033671235325293507
322 0.00029405691886162286
323 0.0002449953188436232
324 0.00019062135319793602
325 0.00016702808756324883
326 0.00013515366255174892
327 0.00010702920316593672
328 9.390443441131183e-05
329 7.531106252874943e-05
330 5.8748878147437125e-05
331 4.687411251774968e-05
332 4.687411251774968e-05
333 3.484310938781226e-05
334 2.937444063618729e-05
335 1.781216250674987e-05
336 1.7968412506749873e-05
337 1.6093443756124874e-05
338 1.4530984380312389e-05
339 1.0624800003999915e-05
340 9.06232812843743e-06
341 6.874868752624946e-06
342 6.562368752624947e-06
343 5.937390627187457e-06
344 4.687415626687466e-06
345 4.062428126437473e-06
346 2.968693751124979e-06
347 2.187462500749985e-06
348 1.5624718755624888e-06
349 2.656203125937482e-06
350 9.374812503749925e-07
351 1.4062218755624888e-06
352 7.812343753124938e-07
353 1.7187156256874862e-06
354 2.343709375812484e-06
355 1.0937281254374913e-06
356 1.24997500049999e-06
357 9.374812503749925e-07
358 1.0937281254374913e-06
