0 0.057755275738502664
1 0.056461317214011944
2 0.05456529648038774
3 0.0514002214708883
4 0.04770171118431742
5 0.04335670299060483
6 0.03894211771433774
7 0.034059202415452496
8 0.029217518368243295
9 0.02467878852682003
10 0.020560966949841327
11 0.01671566972698387
12 0.013319672871062801
13 0.010422849153512782
14 0.00807187562346208
15 0.006192104196057931
16 0.004553043590400724
17 0.0033131163308461917
18 0.0023741279347769574
19 0.0016402693237427017
20 0.0011915039904861798
21 0.0007923104386611838
22 0.0005170190430354333
23 0.00035607876224386835
24 0.00022455325076187728
25 0.00014160506012634872
26 9.088587927043833e-05
27 5.7495753968909195e-05
28 3.354423942627141e-05
29 2.5116779000413934e-05
30 1.156776998986108e-05
31 7.598992089601875e-06
32 2.1479903887789826e-06
33 1.981179713703528e-06
34 1.6525276424395774e-06
35 8.256577768553249e-07
36 1.1573913464457512e-06
37 0.0
38 3.3025866341849835e-07
39 0.0
40 1.651237503434574e-07
41 0.0
42 0.0
43 0.0
44 0.0
45 0.0
46 0.0
47 0.0
48 0.0
49 0.0
50 0.0
51 0.0
52 0.0
53 0.0
54 0.0
55 0.0
56 0.0
57 0.0
58 0.0
59 0.0
60 0.0
61 0.0
62 0.0
63 0.0
64 0.0
65 0.0
66 0.0
67 0.0
68 0.0
69 0.0
70 0.0
71 0.0
72 0.0
73 0.0
74 0.0
75 0.0
76 0.0
77 0.0
78 0.0
79 0.0
80 0.0
81 0.0
82 0.0
83 0.0
84 0.0
85 0.0
86 0.0
87 0.0
88 0.0
89 0.0
90 0.0
91 0.0
92 0.0
93 0.0
94 0.0
95 0.0
96 0.0
97 0.0
98 0.0
99 0.0
100 0.0
101 0.0
102 0.0
103 0.0
104 0.0
105 0.0
106 0.0
107 0.0
108 0.0
109 0.0
110 0.0
111 0.0
112 0.0
113 0.0
114 0.0
115 0.0
116 0.0
117 0.0
118 0.0
119 0.0
120 0.0
121 0.0
122 0.0
123 0.0
124 0.0
125 0.0
126 0.0
127 0.0
128 0.0
129 0.0
130 0.0
131 0.0
132 0.0
133 0.0
134 0.0
135 0.0
136 0.0
137 0.0
138 0.0
139 0.0
140 0.0
141 0.0
142 0.0
143 0.0
144 0.0
145 0.0
146 0.0
147 0.0
148 0.0
149 0.0
150 0.0
151 0.0
152 0.0
153 0.0
154 0.0
155 0.0
156 0.0
157 0.0
158 0.0
159 0.0
160 0.0
161 0.0
162 0.0
163 0.0
164 0.0
165 0.0
166 0.0
167 0.0
168 0.0
169 0.0
170 0.0
171 0.0
172 0.0
173 0.0
174 0.0
175 0.0
176 0.0
177 0.0
178 0.0
179 0.0
180 0.0
181 0.0
182 0.0
183 0.0
184 0.0
185 0.0
186 0.0
187 0.0
188 0.0
189 0.0
190 0.0
191 0.0
192 0.0
193 0.0
194 0.0
195 0.0
196 0.0
197 0.0
198 0.0
199 0.0
200 0.0
201 0.0
202 0.0
203 0.0
204 0.0
205 0.0
206 0.0
207 0.0
208 0.0
209 0.0
210 0.0
211 0.0
212 0.0
213 0.0
214 0.0
215 0.0
216 0.0
217 0.0
218 0.0
219 0.0
220 0.0
221 0.0
222 0.0
223 0.0
224 0.0
225 0.0
226 0.0
227 0.0
228 0.0
229 0.0
230 0.0
231 0.0
232 0.0
233 0.0
234 0.0
235 0.0
236 0.0
237 0.0
238 0.0
239 0.0
240 0.0
241 0.0
242 0.0
243 0.0
244 0.0
245 0.0
246 0.0
247 0.0
248 0.0
249 0.0
250 0.0
251 0.0
252 0.0
253 0.0
254 0.0
255 0.0
256 0.0
257 0.0
258 0.0
259 0.0
260 0.0
261 0.0
262 0.0
263 0.0
264 0.0
265 0.0
266 0.0
267 0.0
268 0.0
269 0.0
270 0.0
271 0.0
272 0.0
273 0.0
274 0.0
275 0.0
276 0.0
277 0.0
278 0.0
279 0.0
280 0.0
281 0.0
282 0.0
283 0.0
284 0.0
285 0.0
286 0.0
287 0.0
288 0.0
289 0.0
290 0.0
291 0.0
292 0.0
293 0.0
294 0.0
295 0.0
296 0.0
297 0.0
298 0.0
299 0.0
300 0.0
301 0.0
302 0.0
303 0.0
304 0.0
305 0.0
306 0.0
307 0.0
308 0.0
309 0.0
310 0.0
311 0.0
312 0.0
313 0.0
314 0.0
315 0.0
316 0.0
317 0.0
318 0.0
319 0.0
320 1.65064441157828e-07
321 0.0
322 3.305236093471066e-07
323 3.3022659959989347e-07
324 1.3226191174226655e-06
325 1.4872182471802032e-06
326 2.975689754466564e-06
327 5.285747614082045e-06
328 6.938876854896987e-06
329 1.371328680936284e-05
330 1.9493710337867897e-05
331 3.5356827420877756e-05
332 5.816145816910377e-05
333 8.823536479125781e-05
334 0.00014524142589261534
335 0.00022703414731337827
336 0.00035262796800076814
337 0.0005393145753410754
338 0.0007956029881859378
339 0.001180246996001769
340 0.0016670346462077975
341 0.00242314732625655
342 0.003346630837756968
343 0.004523978057121022
344 0.006116276814137807
345 0.0080569174887406
346 0.010453186106317278
347 0.013307547404985458
348 0.016665529952179597
349 0.020516694526016923
350 0.02481962628906701
351 0.029138893837449647
352 0.033923455874805525
353 0.03871620948786981
354 0.043434996552699986
355 0.04785342139730134
356 0.05164683921380292
357 0.054473019506982315
358 0.05668334207320307
