0 3.1249687506249877e-07
1 9.374812503749926e-07
2 1.0937312503749926e-06
3 1.0937312503749926e-06
4 2.3437031259374816e-06
5 1.56247500049999e-06
6 1.40622500049999e-06
7 1.24997500049999e-06
8 2.0312093758124837e-06
9 2.8124468760624794e-06
10 1.7187187506249875e-06
11 2.9686937511249784e-06
12 2.968693751124979e-06
13 3.593681251374974e-06
14 4.062425001499972e-06
15 3.2811875012499763e-06
16 5.1561562518749635e-06
17 6.249890627187457e-06
18 8.124846878062437e-06
19 8.90607500349993e-06
20 8.437346878062438e-06
21 1.5155981255374884e-05
22 1.5468459380812376e-05
23 1.703095000599988e-05
24 2.1562103132937345e-05
25 2.531204063418734e-05
26 3.343688438731227e-05
27 4.26554562658747e-05
28 5.0936531269374645e-05
29 6.781127189956198e-05
30 7.624859065318693e-05
31 8.781092503149933e-05
32 0.00012234153129437418
33 0.0001365600156746865
34 0.00017077811256274874
35 0.00020577750944981106
36 0.0002560890250944981
37 0.00029249469073118543
38 0.0003512435063798723
39 0.0004293671564068719
40 0.0004943659908051841
41 0.0005756144595858085
42 0.0006779563221235575
43 0.0007726420877832446
44 0.0009067020815833684
45 0.0010485745816333674
46 0.001183103444181116
47 0.0013431004254914904
48 0.0015187223068038635
49 0.0016640322068558614
50 0.001846372288179237
51 0.002044337766369673
52 0.0022730833602077967
53 0.0024657360696536067
54 0.002621670632212356
55 0.0028293232104107907
56 0.0029863517729645413
57 0.0031791605136647252
58 0.0033511886137277255
59 0.003513217066908662
60 0.0036808703294684106
61 0.003808836498270033
62 0.0038777416670416585
63 0.003985395954580908
64 0.003989927051458971
65 0.004044925942106157
66 0.004087112570248594
67 0.004039613810848784
68 0.003992426863962722
69 0.004000082860842784
70 0.003915709773304535
71 0.003820242776394473
72 0.003761024876377473
73 0.003597590641937164
74 0.003516498401281976
75 0.003313064285589288
76 0.0031941603355432895
77 0.0030566628167436635
78 0.002865103991670166
79 0.0027068255978630424
80 0.0025369846665566687
81 0.0023751127883692336
82 0.002199803569553608
83 0.002019181978860422
84 0.0018709033256834864
85 0.0017416870943831127
86 0.0015834085724535521
87 0.0014321612723995516
88 0.0013454441692416152
89 0.0012234150785734288
90 0.0011107609379062415
91 0.0010343561378772426
92 0.0009190457253354932
93 0.0008384222503049938
94 0.000779048278409432
95 0.0006965497346303072
96 0.0006576441752414959
97 0.0005923329220915583
98 0.0005482713251984957
99 0.0004981158095588089
100 0.0004699914001719966
101 0.000426086006404872
102 0.0003865554532659348
103 0.0003515561001279974
104 0.00033030644699606017
105 0.00028624480635387295
106 0.0002823386001029979
107 0.00025608906884362317
108 0.00024265184383812327
109 0.00021968347820543595
110 0.0002087461813263735
111 0.000209839965700686
112 0.00018624668444131115
113 0.0001735905500639988
114 0.00016171577505949886
115 0.00016296577505949884
116 0.00015421590943181143
117 0.00015562214068218637
118 0.00014218492817643646
119 0.00014734106567868647
120 0.00013952870317593646
121 0.00015296593443131132
122 0.00015749706568368623
123 0.0001578096656816863
124 0.0001576533906821864
125 0.00015140347505549886
126 0.00015312220005599884
127 0.00017702800943981126
128 0.00018734033444331127
129 0.00018952779694406105
130 0.00020608997820043597
131 0.00023124578445931086
132 0.00024733923134037325
133 0.00026499517509649803
134 0.00029749454698406046
135 0.0003257753376182476
136 0.00035593095638087257
137 0.00040936742515149707
138 0.00045405425016499653
139 0.0005029595095598088
140 0.0005654584877052459
141 0.0006470193752374955
142 0.0007285804940151199
143 0.0008152974815503691
144 0.0009209206597118059
145 0.0010701367035159295
146 0.0012041967191906166
147 0.0013749748692526158
148 0.0015751274224515505
149 0.001822466700665987
150 0.0020510561820013605
151 0.0023421445071098567
152 0.0026583892165906683
153 0.0030022890573438528
154 0.0034499367450150993
155 0.0038511796576568454
156 0.004405075660986779
157 0.004937097220555589
158 0.005575210611412771
159 0.006207386417896643
160 0.0069508102900442004
161 0.0077192340778184446
162 0.008565312062508755
163 0.009434046222200558
164 0.01032902977252955
165 0.011266043672876546
166 0.012221807845093097
167 0.013228508232960337
168 0.014176615973930521
169 0.015156754074293512
170 0.016036894149617013
171 0.017006095278094432
172 0.01777358135024799
173 0.018649971513069744
174 0.019303710107047855
175 0.020038540138572227
176 0.02043665750434991
177 0.02083914991075178
178 0.02109977065146198
179 0.02114164476710466
180 0.021342891085928278
181 0.021087583257709847
182 0.020915398270159598
183 0.020482594413736732
184 0.019941978857297864
185 0.01937042675708986
186 0.01872825155371893
187 0.017915453665926676
188 0.016988595612462756
189 0.016139236005904882
190 0.015193159524309514
191 0.01416864754892402
192 0.013170383873572533
193 0.012186183648202039
194 0.011250731847863042
195 0.010307467875642485
196 0.009429514719080618
197 0.00849078262184756
198 0.007722514877827442
199 0.006933154365037701
200 0.006211448958520833
201 0.005550992683271335
202 0.004997408458080839
203 0.004390388410981779
204 0.0038916477482950347
205 0.00342509370750085
206 0.003016038404231916
207 0.0026743261572268555
208 0.0023613631477370453
209 0.002065743503879922
210 0.0017730926287724237
211 0.0015865333318333633
212 0.0013879433380082399
213 0.0012107592598148034
214 0.0010624805597638045
215 0.0009263893253384936
216 0.0008001416284174315
217 0.0007417052346453075
218 0.0006496755689886206
219 0.0005507710970780583
220 0.0005018658689326213
221 0.00045202308766324674
222 0.0003917116126427472
223 0.0003442124688756227
224 0.0003190567094908101
225 0.0002929634344813104
226 0.0002584327938441232
227 0.0002451517844643107
228 0.00023515194696106087
229 0.0002085899094518109
230 0.00021358981882862335
231 0.00018874657194356122
232 0.0001687468750624988
233 0.00016077834068318634
234 0.00015609091255674892
235 0.00015202845318093637
236 0.0001559346438071239
237 0.00014812230630387407
238 0.000142653662551749
239 0.000142966150051999
240 0.0001396849313013739
241 0.000143278650051999
242 0.0001514034906801864
243 0.00015124725317993646
244 0.0001581221031829365
245 0.00016593445006099876
246 0.0001767155563138737
247 0.00018530907819343608
248 0.00019952757819843609
249 0.00020265255944881103
250 0.00022483968445631086
251 0.00023296447196056072
252 0.00025983893447131064
253 0.0002842136251024978
254 0.0002965571188576229
255 0.0003401501063728725
256 0.0003599933188836221
257 0.00039311782514349716
258 0.0004259296939061217
259 0.00045421042829143414
260 0.0005046783314333715
261 0.0005515524783254335
262 0.000581551906461871
263 0.0006646752908691829
264 0.0006934248096288075
265 0.0007754544940351194
266 0.000864827978440431
267 0.0009465451909711807
268 0.0009981066659916801
269 0.001117792128532429
270 0.0012274775410741788
271 0.0013441940473690533
272 0.0014770042224155518
273 0.0015962208662076757
274 0.0017171561287524248
275 0.0018818407319353614
276 0.0020309004663656726
277 0.002226365822683546
278 0.0023935500164996705
279 0.0025058919071618575
280 0.0027032317103657935
281 0.0028268233635327304
282 0.0030430692229905408
283 0.0031599423386532268
284 0.003351032376227476
285 0.003513373401281974
286 0.003609309191941161
287 0.003759150141997158
288 0.0038474296951560966
289 0.0039561775701985975
290 0.0039764896702065965
291 0.004086487823368534
292 0.004063831917111657
293 0.004083987817118657
294 0.00405023840148197
295 0.004043988601477971
296 0.004010239451460969
297 0.003906647410801783
298 0.003796024332638347
299 0.003650558398207035
300 0.0035580601669216636
301 0.003402281463745727
302 0.0031808794074118514
303 0.0030213511479770415
304 0.0028758849635507288
305 0.0026541704447161064
306 0.002473704622782544
307 0.00226870869145117
308 0.002094493135137297
309 0.0018827781413121732
310 0.0016945003662426753
311 0.0014988789380462396
312 0.001359662591123177
313 0.0011674786066778666
314 0.001052324434761305
315 0.0008984211409521811
316 0.0007959229565408692
317 0.0006746751596218078
318 0.0005832706220875583
319 0.000497959584558309
320 0.00041592994702605967
321 0.0003515560626287474
322 0.00028749476885462293
323 0.00024483931883862326
324 0.00019202781256874864
325 0.00017655924069018628
326 0.00014577860317793644
327 0.00011874779691906166
328 9.35920250344993e-05
329 8.312347815543689e-05
330 6.0780165646687065e-05
331 5.734267189656211e-05
332 4.203045939081222e-05
333 3.484309688806227e-05
334 2.9374450010999795e-05
335 2.2343343758124846e-05
336 1.6718443756124882e-05
337 1.5937190631187373e-05
338 1.124979062918741e-05
339 1.2968512504749897e-05
340 8.906090628187437e-06
341 9.062346878062438e-06
342 4.374918751624968e-06
343 6.249881252374954e-06
344 4.999903126937461e-06
345 4.218665626687468e-06
346 2.81244687606248e-06
347 2.4999500009999805e-06
348 1.8749656256874862e-06
349 2.1874593758124837e-06
350 2.499956250874983e-06
351 1.4062218755624888e-06
352 1.8749687506249875e-06
353 7.812343753124938e-07
354 1.4062218755624888e-06
355 7.81237500249995e-07
356 1.24997500049999e-06
357 1.0937281254374913e-06
358 1.0937312503749926e-06
