0 1.3124918753874983e-05
1 1.0468709378562509e-05
2 1.20311906286875e-05
3 1.1718706253499993e-05
4 1.2968646878562467e-05
5 1.0937471878312521e-05
6 9.531203127687492e-06
7 1.3593650003749969e-05
8 1.3124928128687483e-05
9 1.3906200004250006e-05
10 1.2968678129062486e-05
11 1.0937406252874974e-05
12 1.1718668753499977e-05
13 1.1562431253375001e-05
14 1.1874975003625025e-05
15 1.1874931252999987e-05
16 1.1093684378062488e-05
17 1.1093693753374996e-05
18 1.4218690629437514e-05
19 1.1406140628687476e-05
20 1.2343675003749984e-05
21 1.2031212502874994e-05
22 1.265616562918749e-05
23 1.46874437545e-05
24 1.3749956255000033e-05
25 1.2812456253875011e-05
26 1.5468662504875004e-05
27 1.187490000324996e-05
28 1.328118750337499e-05
29 1.74999156300625e-05
30 1.3749931254875021e-05
31 1.499988437943746e-05
32 1.5468709379812512e-05
33 1.7187421879687492e-05
34 1.8437381255624998e-05
35 1.9374871880312472e-05
36 2.0468637505249983e-05
37 2.2812393756249985e-05
38 2.5937365632437514e-05
39 2.640606875737498e-05
40 2.6874837507999984e-05
41 2.890611250900001e-05
42 3.35935718838125e-05
43 3.843729063556247e-05
44 3.968727501174998e-05
45 4.0624768762250015e-05
46 4.7812256263874984e-05
47 5.546855626550005e-05
48 6.07809531426875e-05
49 7.109342189431249e-05
50 7.921842189968758e-05
51 8.999953440006241e-05
52 0.00010406194377887493
53 0.00011390548753374977
54 0.0001382805531628124
55 0.0001568741531709374
56 0.0001826552625526248
57 0.00020468631880924974
58 0.00024827987819406213
59 0.0002801547157076872
60 0.00030640474071243754
61 0.0003624980313538745
62 0.0004164038938656244
63 0.0004656226001366248
64 0.0005256221126482501
65 0.0005776532626598744
66 0.0006789027189417492
67 0.0007496832533383117
68 0.0008295266127319995
69 0.0009532762221466863
70 0.0010610886315558744
71 0.0011754626628364992
72 0.001282961965989686
73 0.0014338988566528737
74 0.0015674922223243108
75 0.001705459869228748
76 0.0018367089724028104
77 0.0019912397755689985
78 0.0021206136818549973
79 0.002295768800653123
80 0.0024571748163191858
81 0.0026445179694994953
82 0.00279045411641456
83 0.0029392030289540592
84 0.003118108694636998
85 0.003289514672811186
86 0.0034459191791170575
87 0.003603106835388184
88 0.0037759177135656212
89 0.003950292232378995
90 0.0041181042855440615
91 0.004310135141844061
92 0.004478414779379432
93 0.004647163798194808
94 0.004862787404505556
95 0.004985755260794308
96 0.00514575450144912
97 0.005356691807777123
98 0.005464034589042497
99 0.005678721664110745
100 0.005840595139161119
101 0.006017781214210247
102 0.006153718604878054
103 0.006299030361168428
104 0.006533560114364743
105 0.006652466539392116
106 0.006699184589406371
107 0.006861995936324304
108 0.00697433800197937
109 0.007063088067614927
110 0.007153244805157683
111 0.007189650680165308
112 0.0072690253770428676
113 0.0073232432520737465
114 0.007395898783354996
115 0.007386055520857248
116 0.007421836898982056
117 0.007386994589611995
118 0.00741293081773043
119 0.007380430839609242
120 0.007349806058356618
121 0.007308712361452558
122 0.007197931114542118
123 0.00718918183327337
124 0.0070099639613713065
125 0.006948088951975493
126 0.006893245092580679
127 0.006732152333156241
128 0.006632934689389491
129 0.006483717314338616
130 0.006412780301821495
131 0.006251061467419806
132 0.0061302810267521175
133 0.006021687342344304
134 0.005932468845433742
135 0.0058070013079023685
136 0.005569659448460683
137 0.005474190398426557
138 0.005283879138998122
139 0.005158098570218623
140 0.005040285835802806
141 0.004851225588893117
142 0.004752162898232681
143 0.0046466949700743705
144 0.004483258570045245
145 0.004333258954366559
146 0.0042371660137122446
147 0.004083260610542434
148 0.004040603919895371
149 0.003847011619842624
150 0.003784668316696434
151 0.003674043126048996
152 0.0035993562478995596
153 0.0034993575603600616
154 0.003412482444715247
155 0.0032315458727955595
156 0.0032354529727963094
157 0.0031076400415085592
158 0.0030477968977454333
159 0.002929203575840498
160 0.002884672378939686
161 0.0028140477414196835
162 0.0027826421039143104
163 0.002704048400769623
164 0.0026601426445084972
165 0.0026045178319948725
166 0.0025759244663581867
167 0.0024846747882066233
168 0.0024557691100785613
169 0.0024104567600671846
170 0.002391081550684999
171 0.0023677997944332465
172 0.002327488797535185
173 0.002325612925658122
174 0.002301237881907247
175 0.0022834257506582495
176 0.002278425981896748
177 0.002288269197528311
178 0.002281237969401497
179 0.002232332231886872
180 0.0022567072631542485
181 0.002252645160025812
182 0.002271863410013311
183 0.0022782696318956234
184 0.0022621761568972485
185 0.0022903012318992474
186 0.0022987383100239347
187 0.0023320194162875616
188 0.002348269156912873
189 0.0024021749006852473
190 0.0024137373631843736
191 0.0024354558131908714
192 0.002504986731962624
193 0.002544362266348062
194 0.002593424156987747
195 0.002630924219496373
196 0.002685298488265748
197 0.002740142007034623
198 0.002800922910170436
199 0.0029181101570833726
200 0.0029477976445863724
201 0.003093265919625373
202 0.0031360777727649364
203 0.003183733479021433
204 0.0032524836790566855
205 0.0033420142165718095
206 0.003469044529117184
207 0.003587481291651557
208 0.0036438871635407445
209 0.00377294882605937
210 0.003877167447968434
211 0.003986386407398497
212 0.004144978001190121
213 0.0042410722980780555
214 0.0044006021856273095
215 0.00448466476689993
216 0.0045776321575396175
217 0.004796693638859869
218 0.00491294350765487
219 0.005055910992051684
220 0.005196067079610307
221 0.00532512875777487
222 0.005417628648418808
223 0.005570596039085741
224 0.005702470836001308
225 0.005920906332943247
226 0.006032623729840176
227 0.006167467126750368
228 0.0062591863142808695
229 0.006413873695570369
230 0.006526841004978432
231 0.006658246111268055
232 0.006748714876923741
233 0.006817152142558301
234 0.006919651720716246
235 0.007022775983254243
236 0.007134337942647432
237 0.0072094934957932415
238 0.007199962673938557
239 0.007328555661467929
240 0.007332149089593494
241 0.007375118052103993
242 0.00741214903333987
243 0.007438868152121245
244 0.007419336277117369
245 0.007392930414600115
246 0.007411524605228681
247 0.007310118942712182
248 0.007199962436423182
249 0.00715136927392093
250 0.007093243886387053
251 0.0070074634301303075
252 0.006957307748857181
253 0.006766996720687122
254 0.006667778198774304
255 0.006514184798718928
256 0.006356217251815372
257 0.00625262273928162
258 0.006027468945477492
259 0.005926063142312555
260 0.005749970101625368
261 0.005594034364079993
262 0.005399034923415681
263 0.005170441676474745
264 0.005012786776426746
265 0.004812475123236058
266 0.004625132410688806
267 0.004531539126281747
268 0.004312477816840183
269 0.004104979582411371
270 0.003978416294872745
271 0.0037704492760723715
272 0.003655292897905307
273 0.0034496700603520586
274 0.003317795722820936
275 0.0031252964571357473
276 0.00297186005396806
277 0.002832329378916934
278 0.002646392375749623
279 0.0025042060600825615
280 0.0022860813881549987
281 0.002160770322482311
282 0.002009833478692186
283 0.0018490533661475602
284 0.0017134288004857477
285 0.0015735857067004984
286 0.001437024084788936
287 0.0013146806378757485
288 0.0011753064315917492
289 0.0010539004877954993
290 0.0009599950596489365
291 0.000862183265869687
292 0.0007704648783391873
293 0.0006824963939424996
294 0.0006089030876704994
295 0.0005329660064031247
296 0.0004920287813864995
297 0.000410466584489812
298 0.00034015476571931246
299 0.0003187483125914997
300 0.00028484218132912467
301 0.00025109256257049996
302 0.00020671775631024992
303 0.0001770302250487497
304 0.00016078045942181232
305 0.00013984296566368735
306 0.00012359314065968737
307 0.00011281196565543738
308 9.234332502675e-05
309 7.92182875214999e-05
310 7.21870500199999e-05
311 6.374966564256245e-05
312 5.6093459391062476e-05
313 4.999972188893748e-05
314 4.328104063756251e-05
315 3.9062278136812525e-05
316 3.468729375999996e-05
317 3.703104688531248e-05
318 2.7656156256625004e-05
319 2.6562384382312486e-05
320 3.281229063431247e-05
321 2.4999837506874973e-05
322 1.984358750562497e-05
323 1.984363125524998e-05
324 1.9218662505499995e-05
325 1.718742500475e-05
326 1.8593671880937513e-05
327 1.562489375424997e-05
328 1.7343653129562477e-05
329 1.312492812881249e-05
330 1.531245000462501e-05
331 1.343738125387496e-05
332 1.4999940629437487e-05
333 1.2656193753249996e-05
334 1.2968700003500001e-05
335 1.2343690628187482e-05
336 1.3749918753624977e-05
337 1.1874937502624984e-05
338 1.0781181252749975e-05
339 1.1562478128187501e-05
340 1.2656190628312486e-05
341 1.2187387503499954e-05
342 1.187492500299998e-05
343 9.062415627437468e-06
344 1.3906184378937482e-05
345 1.1406203127812494e-05
346 1.2187415628937483e-05
347 1.2343718754125026e-05
348 9.531209377812501e-06
349 1.1562468753625004e-05
350 1.2187443754000009e-05
351 1.0624937502499982e-05
352 9.999931252499976e-06
353 1.2812428128687476e-05
354 1.2812453128937508e-05
355 1.1249965628812508e-05
356 1.2812450003249996e-05
357 1.1562443752875002e-05
358 1.0781203127562489e-05
