0 6.24987500249995e-07
1 4.687406251874963e-07
2 7.812343753124938e-07
3 6.249906251874963e-07
4 0.0
5 9.374812503749925e-07
6 7.81237500249995e-07
7 7.812343753124938e-07
8 7.81237500249995e-07
9 7.812343753124938e-07
10 1.0937312503749926e-06
11 1.24997500049999e-06
12 7.812343753124938e-07
13 1.40622500049999e-06
14 1.5624718755624888e-06
15 2.3437031259374816e-06
16 4.062425001499972e-06
17 3.2811843763124752e-06
18 4.999903126937464e-06
19 4.218665626687468e-06
20 5.46865000212496e-06
21 8.281093753124937e-06
22 9.218571878687428e-06
23 1.187478750437491e-05
24 1.4530975005499882e-05
25 1.7187184381437374e-05
26 2.2343315633687338e-05
27 2.9686934386437286e-05
28 3.546807813856226e-05
29 4.4530396892062187e-05
30 5.187403439443713e-05
31 6.437378439968705e-05
32 8.374840003249934e-05
33 0.0001001543719131868
34 0.00012046652817093667
35 0.00015124715630812386
36 0.0001756216969424363
37 0.0002268707750861234
38 0.00025999505322493553
39 0.0003151502126216225
40 0.0003863988751486222
41 0.0004403041532940589
42 0.0005284275377023712
43 0.0006076448877322459
44 0.000716236450274745
45 0.0008167033596874316
46 0.0009598255472443052
47 0.001068417394158742
48 0.0012127896254648662
49 0.0013630993817703647
50 0.0015015341255783647
51 0.001655906347511425
52 0.0018162158631971116
53 0.0019669943163767977
54 0.0021349598570663602
55 0.0022955819852545447
56 0.0024135482353030467
57 0.002603857026000106
58 0.002736510888549729
59 0.0028194781667035406
60 0.0029344760136228534
61 0.0030463488730440398
62 0.0031377534105779138
63 0.0031965025668490403
64 0.003235720138742476
65 0.003247751185623413
66 0.003293219357512726
67 0.0033239997825246013
68 0.0032866569418867875
69 0.0032486887137472254
70 0.0031355657793282893
71 0.0031180661136961016
72 0.00307431690743035
73 0.0029682254448847277
74 0.002845259079214541
75 0.0027690102541864177
76 0.0026097943822527303
77 0.0024888592790805438
78 0.0023985485696688563
79 0.002226989291478921
80 0.0020918356445526094
81 0.001971525247631423
82 0.001849027625708486
83 0.0016982491975266747
84 0.0015837202412318006
85 0.0014760658818166142
86 0.0013532558473920522
87 0.001234195656721491
88 0.001163103106694991
89 0.0010748233597899291
90 0.0009763878472494303
91 0.0008873270472150558
92 0.000831703078443181
93 0.0007377986502832441
94 0.0006776434346349324
95 0.0006351443064934958
96 0.0005785827845971829
97 0.0005287400470768086
98 0.0004929594501891212
99 0.0004487415907964343
100 0.0004090548314063721
101 0.00038264901889687223
102 0.0003631182188887473
103 0.00033546241262862254
104 0.0003153064782463101
105 0.0002831196782330604
106 0.0002578076407236856
107 0.0002481203000951232
108 0.00023343312196431076
109 0.0002142147094568108
110 0.00019890250945193597
111 0.00019890249695181102
112 0.00018343408131949853
113 0.00017530918444206122
114 0.00017312171256649874
115 0.00016030949381099876
116 0.00015671578443518638
117 0.0001559345656839364
118 0.00015437205943393635
119 0.00015530955943443634
120 0.00015718455943506128
121 0.00014905971568156146
122 0.0001567158094355614
123 0.00016640311256362373
124 0.0001539033219344363
125 0.00017312173444143617
126 0.0001739029594415612
127 0.00018968390944756105
128 0.00018937143444768608
129 0.00020108994070218593
130 0.0002217146094600609
131 0.0002506202844709356
132 0.00026390128135137317
133 0.00029874438448943534
134 0.00031280657512037255
135 0.00035077462513499714
136 0.0003974923970288094
137 0.0004346792907919343
138 0.0004985843814408712
139 0.0005488959220844332
140 0.0006149883627363707
141 0.0007151427471495571
142 0.000803109875307994
143 0.0009382635066102431
144 0.0010437302816514924
145 0.001171227991074554
146 0.0013687241005271146
147 0.0015852824724835496
148 0.0017893410850631745
149 0.001999806053892422
150 0.0023191749915149208
151 0.0026119818197514796
152 0.002966975376137101
153 0.0033635303325394734
154 0.003820552682718471
155 0.004351480164173966
156 0.0048608456768648375
157 0.005482083827103458
158 0.006114103277348951
159 0.0068561202370088885
160 0.007657199074816134
161 0.00844827801887225
162 0.009306855606693743
163 0.010129652278893172
164 0.011180413685546673
165 0.012124614429661158
166 0.013177407192563152
167 0.014165044402317705
168 0.015278773568371875
169 0.016247974143744133
170 0.017197174606609876
171 0.018137626116342048
172 0.01904588975731798
173 0.019940247735793795
174 0.020518986892261403
175 0.021206160923783156
176 0.021674902395829587
177 0.022158487033521468
178 0.022463480802390582
179 0.022521136277401453
180 0.022544261021170076
181 0.022249579405423152
182 0.022026301670978077
183 0.021553498239535073
184 0.021150537198759277
185 0.020577579645408968
186 0.019742126051342346
187 0.018946360416659553
188 0.018093876675704244
189 0.017147956619093366
190 0.016147506887461756
191 0.015220649540226575
192 0.014144263889811208
193 0.013171000686317404
194 0.012112114529662533
195 0.011094008426145356
196 0.010177619869539986
197 0.009237324750434366
198 0.008367185281341874
199 0.007519701546640821
200 0.0067962775244886356
201 0.0061080092773508265
202 0.005464740508350336
203 0.004868032645624839
204 0.004293981301650966
205 0.0037983654577133483
206 0.0033679050762958503
207 0.0029752561386452276
208 0.002618387841634917
209 0.002251519894614734
210 0.001992306113265236
211 0.0017496543131739863
212 0.0015557518287228013
213 0.0013435684348904271
214 0.0011813839254542408
215 0.001024511797269305
216 0.0009107639128514935
217 0.0007992035846828069
218 0.0006968617565199949
219 0.0006382691939964952
220 0.0005481145783364334
221 0.00048827214081105866
222 0.0004451478314213716
223 0.000385305225147747
224 0.0003520245376359973
225 0.0003249938407499352
226 0.0002873383626102479
227 0.00026327629697593555
228 0.0002470266313448732
229 0.0002206207907104359
230 0.00021437093133262335
231 0.00019187140632312356
232 0.00018062151882024865
233 0.0001654656063141237
234 0.00015734084380999874
235 0.00016718431881462375
236 0.00014530975005612394
237 0.00015359089380837383
238 0.00015109095630674884
239 0.00015359080630949888
240 0.00015171584068381132
241 0.00014671596880674894
242 0.00015827827193568627
243 0.00015171587193356132
244 0.00015984069693656132
245 0.00016187195943681126
246 0.00017390300006662356
247 0.00017765290944306124
248 0.00019999624382637343
249 0.00020030872507699856
250 0.00021952708446006076
251 0.0002314018813387482
252 0.0002418704344674356
253 0.00026686993447806045
254 0.00028827575636137284
255 0.00031671273449768503
256 0.00032733754700093513
257 0.0003637430876404974
258 0.0003870238970241844
259 0.00040796099078255953
260 0.0004371792314182467
261 0.0004813970283110589
262 0.0005178026783238086
263 0.0005723329564694956
264 0.0006403004064967453
265 0.0006751434690103698
266 0.0007484233190377449
267 0.0008251406909418062
268 0.0008929518472181808
269 0.0009506070378653676
270 0.0010631049097843048
271 0.0011391972191883667
272 0.0012587262629839906
273 0.0013691928442773654
274 0.0015029404318274886
275 0.0016029386131147377
276 0.001728561181914863
277 0.001828871694454736
278 0.0019391821351202971
279 0.002115584903939921
280 0.002217770710227046
281 0.0023715176259128568
282 0.0024949530322079818
283 0.0026382314478880405
284 0.002748229207310231
285 0.002845883766721041
286 0.002970100210516414
287 0.0030268177699157256
288 0.003122284888699976
289 0.0032018144262321007
290 0.0032205642793627877
291 0.0032482197356281622
292 0.003277594245011475
293 0.003279312985638039
294 0.003261344760628663
295 0.0031890020856042874
296 0.0031807212137256007
297 0.0030719734074323517
298 0.0030082244824086017
299 0.002941819557381102
300 0.00283572755421904
301 0.00274619814480648
302 0.0025376083416026687
303 0.002427766710309669
304 0.0022901130821303575
305 0.0021258973914442965
306 0.0019829311601387966
307 0.0018002784131949858
308 0.0016340315662544248
309 0.0014630974380613635
310 0.0013405996755169898
311 0.0012121645567173662
312 0.0010596673597845544
313 0.000926076362857118
314 0.000811547194061744
315 0.0007302986502822443
316 0.0006070197064851203
317 0.0005284275283285584
318 0.0004443666064209967
319 0.0003690554970178096
320 0.0003135877688711226
321 0.0002635887719760604
322 0.00023108937508899835
323 0.00018187158131924869
324 0.0001490597063068739
325 0.00012062273129624915
326 9.874814691331175e-05
327 8.218593753187436e-05
328 6.3748765649687e-05
329 5.046778439431212e-05
330 4.359292814168718e-05
331 3.656180626399974e-05
332 2.765571876087481e-05
333 2.3593300008999837e-05
334 1.8749640632437354e-05
335 1.1874768754624901e-05
336 1.1249784379312407e-05
337 9.062337503374934e-06
338 7.968596878062438e-06
339 6.249893752374958e-06
340 4.8436531269374625e-06
341 5.156146877062458e-06
342 4.531175001749971e-06
343 2.8124437511249784e-06
344 2.6561968760624795e-06
345 2.1874562508749826e-06
346 9.37487500374995e-07
347 1.874962500749985e-06
348 1.7187156256874862e-06
349 7.812343753124938e-07
350 1.2499781254374913e-06
351 1.4062218755624888e-06
352 9.374812503749925e-07
353 4.687406251874963e-07
354 1.24997500049999e-06
355 7.81237500249995e-07
356 4.687406251874963e-07
357 1.0937281254374913e-06
358 3.124937501249975e-07
