0 1.7187156256874862e-06
1 1.5624687506249875e-06
2 1.4062218755624888e-06
3 1.4062218755624888e-06
4 1.4062218755624888e-06
5 1.0937281254374913e-06
6 2.499953125937482e-06
7 9.374843753124937e-07
8 1.8749687506249875e-06
9 2.0312093758124837e-06
10 2.6561968760624795e-06
11 2.6561968760624795e-06
12 3.2811843763124752e-06
13 4.2186718765624705e-06
14 4.2186687516249695e-06
15 4.8436562518749636e-06
16 6.4061343773124536e-06
17 8.281093753124936e-06
18 1.1249796879062415e-05
19 7.812350002999942e-06
20 1.3593493755124892e-05
21 1.4218475005499881e-05
22 1.3749743755124891e-05
23 1.9218381257374864e-05
24 2.4843265634687318e-05
25 2.656198438531231e-05
26 3.2655646887062286e-05
27 4.2499212515749716e-05
28 6.0623850022999544e-05
29 6.64050062748745e-05
30 8.046721878062431e-05
31 9.984187503749926e-05
32 0.00011609153754424914
33 0.00014937214068218643
34 0.00018905888132237357
35 0.00022577696571068575
36 0.0002745260251044981
37 0.0003256188032489349
38 0.00039858616890162216
39 0.0004681160814283713
40 0.000564051793964121
41 0.0006952992377652448
42 0.0008343590753184933
43 0.0009726376909961796
44 0.0011551342098158031
45 0.0013674739598958019
46 0.0015934070849833006
47 0.0018818392007159859
48 0.002163083788324234
49 0.0024855778228185443
50 0.0028618202479700405
51 0.003237750804358913
52 0.003646649182641346
53 0.004080547104682906
54 0.004591474698631027
55 0.005098496401946962
56 0.005590518236510269
57 0.006134570364842704
58 0.00660424904939401
59 0.007122207868342634
60 0.007583136637267257
61 0.00804078405619388
62 0.008439057590723187
63 0.00875233291271675
64 0.00906857675658987
65 0.009286697722295552
66 0.0095377866848913
67 0.009471225750484993
68 0.009425913825473498
69 0.009339977853567933
70 0.009196543231635365
71 0.008880299222140559
72 0.008674209372062558
73 0.008249842309403808
74 0.007867349981125382
75 0.007339391187176262
76 0.006880650052623951
77 0.006445189636832263
78 0.005835670024099517
79 0.005351772870792581
80 0.004852251211225775
81 0.004376322995415092
82 0.0038674260858532813
83 0.0034500904169416594
84 0.0030733789386712283
85 0.002731197841668165
86 0.002420735129047419
87 0.0020346486132777333
88 0.001775591222550549
89 0.0015655952693446134
90 0.0013585678942671148
91 0.0011635715379442414
92 0.0009970121753814923
93 0.0008815456722115557
94 0.0007263923971520569
95 0.0006348316502419952
96 0.0005388959814553709
97 0.00047624096893062145
98 0.000408742231405372
99 0.0003518683126337472
100 0.0002962443907371853
101 0.000262651256349873
102 0.00022921438446231083
103 0.00020437111257774854
104 0.0001770278969420612
105 0.0001514033281834363
106 0.00013812232817843646
107 0.00012062270942081159
108 0.00010218555941381171
109 9.843563128737429e-05
110 8.37484031569369e-05
111 7.890474378012437e-05
112 7.109238127737449e-05
113 6.8436196901062e-05
114 5.921762189756207e-05
115 5.531144064618709e-05
116 5.781138752224961e-05
117 4.640535001799968e-05
118 5.078030001899965e-05
119 4.515538439231221e-05
120 4.828031251874967e-05
121 4.578036564268718e-05
122 4.640538751724965e-05
123 4.843657814343717e-05
124 4.5780368767624664e-05
125 4.8592825018499635e-05
126 5.015531251874966e-05
127 5.7967631272374525e-05
128 6.437376877462456e-05
129 6.562372815043699e-05
130 6.921741877662449e-05
131 7.499857502849942e-05
132 8.515463128237435e-05
133 9.624815316193682e-05
134 0.00010546676253974921
135 0.00011281034379312418
136 0.000131872493800124
137 0.0001517158594328114
138 0.00018702769694606104
139 0.00019593376882462354
140 0.00022671444071118582
141 0.0002582763532229356
142 0.0003073379282414352
143 0.00034280599075518466
144 0.00040889845953080966
145 0.0004838970689336211
146 0.0005524894908351832
147 0.0006567062658746827
148 0.0007540481284124318
149 0.000883733190961181
150 0.0010354490003949923
151 0.0011904460473290536
152 0.0013918484817803643
153 0.0016095006131127381
154 0.0018798077788444241
155 0.002131990572688546
156 0.0024462032759344815
157 0.0028672890760934786
158 0.0032302508668576617
159 0.003683523470155598
160 0.004149452085958282
161 0.004706628976795462
162 0.005266618270759584
163 0.005850200967855644
164 0.0065315941899912
165 0.007208144096493069
166 0.007902661896762066
167 0.008634679247040056
168 0.009393102081708364
169 0.010009809153816926
170 0.010902448107287853
171 0.011545561263774718
172 0.0122014863952721
173 0.012814130711135775
174 0.013394588495730086
175 0.01390192248967521
176 0.014212541911661769
177 0.014545816258674822
178 0.014779405577513446
179 0.014883466124427513
180 0.014891903771299583
181 0.014771124896252076
182 0.01448644272114558
183 0.014172698505404892
184 0.01382442402401952
185 0.013417400467615649
186 0.012776475214245717
187 0.012220704570283597
188 0.011397907698096038
189 0.010786669244740105
190 0.010158087706995854
191 0.009321384497310053
192 0.00861186684703806
193 0.007966098131162376
194 0.007194706374622512
195 0.0064948763243485134
196 0.0057964520522089565
197 0.005184276467595647
198 0.004719909964300718
199 0.004089922073433533
200 0.0036728987826493476
201 0.0032096263480980375
202 0.002820102322953542
203 0.0024619844353112935
204 0.002138396675816484
205 0.001857308322583548
206 0.0016005945068598626
207 0.0013698175036499266
208 0.0012179455879632404
209 0.001039823972270555
210 0.0008849831503369933
211 0.0007379547377802444
212 0.0006423315064948698
213 0.0005631142908391831
214 0.0005049903470680588
215 0.00039249251889962215
216 0.00035077457825843483
217 0.00029921306886362275
218 0.0002581201094728107
219 0.0002265581594618106
220 0.00019468378132437357
221 0.00016624681881362378
222 0.0001551532938091238
223 0.00013734112192756147
224 0.00012046641879662408
225 0.00010984164066718668
226 9.437319066118684e-05
227 8.140469378112437e-05
228 7.218613127737446e-05
229 6.906119377612447e-05
230 6.765496877562451e-05
231 5.64051625217496e-05
232 5.859265002199958e-05
233 5.249899689506213e-05
234 4.999905001899961e-05
235 4.765533439331217e-05
236 4.499915626687469e-05
237 5.015530626887464e-05
238 4.6092875017499666e-05
239 4.765534064318716e-05
240 5.2186512519749654e-05
241 4.640536251774967e-05
242 4.203045939081221e-05
243 5.312398752024962e-05
244 5.796764064718708e-05
245 6.171758439831207e-05
246 6.234255002399954e-05
247 7.327985315293693e-05
248 7.92172594048119e-05
249 8.421713753224934e-05
250 9.59356844113118e-05
251 0.0001046855062898742
252 0.00011249782504349917
253 0.00013546615317693654
254 0.00014671597193056143
255 0.00017171547819043616
256 0.00019140258757324862
257 0.0002278081594618107
258 0.0002571826032229355
259 0.00030827541574168505
260 0.0003632743626377473
261 0.00041686705328393425
262 0.0004718659939301213
263 0.0005567081533369332
264 0.0006334253752424955
265 0.0007515482190356195
266 0.0008721709378312431
267 0.0010332616253924925
268 0.0011723213223235535
269 0.0013621615223945525
270 0.0015735638974720507
271 0.001794653253809923
272 0.002062616991410171
273 0.002385579697781045
274 0.002741979191666165
275 0.003113846904311914
276 0.0034613403294434107
277 0.0039171127014959685
278 0.004321011673516531
279 0.004836939123717527
280 0.00533849193641127
281 0.005848482624097519
282 0.006335504496160078
283 0.006924555643262136
284 0.0073947026559468805
285 0.00784422554048919
286 0.008232186953135939
287 0.008615304806403875
288 0.008940767381527373
289 0.009171231790989179
290 0.009351072037934243
291 0.009508100384867298
292 0.009528568625502483
293 0.009489662984865302
294 0.009262323691026178
295 0.00909170170971581
296 0.008823269231490368
297 0.00842187097820544
298 0.008070939912451754
299 0.007566105793509131
300 0.007165644896477072
301 0.006649560752534946
302 0.006105508802323951
303 0.005672860464665704
304 0.00509943426443971
305 0.004589131208000842
306 0.004110546667191655
307 0.003693523288909222
308 0.0032658753543679123
309 0.0029036945823583534
310 0.0024924525165746702
311 0.0021643338570728585
312 0.0018712144132117354
313 0.0015993446037329254
314 0.001368255191146177
315 0.0011752900223245533
316 0.0009909185753784924
317 0.0008249842128157439
318 0.0006868618971370574
319 0.0005821763877222454
320 0.0004792096189326212
321 0.0003860864126467471
322 0.0003220250469990601
323 0.0002853070501089978
324 0.0002248394782104358
325 0.00017827786569268612
326 0.00015452830630887385
327 0.00012124768129637408
328 9.890437503749927e-05
329 7.921722503049939e-05
330 6.78112062758745e-05
331 5.562395002099963e-05
332 4.3280434391312186e-05
333 3.687427813943724e-05
334 2.8124462510749796e-05
335 2.515577813443734e-05
336 2.140583750824985e-05
337 1.5155968755624885e-05
338 1.4218475005499883e-05
339 1.1406034379312411e-05
340 9.218571878562426e-06
341 9.06232812843743e-06
342 7.343612502749944e-06
343 5.312393752124958e-06
344 6.718625002499951e-06
345 4.062418751624969e-06
346 3.2811875012499763e-06
347 2.3437031259374816e-06
348 3.4374343763124744e-06
349 1.5624718755624888e-06
350 2.6561968760624795e-06
351 2.6561968760624795e-06
352 2.031212500749985e-06
353 1.4062218755624888e-06
354 1.874962500749985e-06
355 1.24997500049999e-06
356 1.8749656256874862e-06
357 9.374812503749925e-07
358 2.031212500749985e-06
