0 0.0
1 1.5624687506249876e-07
2 1.5624687506249876e-07
3 4.687406251874963e-07
4 3.124937501249975e-07
5 6.24987500249995e-07
6 1.5624687506249876e-07
7 1.5624687506249876e-07
8 4.687406251874963e-07
9 4.687406251874963e-07
10 4.687406251874963e-07
11 4.687406251874963e-07
12 3.124937501249975e-07
13 7.812343753124938e-07
14 1.4062218755624888e-06
15 6.24987500249995e-07
16 1.5624687506249875e-06
17 6.24987500249995e-07
18 1.874962500749985e-06
19 7.812343753124938e-07
20 1.0937281254374913e-06
21 2.812443751124978e-06
22 2.9686906261874765e-06
23 2.9686906261874765e-06
24 3.4374312513749733e-06
25 4.843653126937461e-06
26 4.531159376812463e-06
27 6.249875002499951e-06
28 5.624887502249955e-06
29 7.343603127937443e-06
30 7.343603127937442e-06
31 9.687306253874922e-06
32 1.3437231255374891e-05
33 1.3280984380312393e-05
34 1.4062218755624885e-05
35 2.1405821883562336e-05
36 2.0624587508249835e-05
37 2.1562068758624826e-05
38 3.124937501249976e-05
39 3.4843053138937225e-05
40 3.9217965640687184e-05
41 5.031149377012459e-05
42 5.3280184396312074e-05
43 6.734240315193696e-05
44 7.702970940581187e-05
45 9.046694066118679e-05
46 0.00010296669066618667
47 0.0001096853062938741
48 0.0001276536969260615
49 0.00015734060318793627
50 0.00016655916881662367
51 0.0001949961000779985
52 0.0002157769344613108
53 0.00023093288134237312
54 0.00024796379072418553
55 0.00026327598448031036
56 0.0002873380032399353
57 0.00030702510949781
58 0.00032030609387812247
59 0.00031858737825243497
60 0.0003432743845123097
61 0.0003443681126377473
62 0.0003568678626427471
63 0.0003476492970140597
64 0.0003409306813863724
65 0.00031311873762524765
66 0.0003343683126337475
67 0.0003114000219995601
68 0.00029374412511749777
69 0.00027390077198456025
70 0.00025186996260074797
71 0.00023499530009399818
72 0.00021640192196156074
73 0.00019015244695106103
74 0.0001740590188196236
75 0.00014155966880662386
76 0.0001374972500549989
77 0.00011781014379712407
78 0.0001153101937961241
79 9.031069378612428e-05
80 7.812343753124937e-05
81 7.187356252874942e-05
82 5.6561368772624534e-05
83 4.9842753144937096e-05
84 3.906171876562471e-05
85 3.328058438831223e-05
86 2.8749425011499778e-05
87 2.4374512509749816e-05
88 2.1093328133437335e-05
89 1.6718415631687367e-05
90 1.437471250574988e-05
91 1.1406021879562405e-05
92 9.531059378812423e-06
93 6.562368752624948e-06
94 6.249875002499949e-06
95 4.062418751624968e-06
96 4.374912501749965e-06
97 3.437431251374973e-06
98 3.5936781264374722e-06
99 2.6561968760624795e-06
100 2.8124437511249775e-06
101 2.1874562508749826e-06
102 1.874962500749985e-06
103 1.7187156256874862e-06
104 7.812343753124938e-07
105 3.124937501249975e-07
106 1.0937281254374913e-06
107 1.0937281254374913e-06
108 3.124937501249975e-07
109 3.124937501249975e-07
110 7.812343753124938e-07
111 6.24987500249995e-07
112 4.687406251874963e-07
113 6.24987500249995e-07
114 0.0
115 3.124937501249975e-07
116 3.124937501249975e-07
117 3.124937501249975e-07
118 0.0
119 1.5624687506249876e-07
120 1.5624687506249876e-07
121 0.0
122 0.0
123 1.5624687506249876e-07
124 4.687406251874963e-07
125 0.0
126 0.0
127 0.0
128 1.5624687506249876e-07
129 3.124937501249975e-07
130 0.0
131 4.687406251874963e-07
132 4.687406251874963e-07
133 1.5624687506249876e-07
134 3.124937501249975e-07
135 4.687406251874963e-07
136 6.24987500249995e-07
137 1.5624687506249876e-07
138 4.687406251874963e-07
139 6.24987500249995e-07
140 1.7187156256874862e-06
141 7.812343753124938e-07
142 1.24997500049999e-06
143 1.4062218755624888e-06
144 2.3437031259374816e-06
145 1.5624687506249875e-06
146 2.1874562508749826e-06
147 3.437431251374974e-06
148 3.9061718765624706e-06
149 3.2811843763124744e-06
150 6.56236875262495e-06
151 7.812343753124933e-06
152 6.718615627687445e-06
153 1.0468540629187414e-05
154 1.3437231255374886e-05
155 1.703090938181236e-05
156 1.8749625007499853e-05
157 2.453075938481232e-05
158 3.249935001299975e-05
159 3.765549689006219e-05
160 5.171771564568711e-05
161 6.156126877462452e-05
162 8.015464690706186e-05
163 0.00010031049379012426
164 0.00012577873442531153
165 0.00014749705005899884
166 0.00020093348133037333
167 0.0002510887282254356
168 0.0002834318313633727
169 0.00035874282514349704
170 0.0004424911501769962
171 0.0005663949221015579
172 0.0006563931221375575
173 0.0008457643347133058
174 0.0010246670066598666
175 0.0012435688786224274
176 0.0014990325193496138
177 0.00184277564448711
178 0.002169644107117858
179 0.0025774484510309795
180 0.003024470760584788
181 0.0036116465170696584
182 0.004136479770404592
183 0.0048403719425611485
184 0.005518795874082517
185 0.00634971675566489
186 0.007115326443471134
187 0.007984996550068998
188 0.008799199016019676
189 0.009732617847643043
190 0.010577913441731167
191 0.011424615257694844
192 0.01219116242675146
193 0.01306880112397752
194 0.013555353892922142
195 0.01413409231815363
196 0.014474085518289636
197 0.014734392812143775
198 0.014951888462230759
199 0.01493235760284795
200 0.014737673996520076
201 0.014592208155836882
202 0.014148310783784337
203 0.013687070008599833
204 0.013225672986540269
205 0.012683965070698591
206 0.012056477620447597
207 0.011462270754584905
208 0.01081415871682566
209 0.010210108297834045
210 0.009499810003799925
211 0.008984195316093681
212 0.008451237225255495
213 0.007840936931261373
214 0.007382821093578128
215 0.006865175196496071
216 0.006420027849443012
217 0.005998161286774262
218 0.0056158251834963315
219 0.005192708645827084
220 0.004913339233215338
221 0.004606001629967404
222 0.004333663326733467
223 0.0040892932141357195
224 0.0039032031859362816
225 0.003691644917101658
226 0.0034718055638887223
227 0.003340401941961159
228 0.0031261874762504747
229 0.0029838465730685397
230 0.0028944733605327897
231 0.0028047876542469166
232 0.0027347890542189167
233 0.0026776026979460407
234 0.002583854572908544
235 0.002552136457270854
236 0.002562604997900043
237 0.002558542579148417
238 0.0025974480510389795
239 0.0026091665666686673
240 0.002665571688566229
241 0.002677758944821104
242 0.0028199436011279774
243 0.00292072283554329
244 0.003024002019959601
245 0.0031755614887702243
246 0.0033889947201055986
247 0.0035946156076878486
248 0.0038107050358992824
249 0.0041342923141537155
250 0.004402568198636025
251 0.004789591708165837
252 0.005216458170836582
253 0.005623793774124517
254 0.006105815383692328
255 0.006623461280774382
256 0.007159075568488632
257 0.00787656121877562
258 0.00843983120337593
259 0.009158723075538491
260 0.009901051978960419
261 0.010687286254274921
262 0.011379772404551918
263 0.012152256954860902
264 0.012736620267594648
265 0.01343348133037339
266 0.013975814233715331
267 0.014492210155796886
268 0.014893764624707512
269 0.015275475740485194
270 0.015361567768644635
271 0.015521095828083437
272 0.015453753424931497
273 0.015190789934201311
274 0.014883139837203262
275 0.014503616177676442
276 0.014033781824363512
277 0.013539729205415893
278 0.012932710095798078
279 0.012288660476790466
280 0.011815388692226153
281 0.011100090498190033
282 0.010536508019839604
283 0.009968238135237294
284 0.009357937841243173
285 0.008859666556668864
286 0.008313114987700248
287 0.007797187806243876
288 0.007349696756064876
289 0.006737521499570011
290 0.006235344043119138
291 0.005778946921061577
292 0.005226457970840583
293 0.004722561798764021
294 0.004320382342353154
295 0.0038327358452830934
296 0.003400244495110099
297 0.003021345823083539
298 0.002628384932301354
299 0.0022969853102937947
300 0.0019737105257894845
301 0.0016851225475490491
302 0.0014462210755784885
303 0.0012257567348653024
304 0.0010424791504169912
305 0.0009023257034859304
306 0.0007324853502929941
307 0.0006187376252474951
308 0.0005274894502109958
309 0.0004315538689226217
310 0.0003654614407711845
311 0.0002829630907381853
312 0.0002320266094678107
313 0.00020562088758224845
314 0.00015952805943881122
315 0.00013171611567768643
316 0.00010702910941781164
317 8.515454690906181e-05
318 7.359227815443691e-05
319 6.234250314993699e-05
320 5.0155246895062104e-05
321 4.39053718925622e-05
322 3.7499250014999725e-05
323 2.5468240635187314e-05
324 2.187456250874984e-05
325 1.7499650006999854e-05
326 1.390597188056238e-05
327 9.999800003999917e-06
328 9.999800003999914e-06
329 6.562368752624946e-06
330 4.687406251874964e-06
331 6.718615627687447e-06
332 3.90617187656247e-06
333 2.1874562508749826e-06
334 2.6561968760624795e-06
335 1.7187156256874862e-06
336 1.24997500049999e-06
337 2.0312093758124837e-06
338 1.24997500049999e-06
339 9.374812503749925e-07
340 4.687406251874963e-07
341 3.124937501249975e-07
342 6.24987500249995e-07
343 1.5624687506249876e-07
344 9.374812503749925e-07
345 4.687406251874963e-07
346 3.124937501249975e-07
347 4.687406251874963e-07
348 3.124937501249975e-07
349 1.5624687506249876e-07
350 1.5624687506249876e-07
351 1.5624687506249876e-07
352 1.5624687506249876e-07
353 3.124937501249975e-07
354 3.124937501249975e-07
355 1.5624687506249876e-07
356 6.24987500249995e-07
357 3.124937501249975e-07
358 1.5624687506249876e-07
