0 1.4062218755624888e-06
1 9.374875002499951e-07
2 1.24997500049999e-06
3 7.812343753124938e-07
4 9.374812503749925e-07
5 1.0937281254374913e-06
6 1.874962500749985e-06
7 1.7187156256874862e-06
8 1.7187156256874862e-06
9 1.24997500049999e-06
10 1.4062218755624888e-06
11 1.40622500049999e-06
12 2.4999500009999805e-06
13 4.5311656266874676e-06
14 4.999903126937461e-06
15 5.1561500019999614e-06
16 5.468643752124957e-06
17 7.656100002999941e-06
18 8.906090628437432e-06
19 9.21858437843743e-06
20 1.0781037504249911e-05
21 1.4530984380562387e-05
22 1.3593506255124895e-05
23 2.2968318758624836e-05
24 2.8436953136062304e-05
25 3.234314376224977e-05
26 4.0467987515374714e-05
27 4.9999068768874635e-05
28 6.0623868772874576e-05
29 7.765479377937445e-05
30 0.00010406052816493674
31 0.000132966243800874
32 0.00016890307818993633
33 0.00021015225320543596
34 0.0002665574907265605
35 0.0003334312376282475
36 0.00043202305954055935
37 0.000544052268958121
38 0.0006438941127457455
39 0.0008104535878086194
40 0.0010026374253812428
41 0.0012545076723549276
42 0.0015085654130759891
43 0.0018273093975731732
44 0.0022110524977152954
45 0.0026972930447813556
46 0.003183065204339037
47 0.003818209485832908
48 0.004479759779832902
49 0.005264588827006087
50 0.00605332400855683
51 0.0070758048276982
52 0.007984537603047442
53 0.009061704712838117
54 0.010208871091393299
55 0.01150650264188841
56 0.012590232073555781
57 0.013817865467776639
58 0.014882221136923265
59 0.015953762715465697
60 0.016935307534583062
61 0.017631075009851675
62 0.018432779463279727
63 0.01893573829160092
64 0.019222764197963545
65 0.019333075038624227
66 0.019096203807289103
67 0.018754804060287674
68 0.018369811594511867
69 0.017613887275476744
70 0.016647343840722816
71 0.01574736046225926
72 0.014683630652478326
73 0.013487559383271714
74 0.012188521070273472
75 0.011048542604219048
76 0.009897470485029179
77 0.008761710390845435
78 0.007649074959170944
79 0.006738154377578199
80 0.005724580224056519
81 0.0049052206018673356
82 0.0042174208359831555
83 0.0035063404169620362
84 0.0029501008230020426
85 0.002420579519673981
86 0.002043242966404172
87 0.0016748122100165503
88 0.001369193041148552
89 0.001132166206682241
90 0.0009224827066011184
91 0.0007604544909146819
92 0.0005865514939729958
93 0.0005015530939408711
94 0.00039468002827668455
95 0.0003195252126228728
96 0.00026562006572556046
97 0.00020624608132962342
98 0.00017796545006774873
99 0.00014671599693043643
100 0.0001282788344236866
101 0.00010234180628912423
102 7.952978753012442e-05
103 6.218633127362453e-05
104 6.015511564831205e-05
105 5.281150626999964e-05
106 4.062421251587472e-05
107 3.5780556263874745e-05
108 3.374937501299977e-05
109 2.5780765634812325e-05
110 2.1093343758124843e-05
111 1.8280909382062374e-05
112 1.8437159381937366e-05
113 1.828089688206236e-05
114 1.7655931256499882e-05
115 1.531221563068738e-05
116 1.4843471880687377e-05
117 1.1093546879187415e-05
118 1.2187271879687404e-05
119 1.2031015629687401e-05
120 1.296849688006239e-05
121 1.343724688006239e-05
122 1.3749740630437391e-05
123 1.2343521879687401e-05
124 1.453096875562488e-05
125 1.2343518754624902e-05
126 1.5312225005499884e-05
127 1.453097500562488e-05
128 1.4999718755749878e-05
129 1.4843475005624881e-05
130 1.4530978130562382e-05
131 1.9218396882312376e-05
132 1.9218387507249858e-05
133 1.796843125649989e-05
134 2.4374550009249836e-05
135 2.671822813543731e-05
136 2.5468300009499842e-05
137 3.4686887512624786e-05
138 3.2030625012624775e-05
139 3.703054376437474e-05
140 3.9374253140062195e-05
141 4.51553875172497e-05
142 5.499894689631211e-05
143 5.7498900021999586e-05
144 6.4998784399812e-05
145 7.359235940306191e-05
146 8.609212503287433e-05
147 8.812338128349937e-05
148 0.00010999791566718668
149 0.0001281225562996241
150 0.00014280982817943647
151 0.00015671583130912384
152 0.00018640269069718609
153 0.00020796476258087338
154 0.0002246832907114358
155 0.00027733849698193555
156 0.00031561904074568504
157 0.0003381186626291225
158 0.00039155515014924707
159 0.0004588976314244965
160 0.0005042092064437461
161 0.0005637393314657456
162 0.0006399878658705579
163 0.0007121741127724948
164 0.0007629543565411196
165 0.0008531089753271183
166 0.0009359198941094934
167 0.0010254495097671795
168 0.0011273224941803662
169 0.0011912274754564912
170 0.0012801320286156784
171 0.0013812239942783643
172 0.001470597213063864
173 0.001549970753718676
174 0.0016080948443634876
175 0.0016393441974993006
176 0.0016963743162730497
177 0.0017251237631607365
178 0.0017974661163114246
179 0.0017869977788066746
180 0.0017974661913129238
181 0.0017716853038036735
182 0.0017409048006643627
183 0.0017043429287752995
184 0.0016520000537570498
185 0.0016366879256244878
186 0.001564501931846363
187 0.0014688786849353015
188 0.001380286459902053
189 0.0013090378630012409
190 0.0012291956754699916
191 0.0011115414660514294
192 0.0010393554222724297
193 0.0009706066878711178
194 0.0008793584440869932
195 0.0008077973690568686
196 0.0007167052502752449
197 0.0006660811658793076
198 0.0005842077814733709
199 0.0005078029095694333
200 0.00046686618455380916
201 0.00041796091890937176
202 0.0003579620376364974
203 0.00031030667824343515
204 0.0002843695594841853
205 0.00025233900634674813
206 0.00021249598758099847
207 0.00020108999695106106
208 0.00016530935631349874
209 0.0001389036531778115
210 0.0001270288094239365
211 0.0001159353344186867
212 0.00010437301566518668
213 9.14045562846243e-05
214 7.734229377937442e-05
215 6.781121252599949e-05
216 6.109262189856207e-05
217 5.578019689618709e-05
218 4.6092909392312205e-05
219 4.312418126662468e-05
220 4.0467996890687225e-05
221 3.6249334388437267e-05
222 3.0624412511874774e-05
223 3.4218109387937276e-05
224 2.8905728135562307e-05
225 2.4218300009249842e-05
226 2.7811978135562318e-05
227 2.1874584383312345e-05
228 2.1874596883312356e-05
229 1.5624709380812377e-05
230 1.640593438131237e-05
231 1.718717813168737e-05
232 1.4374731255374885e-05
233 1.3749743755249891e-05
234 1.3124750004999897e-05
235 1.453099063043739e-05
236 1.0468550003999916e-05
237 1.374974688018739e-05
238 1.1562278129437408e-05
239 1.32810093799374e-05
240 1.2499771879812401e-05
241 1.5155984380562386e-05
242 1.1562281254624905e-05
243 1.4062237505249888e-05
244 1.531221563068738e-05
245 1.4999728130437383e-05
246 1.8280893757124866e-05
247 1.7968431256874875e-05
248 2.1249603133187358e-05
249 2.2343337508374844e-05
250 2.515576563481233e-05
251 3.578057501374975e-05
252 3.1718165636937295e-05
253 4.249918439143719e-05
254 4.546787814256216e-05
255 5.312398752037462e-05
256 6.765498127537447e-05
257 8.593588128262435e-05
258 9.202957815881184e-05
259 0.00012124775317093664
260 0.0001446847813056239
261 0.0001749967656906863
262 0.00021608971570668598
263 0.00026593250322631053
264 0.0003239001938733727
265 0.00038155534701968464
266 0.0004862409095598089
267 0.0005938951408511829
268 0.0007346737940303699
269 0.0008945144347174308
270 0.0011268539816772412
271 0.0013323188005081158
272 0.0016345005818728627
273 0.001982306732004485
274 0.0023746428415324194
275 0.0028835399417214166
276 0.003374468176282975
277 0.004072423664050221
278 0.004822722108086838
279 0.005577708273995645
280 0.006464879074334889
281 0.007442517012207258
282 0.008486247340731308
283 0.009614351022413427
284 0.010836984610374925
285 0.011945557767044656
286 0.013090848642483279
287 0.014282076480438523
288 0.015245651937059266
289 0.016214852874924128
290 0.01709514873776236
291 0.017797478934908188
292 0.018351688031983743
293 0.018651526222724434
294 0.018867615710309302
295 0.0186865246946241
296 0.018536528497679054
297 0.017981538172479307
298 0.017365924690990058
299 0.01660140816257388
300 0.015664082140333938
301 0.014634569718070513
302 0.013576777355163773
303 0.012338206539075339
304 0.011297913716797668
305 0.0101460600913643
306 0.00906061145657387
307 0.007971100493662505
308 0.006967213474529137
309 0.006061448986682516
310 0.005214121161359769
311 0.004455229051696968
312 0.0038275848233291594
313 0.003223220685605038
314 0.0026676062978921665
315 0.0022010526852114212
316 0.0018462154288274239
317 0.0015146592536999257
318 0.0012345081567197407
319 0.0010166998222600552
320 0.0007907665159259317
321 0.0006626437596283077
322 0.000532802528328934
323 0.0004328044782885594
324 0.00033780618450343506
325 0.0002698387063524979
326 0.0002120272875804985
327 0.00017452795006662363
328 0.00013593496880212396
329 0.00010171686566343685
330 9.062329065981184e-05
331 6.656126252524952e-05
332 5.265527501974961e-05
333 4.593662189268716e-05
334 2.7968240635687307e-05
335 2.906199688581231e-05
336 2.2499565633687335e-05
337 1.843715625699987e-05
338 1.453098750524989e-05
339 1.156229062931241e-05
340 9.687321878562426e-06
341 7.343612502749944e-06
342 6.093634377312452e-06
343 6.093634377312456e-06
344 3.7499250014999716e-06
345 4.06242500149997e-06
346 2.968693751124978e-06
347 2.9686937511249784e-06
348 1.7187156256874862e-06
349 1.8749687506249875e-06
350 1.5624718755624888e-06
351 1.40622500049999e-06
352 1.40622500049999e-06
353 1.24997500049999e-06
354 1.7187156256874862e-06
355 6.24987500249995e-07
356 9.374843753124937e-07
357 1.24997500049999e-06
358 1.56247500049999e-06
