0 6.24987500249995e-07
1 6.24987500249995e-07
2 6.24987500249995e-07
3 7.812343753124938e-07
4 0.0
5 4.687406251874963e-07
6 1.0937281254374913e-06
7 7.812343753124939e-07
8 4.687406251874963e-07
9 6.24987500249995e-07
10 6.24987500249995e-07
11 4.687406251874963e-07
12 4.687406251874963e-07
13 7.812406251874963e-07
14 1.0937281254374913e-06
15 1.7187218755624887e-06
16 9.374812503749925e-07
17 7.812343753124938e-07
18 1.0937281254374913e-06
19 1.2499781254374913e-06
20 2.031212500749985e-06
21 1.7187187506249875e-06
22 1.874962500749985e-06
23 1.5624718755624888e-06
24 1.8749656256874862e-06
25 2.3437031259374816e-06
26 2.3437031259374816e-06
27 2.4999500009999805e-06
28 3.9061718765624706e-06
29 3.9061718765624706e-06
30 5.312400001999959e-06
31 5.15614687706246e-06
32 6.7186218775624485e-06
33 7.343606252874944e-06
34 9.843562503749922e-06
35 8.437331253374928e-06
36 1.406222188056238e-05
37 1.8905881257374847e-05
38 2.5624493760124805e-05
39 2.859320626087482e-05
40 3.1561887512249766e-05
41 4.10929437661247e-05
42 5.2498984395312136e-05
43 7.296734690306192e-05
44 7.468604690406192e-05
45 0.0001078104094168117
46 0.0001299974719255615
47 0.00015921567818643628
48 0.0001999961469520609
49 0.0002456202657196856
50 0.0003087439876202478
51 0.00039952350640487196
52 0.0004756158126837464
53 0.0005857699627257452
54 0.0007349857627847442
55 0.0008706081065878681
56 0.0010798228316683675
57 0.0013227867817643647
58 0.001584031825613488
59 0.001867151347598048
60 0.00222745685398792
61 0.0026747920197846054
62 0.0031388454480910386
63 0.003641960595163095
64 0.004178044082868345
65 0.004850218648752025
66 0.005463487892742147
67 0.006163474564883706
68 0.006888304099543009
69 0.007584697043559127
70 0.008294370800084
71 0.008972170000349994
72 0.00965621914749205
73 0.010264644960225796
74 0.010864477235455292
75 0.011254000726235476
76 0.011578838226360477
77 0.01179445897332053
78 0.011888676120227598
79 0.011788052942066158
80 0.011679773942021162
81 0.011615400045124095
82 0.011277437894992103
83 0.010867289622957538
84 0.010484953300933979
85 0.010033243066388671
86 0.009581845547464048
87 0.009005606881612366
88 0.008417961847013055
89 0.007875472499925004
90 0.007437199843503128
91 0.006836586158901824
92 0.0064544062649996995
93 0.005935353799174019
94 0.0054995809146317085
95 0.005038496233200334
96 0.00469162784244315
97 0.004243042932891345
98 0.003945392379652408
99 0.0037044593889372208
100 0.003364934885677286
101 0.0031233770699586015
102 0.0028455697792294146
103 0.0026640108541579176
104 0.0024957328353432924
105 0.00232573622902542
106 0.0021663643695876093
107 0.0020596475882982334
108 0.0018984007788594227
109 0.0018198084632057368
110 0.001729810263169736
111 0.0016851236725265492
112 0.0016293434443811114
113 0.001598406550618988
114 0.0015996565412441746
115 0.0015971566568668623
116 0.001620593600627988
117 0.0016109062943741128
118 0.0016771549631507375
119 0.0017573098131787365
120 0.0018085587569498611
121 0.0018785573538529243
122 0.0019741805445141103
123 0.0020924593601877963
124 0.0021485520883332324
125 0.00227636210400792
126 0.00235370437903742
127 0.0024468275790734194
128 0.002523700991605169
129 0.0026538547760294787
130 0.00273588446043579
131 0.0027463529104417893
132 0.0028194765198446023
133 0.002842601079228417
134 0.0028035392979640405
135 0.0028202578573428535
136 0.0027966644792104165
137 0.002809789263589729
138 0.0028166641667166635
139 0.002728071988560228
140 0.00272072847605548
141 0.002686510244795103
142 0.0026452612354002933
143 0.00257198148849523
144 0.0025141700009749805
145 0.0024746394447111054
146 0.0023876098634277327
147 0.002365110338418232
148 0.0023318298665276683
149 0.0023119864165216694
150 0.0022979243571378573
151 0.002257299997750045
152 0.002240112822743546
153 0.0022229255539889204
154 0.0021790202164706706
155 0.0022044884696056084
156 0.002222456900861983
157 0.002224019260239795
158 0.0022369879039919193
159 0.0022571437883742314
160 0.0022869868602627937
161 0.002258393600877982
162 0.002284643119637607
163 0.0023157364227715457
164 0.0023705790165446704
165 0.002383078847798044
166 0.0024193281978110446
167 0.0024557335853282922
168 0.0025040139040969195
169 0.002524950941606169
170 0.0025630751947461053
171 0.002627917719770603
172 0.0026444800635237304
173 0.0026847915729185426
174 0.0026694794354112906
175 0.002667292229155418
176 0.00267494805103898
177 0.0027161972541799185
178 0.0026686982635347307
179 0.0027093225416741666
180 0.002668385679161416
181 0.002676198101037979
182 0.002670729419786604
183 0.0026710420041599183
184 0.0026858854104167915
185 0.002626824026019482
186 0.002619011704140917
187 0.002617449154141918
188 0.002568075185371292
189 0.0025382320791084187
190 0.0025185449353512927
191 0.0024896392728395423
192 0.0024482338415731685
193 0.0024122969946851064
194 0.002425734204065918
195 0.00239526595405592
196 0.002324173675901481
197 0.0023126114571458568
198 0.0023065177727695442
199 0.0022540187977490448
200 0.0022104258227335465
201 0.0022543312165006703
202 0.0022327691758664836
203 0.0021933948289784197
204 0.0022040197196056075
205 0.0022162071414821697
206 0.002255112507124858
207 0.0022640185665036695
208 0.0022651123102537954
209 0.002295424225890483
210 0.0023090177446451073
211 0.0023755789196716046
212 0.002359173135287294
213 0.0024655771822063555
214 0.002457139810328793
215 0.00248479562908742
216 0.002600574644757103
217 0.002639480032274355
218 0.002675573066663668
219 0.002698853897922041
220 0.0027330719385612275
221 0.002785414813578728
222 0.0027641651385722286
223 0.0028280700917231658
224 0.0028629133323583526
225 0.0028327575573488524
226 0.0027874459792054168
227 0.0027349469791854153
228 0.0026901041385422307
229 0.00265119843853123
230 0.0026022932666346674
231 0.002501514029094418
232 0.002412609504059919
233 0.0022965179977650443
234 0.002225581963360734
235 0.0021196464226965464
236 0.0020312106226625477
237 0.0019084006538619231
238 0.0018549639819703597
239 0.0017518410256794873
240 0.0016905922381552363
241 0.001649499313138737
242 0.0016240309912551746
243 0.0015851254099918
244 0.0015587197256054885
245 0.0015707507006109873
246 0.0015620010131047384
247 0.001601843978745425
248 0.0016441868631377372
249 0.001702623181911362
250 0.001755122116307674
251 0.00188808843198136
252 0.0019885552413951724
253 0.002119177725820483
254 0.002233550503989921
255 0.002417921913436732
256 0.0026027620760084805
257 0.0027741649948251038
258 0.002980567291779164
259 0.0031958756137377233
260 0.003504619548234034
261 0.003807426320223595
262 0.004113982757844844
263 0.004450382336103277
264 0.004857562080008401
265 0.005193649305138898
266 0.005653484158441831
267 0.006106756577368455
268 0.006536435880657388
269 0.0069856458995820065
270 0.007479386406021883
271 0.008004532515599688
272 0.008573583778324432
273 0.008993419772229555
274 0.009585126847463054
275 0.010006681222625548
276 0.01038620500402492
277 0.010791509438561228
278 0.010986506073003539
279 0.011258532179356413
280 0.01129634381687366
281 0.011330093510629784
282 0.011217751476220474
283 0.011061817023034543
284 0.010759947985415293
285 0.010275582194606109
286 0.009873715103822922
287 0.009258570844208116
288 0.00874498657526849
289 0.008057500099997998
290 0.007305014924701505
291 0.006614403165061701
292 0.006035820558588828
293 0.005325990652061959
294 0.004750064067468654
295 0.004188981414121717
296 0.0035525875013749735
297 0.0030725967793144133
298 0.0026513548885272282
299 0.002252769010244796
300 0.0018849635351042985
301 0.0015727820537339255
302 0.001310599603632928
303 0.0010571670129097422
304 0.0008690456940861185
305 0.0007163923565278699
306 0.000583113703350933
307 0.0004893654876902462
308 0.0003931173689026221
309 0.0003078065063698725
310 0.00023749541884162325
311 0.00020218361882762343
312 0.00016609057506349875
313 0.0001384348125537489
314 9.562312816243679e-05
315 7.859222503049941e-05
316 7.015489065218691e-05
317 4.7342825018499645e-05
318 4.093671876562472e-05
319 3.374934688806225e-05
320 2.7499465635687315e-05
321 1.937462500749985e-05
322 1.6718428131437368e-05
323 1.5624696881062373e-05
324 1.0468550003999915e-05
325 9.843559378812419e-06
326 7.499856252874943e-06
327 6.2498781274374485e-06
328 6.718615627687446e-06
329 5.624890627187455e-06
330 5.468643752124958e-06
331 3.749925001499971e-06
332 3.437431251374974e-06
333 2.812450000999981e-06
334 2.0312093758124837e-06
335 3.437434376312475e-06
336 2.0312093758124837e-06
337 1.5624687506249875e-06
338 1.24997500049999e-06
339 1.0937312503749926e-06
340 1.874962500749985e-06
341 1.4062218755624888e-06
342 7.812343753124938e-07
343 7.812343753124938e-07
344 3.124937501249975e-07
345 6.24987500249995e-07
346 1.0937281254374913e-06
347 7.812343753124938e-07
348 3.124937501249975e-07
349 3.1249687506249877e-07
350 9.374812503749925e-07
351 6.24987500249995e-07
352 4.687406251874963e-07
353 3.124937501249975e-07
354 1.5624687506249876e-07
355 6.24987500249995e-07
356 3.124937501249975e-07
357 4.687406251874963e-07
358 6.24987500249995e-07
