0 0.0014241568277642243
1 0.0013986544178351
2 0.001417742057304332
3 0.0014075724898551499
4 0.001435888855713668
5 0.001460459550474526
6 0.001468125510366785
7 0.001468595070027654
8 0.0014998829504083296
9 0.001510366085016529
10 0.0015020732503206692
11 0.0015790543197791872
12 0.0015957935215797706
13 0.0016405450932549504
14 0.0016463393369975628
15 0.0016807590088155449
16 0.0017414690529755773
17 0.0017782357868000689
18 0.001828147673981247
19 0.001897622977292604
20 0.0019437779510366262
21 0.0020115301542313986
22 0.0020758362215585256
23 0.0021119732032321317
24 0.0022125862756472926
25 0.0022548328904717445
26 0.0023785992934130208
27 0.0024222468402086655
28 0.0025295788531538256
29 0.0026209513333508593
30 0.0027605273297134567
31 0.0028562867204873685
32 0.00302292592309371
33 0.0030484204417485098
34 0.0032161565730622677
35 0.003365572735879763
36 0.0035153200033555903
37 0.0036395513699022017
38 0.0038218327248099302
39 0.0039689083985227315
40 0.004116288914900466
41 0.004305626496576141
42 0.004502137531649101
43 0.004662834335819677
44 0.0048515229818043674
45 0.005018640224686055
46 0.005200141114286912
47 0.005401667372882486
48 0.005575189332163185
49 0.005736028304640126
50 0.0059453793959405535
51 0.006110755459922407
52 0.006303534944035571
53 0.006466727024537827
54 0.006585638824078581
55 0.006719889344539515
56 0.006826754241156743
57 0.006965690634413624
58 0.006952235504471225
59 0.007059725581728705
60 0.007064562761954872
61 0.007105099760985676
62 0.007063625565165898
63 0.007045485864050852
64 0.007001834807663259
65 0.006888543729386674
66 0.00687274844449687
67 0.006758209042746572
68 0.006638981586708901
69 0.006409290495894297
70 0.0062500188615876
71 0.0061872666730221305
72 0.005953510859479203
73 0.005819413435101127
74 0.0056031872919993795
75 0.0054852029904998035
76 0.005286648757904225
77 0.005128310864299913
78 0.0049092520587118
79 0.004754042658264357
80 0.004608059711137481
81 0.004416387255829313
82 0.004184820445973684
83 0.004100011576873455
84 0.003901932803431621
85 0.003816811345702594
86 0.0036350053123014123
87 0.0035081038625855822
88 0.00334601127780247
89 0.0032627661357516454
90 0.0031277414208829043
91 0.0030385532211549483
92 0.0029769097998001725
93 0.0027839906671426047
94 0.002792439134661617
95 0.0026719578501725
96 0.0026394150969769807
97 0.002523315745817043
98 0.0024585332808417606
99 0.0023870317366439355
100 0.002286424996391293
101 0.002262489905015084
102 0.002214608371674919
103 0.0021354385150556573
104 0.0020878771680031788
105 0.0020320168097362696
106 0.001942047021883834
107 0.0018850945317778194
108 0.0018113956102274625
109 0.0017877709126493215
110 0.0017142325956418653
111 0.0016408561828184258
112 0.0016192551929416707
113 0.001542435638745333
114 0.0014754662773222792
115 0.0014411987092865302
116 0.0013848734552849716
117 0.001318683988770606
118 0.0012803503030184523
119 0.0012232419394695962
120 0.0012204251885434788
121 0.001158309038554324
122 0.001144226068104526
123 0.0011057352074100568
124 0.0010785114209630683
125 0.0010459697659180671
126 0.0010336082475340936
127 0.0010004373289951899
128 0.0009827552597552977
129 0.0009569358595886604
130 0.0009583495763067647
131 0.000932528994224412
132 0.0009117239643855398
133 0.0009284635815875901
134 0.000938321417423915
135 0.0008859031444860211
136 0.0008913778680771482
137 0.0009017016270018191
138 0.0009101576405425811
139 0.0009178237062486443
140 0.0009076532460270925
141 0.0009207937484237208
142 0.0009107812988032037
143 0.00090858965669741
144 0.0009466102168169305
145 0.0009506786857916242
146 0.0009649220801738222
147 0.0009980910157157056
148 0.0010063825605420235
149 0.001049409198752847
150 0.0010703727155603443
151 0.0010727210756968691
152 0.0011232642232740472
153 0.0011473574166308408
154 0.0011750523552637416
155 0.0011924173288850556
156 0.0012545353829060894
157 0.0012456187534185706
158 0.0013194674595886644
159 0.001344500683665786
160 0.0013673494456736793
161 0.0014171020700961
162 0.001465446554114817
163 0.0015128598265663092
164 0.0015798221412311863
165 0.001584993182520625
166 0.0016485091109149947
167 0.0017096931754599079
168 0.0017372267983860514
169 0.0017899531053606947
170 0.0018448761636350088
171 0.0018708505191509708
172 0.0019299976287093072
173 0.001935305549109141
174 0.0019619178313709535
175 0.0019723933060020885
176 0.00200212496033294
177 0.00204843646130575
178 0.002046405017239393
179 0.0020744084198199976
180 0.0020332517777011936
181 0.0020096333813252997
182 0.0020176082991431045
183 0.0020138578878629303
184 0.001964736235921528
185 0.001975208373720264
186 0.0019562817448320123
187 0.0019099673267467584
188 0.0018473775544783912
189 0.0018448740337236196
190 0.0017736840799825163
191 0.0017339396000908207
192 0.0016904465183135771
193 0.0016519502216135492
194 0.0015971874625503018
195 0.0015316289053710639
196 0.0014867285020688792
197 0.0014260180597580696
198 0.00140959390825808
199 0.001371258295260667
200 0.0013122699885699193
201 0.0012720585142146394
202 0.0012453016085682842
203 0.0012047751527844103
204 0.0011640966192200933
205 0.0011246638990931865
206 0.0011135635146945733
207 0.0011123076005933547
208 0.0010628633871367075
209 0.0010321998520963307
210 0.0010213995474601598
211 0.0009785335648929655
212 0.0009824468114435461
213 0.0009616341668635901
214 0.0009466145786298893
215 0.0009189138167277476
216 0.000921266979810395
217 0.0008951362447979222
218 0.0009101598812518226
219 0.0009054642029546987
220 0.0008985771032343968
221 0.0008688472956402056
222 0.0008876256126647903
223 0.0008791797131417326
224 0.0008744838176139674
225 0.0009032732633043153
226 0.0008976397495923166
227 0.0009151619556313713
228 0.0009201713753529651
229 0.0009400417435739075
230 0.0009461415491561409
231 0.000957717496385815
232 0.0009775869195949387
233 0.0009926111684386044
234 0.0010636481704839554
235 0.001069588416581883
236 0.0010817956486999774
237 0.0011018262903236483
238 0.0011673851410581053
239 0.0011913206952746244
240 0.0012542220475051978
241 0.0012714300975878437
242 0.001308197812983354
243 0.0013670318762611427
244 0.0014224206765698032
245 0.0014605941932298446
246 0.0015014316496785157
247 0.0015699670133559795
248 0.0016208173814377003
249 0.001674331054048055
250 0.0017297172371802567
251 0.0018148321628929595
252 0.0018442483147805423
253 0.0019066871357644422
254 0.001961283624844996
255 0.002008849284953464
256 0.002081460272846119
257 0.0021183752509401858
258 0.0021855067732501118
259 0.002265766608287148
260 0.00230457082473541
261 0.0023734153472261986
262 0.002404238162399281
263 0.0025084471229999948
264 0.002585426331950382
265 0.0026243870319725307
266 0.002702616143790139
267 0.002793675040822341
268 0.0029016389907582257
269 0.002946543708231269
270 0.0030510631889936906
271 0.0031707605111719727
272 0.0032856041141884253
273 0.0033622711087821925
274 0.0035070072572741685
275 0.0036088582528260617
276 0.003779561983927225
277 0.003890973491009481
278 0.004081700757642518
279 0.004230815668029713
280 0.004401984759908483
281 0.004560640408066574
282 0.004712572078343191
283 0.0049026730280526684
284 0.00504411311463002
285 0.005195577997886703
286 0.005400863845568219
287 0.005596755209372647
288 0.005745871105796518
289 0.005898121319145736
290 0.006021874641096168
291 0.006224656524941532
292 0.006327447181599379
293 0.006484388279109942
294 0.006562306311062226
295 0.006605030801916883
296 0.0066629151788272604
297 0.006715170334628778
298 0.006787462403728586
299 0.006829551894209561
300 0.00683673999728481
301 0.006791372767049669
302 0.0067452070460499725
303 0.006661349974351445
304 0.006654151728508137
305 0.006502383619940711
306 0.006411797638980667
307 0.006261432443054489
308 0.006139220925508032
309 0.005989647019034207
310 0.005849930104189387
311 0.005697533766564654
312 0.005589572555148098
313 0.005361599150700477
314 0.005097315664643369
315 0.005011746275786312
316 0.004856530575557695
317 0.004679255712646491
318 0.004456290244762064
319 0.004310151173652159
320 0.0041621381400410735
321 0.004044325798340889
322 0.00386735916613122
323 0.003727634532109847
324 0.003573359024942374
325 0.003447883330623396
326 0.0033191089280472145
327 0.003100057129447199
328 0.003035281298889057
329 0.0029462528994698336
330 0.0028134111175306007
331 0.002710459131903882
332 0.0025998307944129864
333 0.0025582184492540594
334 0.00247137608662318
335 0.0023472989045807743
336 0.0022421603479047284
337 0.002185198722403904
338 0.0021190194642934563
339 0.0020709829034911333
340 0.001987740579316422
341 0.0019250021045559547
342 0.0018876035510925534
343 0.001809373378573515
344 0.0017679092145493648
345 0.0017144019385384923
346 0.0016906182619770588
347 0.0016466496744886917
348 0.001622396922941927
349 0.0015643508805363172
350 0.001537437603724622
351 0.001531498362415072
352 0.0015062972345963467
353 0.0014934691889287553
354 0.001461388788439806
355 0.0014241583715195983
356 0.0014427753871864462
357 0.0014349536373534754
358 0.0014128889840338609
