0 0.0012766712983165599
1 0.0012516459232374101
2 0.001289193704219132
3 0.0013275201423826562
4 0.001291845961409551
5 0.0012801213124991463
6 0.0012970138581244997
7 0.0013370656985630903
8 0.0013655452488128311
9 0.0014170111363682044
10 0.001430155234796184
11 0.0014567535921294263
12 0.0015002449096066846
13 0.001532789189086307
14 0.001588956587242884
15 0.0016290127759638316
16 0.001681422694404826
17 0.0017266371012430927
18 0.0018126898831010234
19 0.0018749566230126117
20 0.0019430192041602434
21 0.002054880223708913
22 0.0021241882636540872
23 0.0022200996129255425
24 0.002308806663861828
25 0.002430527632781388
26 0.002514695849290786
27 0.0025973035209647137
28 0.0027320144125562167
29 0.002865004932479468
30 0.002972020114279508
31 0.0031218995449630626
32 0.0032702208007451238
33 0.00335203996861501
34 0.0035582540404941456
35 0.003729259950935562
36 0.0038458165940027773
37 0.0039822449697573
38 0.00414590013891198
39 0.004291396482598024
40 0.004464899875598798
41 0.004598354020563368
42 0.004747464908772458
43 0.004921123769498967
44 0.005102295039684078
45 0.005250930414132057
46 0.0053804689475182845
47 0.005529410918343287
48 0.005646913802924272
49 0.0056982379661346125
50 0.005814479224522875
51 0.0059202411360316735
52 0.006034129146888709
53 0.006102197820710809
54 0.006133643596098257
55 0.006171026803375597
56 0.006225947700134752
57 0.006150540899193265
58 0.006176661473916144
59 0.006179632043827737
60 0.006107356737477641
61 0.00611736705465439
62 0.005999563200299795
63 0.005897396151868287
64 0.005837621065056025
65 0.005721849254041435
66 0.005664275492173665
67 0.005515956923682604
68 0.005390939773425465
69 0.005285189179321606
70 0.005078511522761788
71 0.0049519389306260445
72 0.004873861830128907
73 0.004704580861546928
74 0.00456706476844933
75 0.004414664670931559
76 0.004278409903491
77 0.004151203645664189
78 0.00398865053657559
79 0.003933262356479085
80 0.003788547219584776
81 0.003654775975350523
82 0.0035332007073256132
83 0.0033853664650055353
84 0.003307279972301028
85 0.003145517742530364
86 0.003106399275769649
87 0.0030023566709491164
88 0.002931949367164203
89 0.002829317962775849
90 0.0027459356477802844
91 0.0026645721146364484
92 0.0026273372964937887
93 0.0025696030103086807
94 0.002461343714484371
95 0.0024297337655271724
96 0.002384359084869973
97 0.002302222757991837
98 0.0022723380092027064
99 0.002181282244939187
100 0.0021603230895297556
101 0.0021191696698026116
102 0.0020459463678393066
103 0.00202937029984009
104 0.001986656978950554
105 0.0019487960090147295
106 0.0018990367250052026
107 0.0018649308144288558
108 0.0018098613460653624
109 0.00176276534741693
110 0.0017452504591972428
111 0.0016926776601029483
112 0.0016656129832682794
113 0.001658733107951883
114 0.0016222774647412154
115 0.0015779931080153293
116 0.0015639187818842148
117 0.001552956902229182
118 0.001496800118069144
119 0.0014716103819949144
120 0.0014997696631333826
121 0.0014788047055234981
122 0.0013961993015879672
123 0.0014193544172227484
124 0.001419038721316397
125 0.001416381955352991
126 0.0014058977335790074
127 0.0013738190528477887
128 0.0014317114240051713
129 0.0014119980750488623
130 0.001411998835390644
131 0.0014331180542741877
132 0.0014619070414750334
133 0.001452521364385993
134 0.0014752039268047736
135 0.0015191704539679223
136 0.001503522936346406
137 0.001523857234855745
138 0.0015462337171335812
139 0.0015510866016233563
140 0.0015761174345232795
141 0.0016175766466684388
142 0.001645270778357029
143 0.0016202346313798244
144 0.0016372956533295948
145 0.001683287244826218
146 0.001709884518903308
147 0.0016807892881269206
148 0.0017490020904274808
149 0.0017547829962473013
150 0.0017543175908909137
151 0.0017696533333183967
152 0.0017626109086006489
153 0.0018350455461707065
154 0.0018217613603551419
155 0.0018358299181845646
156 0.0018458447651243373
157 0.0018294201960265182
158 0.0018621169911344619
159 0.0019198534348002724
160 0.0019226649212570291
161 0.0019168681527097825
162 0.0019469149689344883
163 0.001959115635108814
164 0.0019713202360208963
165 0.0019947895891767884
166 0.001978363611139397
167 0.0019877496089466366
168 0.0020098101900720825
169 0.0019977564217418774
170 0.0020043316517467094
171 0.002044538923939088
172 0.0020398520986498157
173 0.0020313989927826016
174 0.0020655033228397656
175 0.0020486036497960654
176 0.0020453247913828584
177 0.0020464111467535214
178 0.0020425044563050446
179 0.002064559656977003
180 0.002044079768335827
181 0.0020439124153853174
182 0.0020063680148729476
183 0.002014498010469163
184 0.0020137176730834197
185 0.002006998256846159
186 0.0019980714216628354
187 0.001995245782970056
188 0.002028109988084704
189 0.0019627162511994542
190 0.001955051739895855
191 0.0019495716938732885
192 0.0019195389874928758
193 0.0019581774139323877
194 0.0018999719306445162
195 0.0018965272219125956
196 0.0018835424410267837
197 0.0018805790625703687
198 0.0018666482615907986
199 0.001817681370749955
200 0.001822060043776843
201 0.0017993762148629257
202 0.0017541610130359887
203 0.0017444542646432124
204 0.0017590120716489976
205 0.0017263172674260704
206 0.0017000302449017225
207 0.0016723367010389432
208 0.0017003451662843422
209 0.0016574698501365564
210 0.0016688903589170986
211 0.0016325911680019503
212 0.0016050627027348677
213 0.0015778389419034762
214 0.0016103758389216418
215 0.0015975491267706562
216 0.0015937976948320262
217 0.0015931680343748763
218 0.0015819009890977195
219 0.0016033337012771633
220 0.001568290994206656
221 0.0015867594163112933
222 0.0015598482894486634
223 0.0015792462641691395
224 0.0015648540076744787
225 0.0016083465670356245
226 0.0015970790123254826
227 0.0016110097769430288
228 0.0016347864820488423
229 0.0016371323435645316
230 0.0016208627439794133
231 0.0016319728710829221
232 0.001688601283817843
233 0.0016831260187507222
234 0.0017141063255257524
235 0.0017572834713747729
236 0.001753689577146453
237 0.0017812235119929667
238 0.0018109525968420365
239 0.0018578875312868634
240 0.0018447520349327798
241 0.001889962589127324
242 0.0019076431591211233
243 0.0019273539047767894
244 0.0019767875929686367
245 0.002038430457059832
246 0.0020475095687450366
247 0.0020942911269768313
248 0.0021258933469466925
249 0.002171265545888542
250 0.0022207060653493273
251 0.0021811264981815184
252 0.002234631117205283
253 0.0022781269977776297
254 0.002292204429468138
255 0.0023328804193886335
256 0.0023259980328019995
257 0.002354161740109057
258 0.0023737212316204638
259 0.0024481879276828183
260 0.002421593064050878
261 0.002469775002473223
262 0.0024763510307436723
263 0.002509828458343849
264 0.002531583015310404
265 0.0025398725373410704
266 0.0025835251472003324
267 0.002613874232398286
268 0.0026471963231481
269 0.0027150899634246777
270 0.0027559306772206036
271 0.0028011443398276033
272 0.0028479361004241943
273 0.0029428983053512345
274 0.0029849825821569205
275 0.0030774486346962803
276 0.0032096526494778113
277 0.0033309002445748087
278 0.0033642183631159106
279 0.003477807820942776
280 0.003566037622247946
281 0.0036954452191703116
282 0.0037882077273489116
283 0.0039564044428888594
284 0.004055755151687127
285 0.0042179866981080115
286 0.004349720436686934
287 0.004491319135555206
288 0.00460771495398285
289 0.004761204919831055
290 0.0048794828455618455
291 0.005014812896402953
292 0.005129813065033165
293 0.005216800704907662
294 0.005381067902659368
295 0.0055462894630278
296 0.005610746761989718
297 0.00576969869786235
298 0.005832433639966711
299 0.005880319983449245
300 0.005865767174853585
301 0.006025820037158808
302 0.00593850719618881
303 0.005943520142584633
304 0.005920216666592542
305 0.005938679360942078
306 0.005906910368257613
307 0.0057969347221542905
308 0.005873431210393477
309 0.0057579742357752725
310 0.00559745226268785
311 0.005466501048313756
312 0.005439288386994088
313 0.005283300421317136
314 0.005157348720196294
315 0.005042670284772802
316 0.004913746345188092
317 0.004724763625431367
318 0.004569082937284527
319 0.0044691129152412195
320 0.00423599653602695
321 0.004156834609930898
322 0.00397486910993791
323 0.003841895762807554
324 0.003659784745563366
325 0.0035249122753903276
326 0.003375347217389054
327 0.003245026535450838
328 0.0030918497728421703
329 0.0029350785967192827
330 0.0028673497649854343
331 0.0027011871718605448
332 0.00260778597556617
333 0.0025231465694326187
334 0.00238906859786078
335 0.0023181854568168933
336 0.0022119615969988585
337 0.002098527725091368
338 0.0020226447897556143
339 0.0019423843293932689
340 0.0019009249827963148
341 0.0018389728444692186
342 0.0017418133397694342
343 0.0017088040556628645
344 0.0016613957907764632
345 0.0015604861081752086
346 0.0015381110869609712
347 0.0015451500126430896
348 0.0014443922794578905
349 0.00145831454178177
350 0.0013919793070902994
351 0.0014013647697685141
352 0.0013685151866838956
353 0.0013666334782509201
354 0.0013389376253826154
355 0.0012999839686955797
356 0.0012884052930371183
357 0.0012815230511977538
358 0.0012888759891980476
