0 0.0019410892892688947
1 0.0020030795425611003
2 0.002007305314670578
3 0.0020420581330607957
4 0.002065381996669998
5 0.002134416407923769
6 0.0021101530665834996
7 0.002160408761650025
8 0.0022123812178888535
9 0.0022313218110291914
10 0.00225089496104938
11 0.002308345294987328
12 0.002324476513156499
13 0.0023462307682802176
14 0.0023737866873792474
15 0.0024323335064735294
16 0.002407910347385208
17 0.0024587938014680806
18 0.002471164871559195
19 0.002497299527524192
20 0.002547235714113102
21 0.002563669961869585
22 0.0025948322672226364
23 0.0026803095388486745
24 0.002724760534878676
25 0.0027718852555700833
26 0.0028216535609755806
27 0.0028592294632029257
28 0.002960359121990782
29 0.003014377362582952
30 0.0030641547117049644
31 0.003140083106571198
32 0.003280502005805218
33 0.003394461424258824
34 0.003438463051288862
35 0.0036277300191437005
36 0.003705545927112036
37 0.003793357807971132
38 0.003961965376011227
39 0.004054956923370291
40 0.00416282343223968
41 0.0043586640594373005
42 0.004464489634002069
43 0.00457782317237117
44 0.004742661259666506
45 0.0048217143239105975
46 0.005012096179698762
47 0.005134353971001824
48 0.005246598099667216
49 0.005342883139814498
50 0.005488153782084402
51 0.00557143498404179
52 0.005667717045851399
53 0.00573144075349487
54 0.0058156434271020106
55 0.00584993435233623
56 0.00595434517472159
57 0.005930565740501384
58 0.005913656773196136
59 0.005922423890742672
60 0.005905829274241777
61 0.0059185043724945315
62 0.005827538076800068
63 0.005732354805222339
64 0.005678351868102054
65 0.005602900943781134
66 0.005488930913506915
67 0.005437744798503247
68 0.005289953609563054
69 0.005239538790139362
70 0.005093640917861304
71 0.004909219898272712
72 0.00476550921398392
73 0.004594416873489003
74 0.004448040071629501
75 0.004329517806168708
76 0.004177346083801035
77 0.00405868936073662
78 0.003866440840945957
79 0.0037335349412092275
80 0.0036048548383110337
81 0.0034581637658498755
82 0.0032757708387823508
83 0.003140052320164449
84 0.003011836412120256
85 0.002930593543938056
86 0.002771993557256363
87 0.0026805847738218796
88 0.0025481439258201568
89 0.0024828602402158055
90 0.0023469767516612803
91 0.0022815326055181584
92 0.002140643660728209
93 0.0021035454618582475
94 0.0019808060068280653
95 0.0019427635813273395
96 0.001864337203200496
97 0.0018004640810465877
98 0.0017292314229914293
99 0.0016861637177286832
100 0.0016146391466946137
101 0.001582233279084127
102 0.0015351104027125008
103 0.0015311956715041075
104 0.0014463455173422137
105 0.001428659092149756
106 0.0013730864702623088
107 0.001367755122927331
108 0.0013325407980995297
109 0.0013104566001023849
110 0.0013132735106182144
111 0.0012916789936558237
112 0.0012952742020460506
113 0.0012656900152160722
114 0.0012865054972638823
115 0.001274147032833101
116 0.001246743074581461
117 0.001285879555771226
118 0.0012661527721953337
119 0.0012722596772604163
120 0.001273676076775901
121 0.0012711661989693334
122 0.0012918285694591281
123 0.001325644538520694
124 0.0013406661937967132
125 0.0013758939307373685
126 0.0013852868568220995
127 0.0014331921623462883
128 0.001487361340174642
129 0.00153212900345817
130 0.0015355733211035506
131 0.0015941209850946563
132 0.0016536108222875488
133 0.001712467719600019
134 0.0017933994502576022
135 0.001855548745406245
136 0.0018903030794166435
137 0.0019789111795879997
138 0.002092407411075351
139 0.002141713127141586
140 0.002268675847242395
141 0.0023593155936391156
142 0.002453557488335846
143 0.0025468577454130217
144 0.0026254444398242324
145 0.002838519750615349
146 0.0029502870742255214
147 0.0031049634422935894
148 0.003250684266677841
149 0.00333852507822125
150 0.0034991381186373657
151 0.003641596147977668
152 0.0037564988910022664
153 0.003974256609095705
154 0.004142368874229964
155 0.00426574898893333
156 0.004421678034191693
157 0.0046408232176309815
158 0.004718954548643073
159 0.004940457875347301
160 0.005106716236104305
161 0.0052616997761183
162 0.0053878812625426115
163 0.005583101731098285
164 0.005697845523790423
165 0.005764370061896538
166 0.00581306600473479
167 0.006030499044751352
168 0.006056957691218104
169 0.006200202875972603
170 0.006237762762298802
171 0.0062938162788924315
172 0.006262508660103214
173 0.006284745483603949
174 0.006263614521508571
175 0.0063021185265029565
176 0.006231350479901636
177 0.006187189948787984
178 0.006107054942910028
179 0.006041305552082499
180 0.005974454915405704
181 0.005841243297547273
182 0.005781598612388784
183 0.0056352236957625075
184 0.005456620912585855
185 0.005346565423101432
186 0.0052138050187783055
187 0.005081201157466643
188 0.004963799989159133
189 0.004793167730329081
190 0.004622056439840674
191 0.004560839999524933
192 0.004341833909411589
193 0.004223949864010011
194 0.004103570616006096
195 0.0039564156316406794
196 0.0038584230612879887
197 0.0037115841964490003
198 0.003585869637127386
199 0.0034858345367494445
200 0.0033726581962395755
201 0.003231921263049226
202 0.0031354962226650025
203 0.003020583087010986
204 0.0029423045253796055
205 0.0028410292503376275
206 0.002807528585565781
207 0.002750848826548932
208 0.002675564404701984
209 0.002574420609916384
210 0.0025269848862186626
211 0.0024549869599918483
212 0.002383125561943575
213 0.0023457114679968196
214 0.0022730731982332597
215 0.002217345187406943
216 0.0021872774750377063
217 0.0021293642153910777
218 0.002087241914054727
219 0.00202431380554061
220 0.001957468092736439
221 0.0019220912596824282
222 0.0018843701946334235
223 0.001844761046332178
224 0.001824566339983608
225 0.0017303196975638963
226 0.001757087413657835
227 0.0016713087400553421
228 0.0016459420911429463
229 0.0016274694936318944
230 0.001570332569613989
231 0.0015783221834402856
232 0.0015507629814923995
233 0.0015169422704878605
234 0.001513823699610412
235 0.0015084921650815504
236 0.0014455609885737524
237 0.001465916416846679
238 0.0014258429579314528
239 0.0014089414361751948
240 0.0014170826808834003
241 0.0013961018818706736
242 0.0013884263275942097
243 0.0014081506588149242
244 0.0014159693379520975
245 0.0014350803207738242
246 0.0014200483097451767
247 0.0014638869104354323
248 0.0014530815358718115
249 0.0014670173977910097
250 0.0014759352716186465
251 0.0015232177337494593
252 0.0014972294685710135
253 0.0015426293001045508
254 0.0015543777848036795
255 0.0015559408086776175
256 0.0015770745476734681
257 0.0016005543353618732
258 0.001601022753947848
259 0.0016456397576654798
260 0.0016799255581245068
261 0.0016678727738155394
262 0.0016739787923705101
263 0.0017236040912515572
264 0.0017142051739858183
265 0.0017577365111973314
266 0.0017325229111214862
267 0.001750836541475972
268 0.0017675930181425478
269 0.0017694660765434798
270 0.0018422758465656164
271 0.0018145552816125324
272 0.0018464972885066171
273 0.0018529110544808288
274 0.0018893948475536594
275 0.0018718603053653176
276 0.0019016053250777273
277 0.0019122480755897411
278 0.0019410513876271123
279 0.0019341635805158698
280 0.0019401162970041027
281 0.0019667338934143404
282 0.0019692315977081288
283 0.0019756459634237148
284 0.0020141580485711764
285 0.0020165190856780042
286 0.002006965452429077
287 0.0020280958554283763
288 0.002051112395025986
289 0.0020382732949834324
290 0.00203560683629736
291 0.0020412436099302893
292 0.002012599245654186
293 0.0020432841978051115
294 0.002046414252090099
295 0.0020789834629692267
296 0.0020387396186168773
297 0.0020586146110189267
298 0.0020025719133069633
299 0.0020313892191598094
300 0.0020224668795243398
301 0.0019989834166922404
302 0.0020000811985342298
303 0.0020093135394457524
304 0.0019462302342989459
305 0.002000233043133589
306 0.001959229163127186
307 0.001972681874028715
308 0.0019327676334167981
309 0.0019399639078492795
310 0.0019002028746236564
311 0.001909911844569597
312 0.0018828330599713289
313 0.001861387222164365
314 0.0018516808181346077
315 0.001821941014244707
316 0.0018219307167456195
317 0.0017701135654477214
318 0.0017816953397850586
319 0.0017508622664298384
320 0.0017364485472179969
321 0.0017059395068876914
322 0.0016959123218080311
323 0.0017038980977956682
324 0.0016572466596650097
325 0.0016476953016637968
326 0.0016680453991972655
327 0.0016235933381175452
328 0.0015811633117819046
329 0.001574121965151158
330 0.0015808498599890284
331 0.001593217060398001
332 0.0016004233559804258
333 0.0015997971144762803
334 0.0015650382727175902
335 0.0015595618169664896
336 0.0015675494365703499
337 0.001581009935238147
338 0.0015774062532250524
339 0.0015698898573623045
340 0.001580235898376183
341 0.0015875911141396395
342 0.0015899314485585464
343 0.0016016836092624738
344 0.0016149862960891449
345 0.001608722391284309
346 0.0016281254013382762
347 0.0016473885247394982
348 0.0016437904823091336
349 0.0016873086132358668
350 0.0017010948994140803
351 0.0017430408188805419
352 0.001733653987464989
353 0.0017716971695716246
354 0.0018001893860065683
355 0.0018033137709011777
356 0.001823354232385308
357 0.0018499680681747428
358 0.0019075792597547307
