0 0.0015577742043453196
1 0.0015249075292989851
2 0.0014706076539925358
3 0.001489540730662125
4 0.0014624629041274412
5 0.0014450904735276735
6 0.0014319505780695555
7 0.0014224021893531307
8 0.0014269425390382598
9 0.0014170717923063976
10 0.0013798374019667649
11 0.001416459434325581
12 0.0013909434666819294
13 0.0014008087457000032
14 0.0014003379691412763
15 0.001445088935188406
16 0.001445091427729064
17 0.0014626187083872542
18 0.0014810926995891245
19 0.0014641863959911506
20 0.0014724766602113289
21 0.0015033086444423325
22 0.0015222386910839984
23 0.0015574584109439207
24 0.0015732507330104284
25 0.001571068234369688
26 0.0015710752097937597
27 0.0015787408065617685
28 0.001633352666376116
29 0.0016626137973709352
30 0.001672005817751845
31 0.0016798239804117993
32 0.001709253990679374
33 0.0017399256278539234
34 0.0017601237635130028
35 0.0017419621863929322
36 0.0017638704199963574
37 0.0017931453284333288
38 0.0018100282312516704
39 0.0018125318728320166
40 0.0018094116981890323
41 0.0018518194508703918
42 0.0018755940597379819
43 0.0018684047525925058
44 0.001915976457830395
45 0.0019115904043586424
46 0.001925837030143988
47 0.001958074332007965
48 0.0019530660219173237
49 0.001945552653474454
50 0.0019801362984649493
51 0.0020259852213707036
52 0.002021452652174798
53 0.0019827963212223974
54 0.0020094014174054536
55 0.0019967345492342566
56 0.0020721561211004013
57 0.0020402297703924887
58 0.0020364759529158376
59 0.00204226542155402
60 0.0020477465898371236
61 0.0020289657233967784
62 0.002069022266882902
63 0.0020511844452609194
64 0.0020593169812010924
65 0.002026452159975904
66 0.0020031426086215462
67 0.002029431488232325
68 0.0020057949573788277
69 0.0020034594029038184
70 0.0019920418102443434
71 0.0020114314820823915
72 0.001969340549082514
73 0.001965576477020455
74 0.0019464948433111679
75 0.0019776216817467577
76 0.00193866703930106
77 0.0019417903806124403
78 0.0019463347704305075
79 0.001882481471355363
80 0.0018887409633883915
81 0.0018298938079837803
82 0.0018464912773401394
83 0.0018449192143338306
84 0.0018414841798568872
85 0.0018009487530205237
86 0.001764477615670087
87 0.0017483665214527476
88 0.0017197236254921182
89 0.0017023546829590247
90 0.001705016320847075
91 0.0017036107201763846
92 0.0016815458941423344
93 0.0016599354580945735
94 0.0016391296620686276
95 0.0016087635378410586
96 0.0016147074952341644
97 0.0015890483248062982
98 0.0015552442581190512
99 0.00159421007423448
100 0.0015990627518984784
101 0.0015787171483757144
102 0.001572457945486137
103 0.001545074632182912
104 0.0015524207635448262
105 0.00156572805265759
106 0.001572613608602505
107 0.0015477371237042686
108 0.0015424157395980034
109 0.0015701149464876379
110 0.0015558691892609158
111 0.0015657310162103522
112 0.0015945216769979388
113 0.0016117352934033628
114 0.0016176865186331773
115 0.0016416274553358394
116 0.0016342694474698052
117 0.001653209137126091
118 0.0017004637071752048
119 0.0017034412159402331
120 0.0017194067064827806
121 0.0017064120478942496
122 0.001784822779365421
123 0.001811890896222949
124 0.001832392104318447
125 0.001809548461808467
126 0.001887632965899129
127 0.0018960844504901627
128 0.0019389643996507186
129 0.0019926482679456805
130 0.001991855185599795
131 0.0020541454684361556
132 0.002096705166648427
133 0.002153671637288765
134 0.0021508537246580153
135 0.0021715156960577624
136 0.002218464794783173
137 0.0022363058084453034
138 0.002271831818818697
139 0.002347252288432517
140 0.0023687009229046785
141 0.0023564879500049545
142 0.002400933444282305
143 0.0024219064179827536
144 0.002464317165660358
145 0.002492487004578748
146 0.002515027031252458
147 0.002560866908213858
148 0.002566980991718315
149 0.0025707253865338174
150 0.0026708894441286155
151 0.002683716379461697
152 0.0026845054334620126
153 0.0027618073707065325
154 0.0028189311986669434
155 0.0028746365698597864
156 0.0028921688551773583
157 0.002987165668524952
158 0.003038655115661621
159 0.0031355214557003044
160 0.003260709930645873
161 0.0033511612495383887
162 0.0034497494701664017
163 0.0035081344840456915
164 0.003665872797362228
165 0.003771031254532337
166 0.003912979042042613
167 0.003988725203566156
168 0.004158669182721458
169 0.0042917038364499215
170 0.004431916811826286
171 0.004516097211428049
172 0.0047009313234992215
173 0.0048445919022940456
174 0.005011408540715862
175 0.00511563895581634
176 0.005275570718600326
177 0.005374329359726505
178 0.005485738853047945
179 0.005604371706801761
180 0.005742082163778031
181 0.005833792560442751
182 0.005916273088936511
183 0.0059294037638189315
184 0.0059912183702650335
185 0.006020186991169065
186 0.006069158060765815
187 0.006106719403180918
188 0.006078859492978784
189 0.006051322774725672
190 0.005986213973163185
191 0.005979339228324048
192 0.005859458225585286
193 0.005732067424111923
194 0.005636920320431824
195 0.005599694636329398
196 0.005461344318142587
197 0.005305151480845134
198 0.005217054901241833
199 0.005007513780178485
200 0.004938345733094222
201 0.0047488301859966164
202 0.004601102731723993
203 0.004417990165863135
204 0.004310330440270557
205 0.004133799873722671
206 0.003959320892708838
207 0.0037921874179756274
208 0.0035876466412215423
209 0.0034989113713043236
210 0.003350551932534735
211 0.0031852896355160443
212 0.0030859181802154463
213 0.0029525836868585513
214 0.0027950032055346842
215 0.0027081449811271717
216 0.0026139382315163496
217 0.0024734039099195354
218 0.002339600189873084
219 0.0022766852916375484
220 0.0021757482273624057
221 0.002081702400626386
222 0.001996723141954695
223 0.0019264550750199886
224 0.0018428878520042853
225 0.0017876542893794276
226 0.0016937452135970226
227 0.0016838937646483
228 0.0016216053364554962
229 0.0015713671146691914
230 0.0015153435289011396
231 0.0014799727906645108
232 0.0014408548774578422
233 0.0014380328731213984
234 0.0014115855756000018
235 0.001361983220365394
236 0.0013136190694269787
237 0.0013144026661503698
238 0.001288740379705246
239 0.001273084095492181
240 0.0012871689637604226
241 0.0012643285257963076
242 0.001235683597432182
243 0.0012685560986930786
244 0.0012677669227898502
245 0.001294997117756019
246 0.0012812272168212292
247 0.0012734026992315484
248 0.0012854552026591234
249 0.0012878027972866685
250 0.0013017257943817144
251 0.001314405701196068
252 0.0013469583279983263
253 0.0014050241386511524
254 0.001412373817654908
255 0.0014507128309308517
256 0.0014791953017876326
257 0.0015352211308111271
258 0.0015580732460799985
259 0.0015862429794171668
260 0.0016466566474625753
261 0.0016978231710181582
262 0.0017968856180731062
263 0.0018679311382096167
264 0.0018912454750541923
265 0.002015199959011828
266 0.0021034693898284345
267 0.002181706046061753
268 0.0022466460734954586
269 0.002345088119401734
270 0.0024624587323280787
271 0.002561672835934731
272 0.0026917285451107794
273 0.0027837486695315686
274 0.002899555078146662
275 0.003056363420287327
276 0.0031702764495528785
277 0.003311918492644202
278 0.003472012400845075
279 0.0036067600568280953
280 0.0037156777861546294
281 0.003916306353108044
282 0.004036339250921826
283 0.004195500845221778
284 0.0043280423992512924
285 0.004484699137239038
286 0.004648549303698146
287 0.004844472277867365
288 0.004955908710957995
289 0.005136656819914212
290 0.005246212189898192
291 0.005358101117216708
292 0.005517099565968232
293 0.005603635239142046
294 0.005720695828170847
295 0.005872656571559857
296 0.005909910300590853
297 0.005978304063988795
298 0.006047787321446339
299 0.006109761411829518
300 0.006205064265845026
301 0.006215695727134889
302 0.006246221093472756
303 0.006149508654305881
304 0.006157965639213702
305 0.006091139050712005
306 0.006079090739979673
307 0.006016343991092365
308 0.005906310226731294
309 0.005766110387948461
310 0.0057128988552865925
311 0.005583784848231792
312 0.005503804444981917
313 0.005446207063401221
314 0.005210531323518889
315 0.005069380155437796
316 0.00495701217658637
317 0.004833860454510426
318 0.004665628606187871
319 0.004521175940489926
320 0.004367187682724584
321 0.004294094911465193
322 0.0041360474865178645
323 0.004022596218614016
324 0.0038535741021960587
325 0.0037804898103294877
326 0.0036099066593493273
327 0.003495366129823848
328 0.0033803257263843698
329 0.0032530935018778057
330 0.003146676054938706
331 0.0031086514196835145
332 0.002955750675181624
333 0.002892525523308801
334 0.0027920549329840567
335 0.0027051961673697444
336 0.0026768696092425385
337 0.0025701418535271974
338 0.00251396113242555
339 0.0024347870882676453
340 0.0024266452354234046
341 0.0023573035135397206
342 0.002271233193471504
343 0.002206918554205617
344 0.002157944526712685
345 0.0021081759622010457
346 0.0020421359630455375
347 0.0020194366962218015
348 0.0019908018248350925
349 0.0019314904369525773
350 0.0018784355404639248
351 0.0018136486401040494
352 0.0017918962703753697
353 0.0017706093225784616
354 0.0017457231769088426
355 0.0016903237043527388
356 0.0016679442915836678
357 0.0016306949913125457
358 0.0015826559064437199
