3.651543354556733 0.0009415591035793214
4.841051782438539 0.0009121163180823294
6.030560210320345 0.001161241060618464
7.22006863820215 0.0014745465735035213
8.409577066083957 0.0017322341065847708
9.599085493965761 0.0023149159042107014
10.788593921847568 0.00245844320088517
11.978102349729372 0.002753112552046899
13.167610777611179 0.003030281701808405
14.357119205492985 0.003489045239621126
15.54662763337479 0.0038518837208667326
16.736136061256598 0.004424776660425204
17.925644489138403 0.0047253530945892755
19.115152917020207 0.004982894588137609
20.304661344902012 0.0054058617877752796
21.49416977278382 0.0059674315924049684
22.683678200665625 0.00621725326199992
23.87318662854743 0.006624376264622832
25.062695056429238 0.006898743775008906
26.252203484311043 0.0073991154406788965
27.441711912192847 0.007682607963496697
28.631220340074655 0.008222689374488112
29.82072876795646 0.00849666295229541
31.010237195838265 0.008644014728985884
32.19974562372008 0.009060315169057327
33.38925405160188 0.00964097535776509
34.578762479483686 0.00999946042059931
35.76827090736549 0.010630997172738398
36.957779335247295 0.010974651949921256
38.14728776312911 0.011444642402855337
39.33679619101091 0.01164516657817323
40.526304618892716 0.011892572432959507
41.71581304677452 0.012174243604915693
42.905321474656326 0.012727861230980714
44.09482990253813 0.012791026072497002
45.284338330419935 0.013106347851606762
46.47384675830175 0.0134337680195216
47.66335518618355 0.013760202499465853
48.852863614065356 0.014560237166722483
50.04237204194716 0.015234844813895908
51.231880469828965 0.015206141787927752
52.42138889771077 0.016088075501204377
53.61089732559258 0.015960532289665794
54.80040575347439 0.016203328204129872
55.98991418135619 0.016508631550856048
57.179422609237996 0.016787919527578434
58.3689310371198 0.0166820974790932
59.558439465001605 0.01743300626566612
60.74794789288342 0.016596044582211627
61.93745632076522 0.016781625845362844
63.126964748647026 0.017055930936578836
64.31647317652883 0.016530710801868097
65.50598160441064 0.01653630291030924
66.69549003229244 0.016764600937775802
67.88499846017424 0.016239119073089676
69.07450688805605 0.016407737031129133
70.26401531593785 0.016064609432377138
71.45352374381966 0.01595984229587403
72.64303217170148 0.01589579617867485
73.83254059958328 0.015194300893118516
75.02204902746509 0.01494607435701946
76.21155745534689 0.014643882800603008
77.4010658832287 0.014185985715721714
78.5905743111105 0.013652056802820589
79.7800827389923 0.013469513604903881
80.96959116687411 0.013514856199673502
82.15909959475592 0.012993768291455732
83.34860802263772 0.012919151638546485
84.53811645051952 0.011663452654538995
85.72762487840133 0.011434434165637044
86.91713330628313 0.011047351796632762
88.10664173416495 0.010459693863246515
89.29615016204676 0.00982971913726602
90.48565858992856 0.009768143290796907
91.67516701781037 0.009033929780478888
92.86467544569217 0.008066553162276011
94.05418387357398 0.008036840736221124
95.24369230145578 0.0076687389112123725
96.43320072933759 0.006717004771691962
97.62270915721939 0.006424688252846691
98.8122175851012 0.0056496891409585255
100.001726012983 0.005326505724009153
101.1912344408648 0.004843243965985547
102.38074286874661 0.004339403191212861
103.57025129662843 0.003700556089933683
104.75975972451023 0.003447010583572195
105.94926815239204 0.002938423746580555
107.13877658027384 0.002629749258464193
108.32828500815565 0.002196259333302443
109.51779343603745 0.0019859633702843803
110.70730186391926 0.0016923055194137625
111.89681029180106 0.001438593693561646
113.08631871968286 0.00125314685814232
114.27582714756467 0.0008761161521594103
115.46533557544647 0.0006716881080211079
116.65484400332828 0.0005983089640007868
117.8443524312101 0.00043898078558786587
119.0338608590919 0.00033827642283621687
120.2233692869737 0.0002499297021724101
121.41287771485551 0.0006216340784452853
