175.55002
167.94624
146.97836
217.74588
214.26414
190.49002
190.56635
206.25455
204.39526
207.57092
94.53211
185.22214
156.76067
161.70828
86.51748
266.41135
159.24907
149.54813
183.13065
166.444
159.82819
154.5001
179.91739
155.7733
98.09313
286.5707
77.337166
76.42209
101.40705
64.88668
264.26508
71.041176
82.39259
85.23503
186.51833
183.3404
111.23347
165.2284
175.30238
113.945045
175.32495
181.35463
239.9656
227.5668
150.06549
285.4358
161.97127
110.657394
211.50543
182.8183
222.57173
242.29492
228.34196
197.92545
216.8819
84.200584
140.41862
188.32703
179.23618
209.39452
152.21622
179.81972
180.3036
179.85876
180.55383
178.16168
181.74196
189.55473
227.3013
307.35495
266.8379
194.47334
308.80374
149.99486
110.771355
290.1141
293.01523
0.08012396
105.39865
73.089935
76.98729
182.53142
65.21765
87.53771
120.286316
170.17192
288.21393
180.17809
190.69107
8.951213
99.191345
179.79092
189.96594
186.2739
155.08665
65.408646
5.03442
94.63467
100.92726
