95.049385
282.91965
286.29166
205.27394
195.65817
264.9131
264.8683
104.38817
216.86894
95.67344
162.97539
161.19948
104.25311
163.04723
148.33017
199.68208
183.21591
108.776855
175.22263
188.91829
154.24896
104.877975
182.45294
150.10886
79.79145
169.85751
190.26205
86.01129
195.34747
89.91855
167.54164
99.90545
209.07346
200.07451
160.11708
190.86003
61.407906
197.40701
216.79524
125.26143
180.30084
180.44177
256.69464
312.225
213.55182
200.11615
206.61455
113.289665
254.29736
181.39124
233.53311
180.46214
178.9963
94.58789
125.39031
88.989944
262.74048
194.50798
170.7774
168.00572
78.12149
79.34546
76.97842
75.22403
73.54258
118.63609
117.928185
273.4296
108.16229
246.63144
131.17014
218.77997
167.1107
278.30157
169.337
158.63649
158.50008
347.6484
200.913
28.562908
192.40399
207.97795
95.89974
210.62741
70.66094
169.34827
282.1306
190.15889
297.31497
100.235435
156.88077
179.90175
220.2748
192.83466
53.175484
165.60335
143.84981
244.98624
197.05606
