215.59444
199.86588
206.00537
275.16785
265.46396
261.9527
261.92465
218.24995
187.0828
228.44717
299.03268
76.59181
196.24165
170.35214
164.28127
293.53186
164.53838
204.2782
151.36137
75.08359
174.63072
220.63405
168.58447
177.20633
174.67361
176.13188
298.27264
180.85815
136.92023
167.70175
10.701111
289.40463
248.46399
262.33972
213.30139
196.0683
41.147976
195.62279
207.39676
17.366045
179.80078
179.0738
159.02979
208.79361
108.16153
209.89844
221.61458
125.27856
93.67872
179.24112
94.78287
180.74994
181.86816
299.8156
80.6914
61.429626
304.53717
124.43952
90.47601
117.00133
92.08619
179.53589
179.89531
180.15582
179.79102
179.67488
249.89716
127.7455
108.11131
299.31503
132.8478
249.8894
335.69888
48.086464
194.44618
143.68387
68.63571
165.41614
348.79507
49.493137
98.87586
274.76324
269.28564
116.40317
251.78516
113.64543
157.8806
145.38606
273.12924
295.66058
42.41056
54.51515
209.02237
56.700912
47.992783
33.2872
132.61288
214.18974
185.54541
39.183205
58.266434
43.40982
43.58898
44.628178
12.588976
244.7594
177.29489
70.36522
255.13913
133.09291
155.91849
183.92285
192.00316
176.21681
258.96185
