156.37802
281.95944
296.14542
355.14517
10.437513
239.02985
238.90912
193.81113
235.12476
164.56186
111.23298
200.61441
169.31808
329.11853
111.99838
121.12265
34.308914
162.28108
327.13297
100.85728
306.46274
163.0646
325.17947
300.5385
168.53944
33.204105
86.85327
53.549553
304.4788
44.539654
173.41809
194.23732
134.43301
195.99463
63.069466
184.00465
176.6014
171.8594
154.45575
180.47594
104.292885
194.16547
45.904835
203.56795
31.31742
82.75425
325.36234
56.128983
182.6333
272.3778
180.18254
176.55617
171.42268
282.2323
83.30173
97.966255
204.59593
46.81948
126.91799
37.067627
351.4404
300.99835
307.8205
315.889
315.232
174.35316
184.99641
219.85046
18.645493
237.80098
326.63367
249.99533
280.53217
59.426582
149.2605
72.74088
66.86807
36.2557
340.13245
249.54904
150.32573
288.89352
155.00174
261.901
282.83105
335.76984
357.9957
218.41356
146.08759
118.37555
346.13373
317.37094
128.59868
105.32531
34.364616
113.91479
115.37975
116.03345
92.966965
293.36386
285.5454
118.7604
100.04752
118.4476
118.147606
104.80596
88.35508
66.27116
289.41226
293.7173
293.8278
266.47028
1.0566607
56.459297
32.729458
93.61849
211.62169
276.69934
