170.71057
144.77711
110.302185
253.54242
267.19193
81.53131
81.66312
193.46378
184.08517
215.20192
156.57811
205.56363
174.0424
189.12747
174.22382
153.3411
211.42569
169.44774
197.24991
153.58467
169.717
168.0204
206.49393
163.05325
185.84181
60.713158
185.70905
231.75143
122.35635
119.29619
127.93288
140.19801
149.31474
71.978004
103.12429
85.94783
85.5715
141.6282
106.31831
193.43118
232.81778
189.56062
144.021
132.19876
259.53293
217.2414
231.76001
224.18689
236.96793
180.39677
182.64644
188.4128
228.2823
234.46733
111.18282
227.46999
132.68037
181.57727
180.49907
215.49704
206.74014
178.07526
171.27731
18.82886
252.8014
263.81137
230.43237
152.86992
182.07362
171.86775
219.39275
194.17172
192.9244
194.71506
205.14098
227.90674
131.98134
216.8259
9.483608
134.54707
214.13815
127.83499
187.22672
261.58862
182.89052
173.40607
104.672585
181.91838
153.45255
167.73326
59.451588
146.69353
211.09862
196.65681
152.6775
187.9418
227.54498
116.43004
113.42684
150.61993
188.77962
209.89174
210.07788
221.76021
155.81999
237.23358
232.51685
214.19496
198.30989
178.84177
151.58267
233.79572
226.71483
220.33179
227.13579
217.64488
224.5921
70.43623
193.3898
182.42459
180.01006
187.9814
190.03577
186.511
215.39755
169.03015
223.92667
168.39412
