86.70662
208.1876
219.35829
44.559383
341.03738
196.11543
196.1112
139.18958
93.46165
15.534032
74.457214
330.67996
61.042496
169.28873
56.180313
68.75613
109.493324
66.92538
160.20601
73.57389
208.41588
70.75287
144.00992
218.128
46.420147
57.795727
152.23508
258.9151
355.36084
88.52924
88.03383
122.41381
72.9098
83.06618
83.52377
74.60779
21.594954
69.926346
43.11536
307.34253
183.63918
247.06233
109.12335
115.945435
115.309395
41.69847
43.249466
45.799526
179.2145
138.96872
301.93246
22.918661
158.37402
201.76042
119.66267
205.19922
18.90824
112.34234
167.221
277.65097
218.05835
68.33482
286.04865
134.06152
299.32306
307.54398
232.32143
302.73376
73.50738
301.13544
226.70097
128.80984
123.61823
110.61048
107.16418
102.58958
45.513145
169.47862
274.205
334.67053
250.75513
257.88855
279.15198
290.23608
40.329514
242.92825
201.00108
106.36863
45.800167
128.22603
119.48503
76.14063
196.08994
294.50012
275.38007
237.60117
159.82373
299.68582
287.0885
328.20343
236.32733
213.62947
294.1046
297.35156
23.565714
295.88608
311.7874
307.0272
319.20557
260.3343
300.4676
292.64542
309.28683
303.11407
300.22455
314.78168
326.48593
35.787155
163.40866
265.72632
326.60577
291.96332
287.96375
171.30482
115.36268
290.06628
60.33103
72.56416
121.776505
