135.42688
180.15704
105.91198
261.44922
290.30035
99.77616
307.55978
202.4759
174.64082
157.98431
73.908775
350.32437
56.33378
85.805695
139.08266
57.503952
206.43974
346.7789
170.47212
240.99011
164.35721
231.76193
36.971134
204.35368
94.111534
33.2844
271.61923
45.062584
170.69052
189.71175
229.60266
155.15373
187.06337
180.28328
179.59677
198.79704
171.43066
175.1954
296.5739
302.45972
304.59204
288.40454
313.09598
31.72122
162.59917
301.4684
281.7751
177.2939
52.767345
170.1341
169.42966
167.99648
14.074761
23.590443
280.0216
147.39304
157.92554
194.79654
211.57738
276.91602
276.90045
20.935009
227.07329
256.20184
312.54977
276.86444
254.97238
152.16484
169.33174
92.72663
223.20502
191.16603
67.73864
62.71831
287.74374
296.89157
96.02677
125.0467
210.0141
89.14907
19.920973
60.21596
92.36286
176.1275
37.88361
248.96902
47.087166
270.94855
182.93176
239.73674
300.77704
179.78479
28.836197
311.77707
172.8017
73.57805
268.62314
231.23755
300.29657
44.328064
214.85214
197.58923
290.5067
136.07008
316.47766
224.50264
281.5061
6.9357495
194.46841
133.10686
254.48123
124.49686
305.19055
211.57317
108.67082
127.45019
156.87227
292.53156
149.26576
215.16693
198.2273
237.07932
34.70753
297.891
43.105743
179.70418
179.66408
180.02817
178.00438
179.85725
185.95532
30.703617
60.43705
65.21705
30.729534
161.67851
119.447464
155.25175
143.50604
199.14067
68.239334
147.6498
138.312
204.65892
