197.1708
300.3523
243.1244
180.18959
139.65512
214.23471
193.56061
131.86949
178.90434
139.91579
96.32391
161.8226
148.33565
130.00623
163.77441
97.66849
204.30547
154.53258
241.53055
297.04434
143.81172
229.71504
134.18083
147.6203
216.88351
189.9847
172.6081
204.59424
265.48505
209.5165
70.992294
175.07364
197.35924
202.4064
170.2526
183.26135
269.93747
170.4814
182.96654
163.03691
177.4944
168.06111
157.82231
131.11304
238.62213
199.32446
236.2344
262.23672
191.69928
262.39142
261.4996
265.20648
67.206406
59.069103
223.16837
231.5469
108.036896
116.11512
289.78287
75.60062
75.61487
90.02987
336.83203
68.422226
114.72225
75.58896
54.535667
234.21231
161.44466
70.417885
73.243454
162.77136
196.91118
142.72234
116.65388
174.43706
222.79852
176.8198
118.71863
89.45129
168.33649
255.3031
88.1341
156.90569
222.68532
179.86955
192.26212
190.54953
254.49294
191.57535
164.13731
175.35344
193.33894
216.99901
190.616
202.79158
264.3724
282.66364
266.07587
147.73778
285.30215
175.2517
292.5374
118.595955
204.7594
197.2476
258.765
62.790855
213.8222
222.84569
111.3848
191.864
250.1943
138.9394
253.22214
247.85696
180.97493
244.37857
268.13165
206.55765
159.12433
139.44589
159.70325
161.65579
151.48892
234.04195
202.84479
203.52689
299.0294
230.4109
305.86218
231.86647
216.43324
220.48589
231.87402
284.42358
100.9846
245.05104
260.4749
208.81032
176.92543
117.295105
108.43316
77.09103
