141.27196
300.3573
28.968859
222.63847
69.68604
127.492645
236.45625
145.74089
142.41023
225.30618
291.9036
114.93765
82.91664
173.48521
104.66707
285.53955
316.15857
213.92792
37.128265
96.22788
98.67334
104.07998
300.17908
298.05582
246.3663
69.8771
124.81595
101.4167
268.64386
82.451454
105.32742
41.729946
221.00096
23.605251
238.12567
179.55447
180.9851
121.9559
57.6788
52.58254
58.54685
66.76123
55.13011
211.17361
182.65506
198.59341
276.9412
298.60367
65.67386
293.13153
291.51416
291.234
200.28987
236.88306
216.45421
111.86085
147.18555
259.0495
85.40512
192.01268
192.03151
56.924656
325.31644
176.32011
329.48468
192.04327
146.4357
229.63747
68.90863
200.74019
237.46753
199.43063
176.81374
279.99796
223.09009
310.026
182.80064
178.20505
183.30627
201.85684
203.83112
311.87787
196.42308
268.42834
183.5649
155.00337
95.395996
204.33171
217.33083
218.60829
55.422268
210.75978
228.3021
250.87857
78.87789
116.86472
214.02061
176.44936
169.89049
181.36353
237.7108
175.80487
290.93924
156.11269
224.98148
144.47809
253.26257
105.80649
282.6198
253.42226
1.7864267
186.91698
158.52118
109.69913
175.25032
185.27019
146.0261
175.42041
182.46268
82.5567
251.3764
299.1625
220.8127
322.65012
215.6947
250.03036
290.66315
264.4862
260.03033
131.57726
136.06606
147.78447
254.22023
140.22987
253.15417
266.34558
263.22998
263.6765
266.35883
147.63689
210.19678
144.21913
146.51997
242.28929
58.096153
117.39722
209.82611
209.15482
