7.2460485
182.55888
328.8135
88.65408
90.521706
209.62067
59.618313
71.08731
106.82232
219.75719
148.57976
309.7846
329.98752
66.56177
183.06493
185.88223
74.792595
148.4161
106.653336
56.039684
65.71591
115.53346
30.334883
316.24252
227.38881
241.97908
226.46693
44.02971
154.15329
267.14627
246.70123
215.71576
101.39882
128.30586
138.8974
190.84213
60.90984
57.78658
94.00412
72.40857
75.52749
67.751236
77.70697
96.168
331.79285
82.762825
241.64108
264.31952
287.27158
228.04955
288.9544
291.46527
292.4192
179.81822
215.12456
101.59082
271.4302
52.120613
176.96541
111.96525
120.81842
120.82768
195.44159
209.18298
86.39929
236.49333
323.92825
120.82499
175.64275
131.97444
133.15788
182.86671
255.95654
3.923663
28.141214
178.97993
56.7261
104.85328
71.40584
271.03192
55.35474
292.62354
29.776993
287.13208
292.5341
262.16522
300.83905
330.30215
284.2749
125.398384
122.76912
306.75177
232.59912
67.810585
219.51453
309.22836
109.267
194.76688
56.117695
356.99728
261.05682
122.14197
284.47086
51.361065
51.5894
115.01049
293.36316
25.76168
310.4176
99.19045
102.14398
254.34058
255.2923
321.9419
296.31384
194.33273
153.41217
292.06033
232.4153
264.30533
247.51752
299.15836
136.83127
329.6478
281.36923
236.2758
13.812647
297.93097
140.9298
172.10356
311.28326
54.13533
230.67892
235.67668
207.27695
202.33139
301.0983
282.19135
298.43234
190.18999
289.6813
191.39711
55.250717
38.229065
40.136757
55.193848
214.34258
142.61395
244.46426
276.21503
291.3863
71.12769
298.0074
87.43101
306.0267
