217.30518
184.37856
160.27875
139.15295
140.60017
103.51623
167.65276
90.22805
169.03908
255.68826
113.21112
257.4045
127.50859
169.58757
224.01988
173.15158
123.64292
226.87888
144.39194
149.9256
237.14716
170.99103
206.42493
205.34645
103.582
175.62782
148.46024
124.17944
163.81224
168.49823
120.49139
131.57613
151.92361
117.412254
216.94888
146.49664
151.21817
132.49394
214.29204
194.76227
209.80997
197.14723
214.65898
287.19473
143.5515
161.94493
162.86723
240.40836
132.65027
238.01537
233.15758
239.75638
243.88298
210.50673
283.57568
178.69972
233.59653
120.68146
179.2633
107.27062
107.29927
274.37506
111.416855
99.62628
276.8846
251.70428
107.31449
147.26068
75.61292
115.785965
135.0597
259.70316
225.37692
195.0915
129.62021
191.99463
223.20389
125.21123
218.57854
232.03568
215.96701
193.24913
249.54063
209.47112
260.6056
143.16397
177.5203
210.75078
161.79579
157.12468
199.57407
173.76874
168.26904
209.07578
209.67989
170.10233
200.4274
196.20033
175.13274
172.80437
184.06398
247.33752
212.69986
222.6562
192.01888
208.58897
233.78699
202.73882
198.49525
176.44307
201.34564
202.63496
175.45178
214.08179
196.96667
351.91125
187.54779
237.57166
258.5997
274.11432
150.0241
138.43382
275.30316
243.09247
180.70876
116.51619
214.08766
113.70418
241.72061
163.98685
201.61794
158.11041
168.2932
165.88666
143.1939
166.26332
173.30043
163.88431
55.94433
181.38385
54.91129
227.28941
183.04205
185.71713
227.34746
188.15096
177.45007
210.43414
199.80943
89.247665
190.04703
139.89606
142.91682
113.57543
