54.369114
65.56479
197.16385
319.734
135.70563
30.85002
149.7899
54.483814
39.97678
123.95858
38.053253
277.61108
101.46905
262.89392
135.39244
350.7744
105.21965
231.89656
103.40773
69.58845
121.4925
34.0462
334.66992
128.7035
306.85623
77.907425
60.086266
94.24686
78.19129
192.55582
161.45198
165.6866
324.79944
139.88445
301.027
358.84103
359.79105
339.1651
289.2779
293.43005
301.66998
294.09207
268.45078
113.52508
133.63477
206.25603
146.65591
58.30221
53.45751
66.62768
62.18048
62.927704
208.54576
212.6014
161.12056
39.85603
79.68602
358.01007
69.00969
105.57532
105.588425
172.04132
41.802563
129.28444
53.06534
355.89337
105.593834
106.791084
47.755672
10.762856
33.713535
178.09453
95.93963
108.49092
304.25842
304.2053
68.98348
110.687096
187.31711
226.92549
187.1456
184.67389
178.76494
191.3393
197.56136
73.45511
145.38054
38.93499
104.36566
117.017525
163.33728
27.370949
228.85538
178.25293
77.39741
29.616108
76.636154
89.61558
103.39569
73.71431
226.18451
283.11298
94.18317
89.8028
77.47134
304.62228
84.66961
298.8896
79.09971
79.1316
228.31265
130.27592
160.09344
298.23575
164.71985
171.86472
191.58267
179.1839
201.98268
108.14885
181.7594
154.28764
190.65114
80.40946
180.299
175.96503
294.47015
10.061824
289.06613
222.08893
59.068123
339.55304
315.445
197.73975
261.3161
85.028305
95.689316
99.57341
60.144806
94.975334
64.4125
151.07515
176.83919
183.59189
151.10309
240.69476
133.03636
207.91742
191.14844
22.91941
187.27325
201.80363
15.72709
251.88004
