157.70299
158.25264
181.53706
107.00313
117.25429
291.79572
168.78554
185.12831
168.08073
0.7704366
109.01162
193.16331
259.54382
321.9365
271.7622
303.15866
182.95547
86.61152
304.2407
98.72951
297.2837
33.87878
166.32915
9.447861
198.7067
190.88893
220.03227
254.63826
179.86798
315.56714
42.53887
202.38078
99.98561
205.11159
179.24782
191.77281
314.54062
71.22286
205.54507
145.29048
188.71587
199.7742
158.02208
92.623825
185.79156
237.73041
298.3811
97.40849
298.3356
279.1087
285.59607
287.30872
21.919806
280.33826
268.40826
207.7438
252.62256
112.995
285.04617
118.1742
157.42209
0.13921645
273.34216
109.83674
160.51732
153.38489
190.06816
153.39525
