178.31819
43.040703
183.24219
286.02533
259.59576
194.90636
256.94556
193.52115
158.13496
174.62004
199.22385
106.32225
264.6579
199.68626
276.17694
171.35951
199.10002
248.73317
173.30489
193.92412
173.34732
266.88727
199.80928
229.37982
128.98473
237.6134
84.60184
134.22122
213.09526
148.89594
231.74484
202.6738
103.93019
141.23259
178.98466
219.1753
196.07835
242.8769
177.9671
277.19547
177.11345
282.13354
166.44843
223.8794
160.17877
283.35938
180.26143
269.3769
191.16861
311.51547
314.53052
315.58633
185.0322
304.41873
273.18622
190.55373
190.39726
268.24408
174.02916
227.3258
300.48077
106.42096
130.25685
145.82817
112.84562
109.58858
161.52646
202.21794
