213.05406
285.27383
180.3209
188.03554
220.44905
31.244843
208.52711
173.75862
179.85852
14.829935
129.83147
339.20908
114.13384
50.05046
109.12896
298.62994
138.38472
303.08002
304.9165
345.33694
308.54926
236.25586
294.452
60.488625
149.7055
196.96498
155.55238
85.43511
147.56725
231.97598
29.21822
79.50869
61.676018
159.67601
174.29733
48.736244
195.5106
340.6532
107.59417
296.8341
196.80434
331.91907
190.33745
320.1061
202.07141
164.40114
334.1383
167.53404
340.66943
209.01183
204.72092
208.38756
175.04381
207.91414
201.75996
71.46741
183.38368
224.23076
276.72357
100.51949
239.9267
337.50864
280.8565
167.40553
160.82805
167.86829
32.23611
232.76901
