68.65526
293.5805
203.88821
188.10167
226.26663
67.3246
152.47972
61.499786
244.2798
147.11319
282.90775
315.297
250.66965
152.88843
224.82878
155.49141
277.68018
297.54642
74.86381
292.0921
128.44524
291.50452
42.57376
173.32239
194.41493
190.01595
97.146805
26.396097
346.889
64.21305
259.9482
313.78687
155.90913
155.95164
291.7925
210.93794
178.19922
150.9822
196.13759
218.41064
107.46498
289.71817
94.866165
298.3729
155.24193
294.80896
182.51279
52.80091
62.54611
33.76774
105.34105
247.18979
75.871574
122.589485
124.25359
119.53465
77.73183
123.00804
107.14456
69.111786
71.553055
312.914
84.18292
346.975
303.00903
312.31534
242.4155
274.6137
170.23895
239.18597
296.1225
71.86087
226.33736
48.718876
