149.24701
233.16325
180.16374
189.17749
148.48341
166.40439
143.44171
208.53989
118.54297
254.94177
242.95407
259.61273
183.85501
65.65536
182.651
64.59168
218.52138
164.5893
171.00856
224.80994
99.621025
227.12836
145.6412
220.2248
207.27583
85.77122
178.28911
136.78975
118.56825
168.90938
175.48367
134.6248
156.5626
252.78125
210.04848
256.89587
197.68068
181.03793
189.7468
93.15367
221.38948
156.52936
239.53809
82.89958
200.69174
184.59058
166.29338
197.27127
194.58463
140.13806
248.95554
187.91948
231.4062
100.64104
104.42198
102.93761
174.67204
180.01582
96.91536
146.7161
177.13463
90.03626
42.825638
139.05896
211.31465
175.10422
161.18666
152.9082
227.3119
157.05054
201.0686
209.7018
152.2161
147.00755
