338.05664
306.691
86.02831
185.40474
189.74818
29.386986
242.62897
294.55322
23.85199
339.60913
135.80954
318.04614
175.07433
162.83864
202.94756
141.07571
321.95773
75.73445
167.25348
310.12097
115.75371
310.60657
42.777603
44.852757
316.55762
86.804504
295.60806
321.55704
203.14827
335.1533
304.33987
219.64217
73.400894
330.9607
259.38602
288.95578
264.41107
290.2692
323.99597
178.27446
172.25331
297.57132
163.29562
51.457413
145.67549
152.20998
283.1144
277.68228
200.67165
317.33972
150.10791
6.906851
173.55002
174.16437
177.83308
69.83388
183.83585
142.1472
166.4352
252.8919
76.50379
46.24436
184.74086
85.59943
298.89496
199.66937
325.88922
343.37976
105.7953
44.300224
182.51402
192.17108
154.86928
66.885086
