0 1.1976506884096156e-06
1 2.3953013768192313e-06
2 0.0
3 0.0
4 1.1976506884096156e-06
5 1.1976506884096156e-06
6 3.592952065228847e-06
7 2.3953013768192313e-06
8 1.1976506884096156e-06
9 0.0
10 5.988253442048078e-06
11 1.1976506884096156e-06
12 1.1976506884096156e-06
13 2.3953013768192313e-06
14 3.592952065228847e-06
15 3.592952065228847e-06
16 4.790602753638463e-06
17 3.592952065228847e-06
18 1.077885619568654e-05
19 1.4371808260915386e-05
20 9.581205507276925e-06
21 8.383554818867309e-06
22 1.077885619568654e-05
23 4.790602753638463e-06
24 2.2755363079782695e-05
25 2.5150664456601927e-05
26 3.3534219275469236e-05
27 3.5929520652288475e-05
28 3.952247271751733e-05
29 5.86848837320712e-05
30 7.425434268139625e-05
31 0.00010539326058004628
32 0.00011018386333368477
33 0.00010898621264527516
34 0.00020120531565281572
35 0.0001868335073919003
36 0.00021078652116009256
37 0.00029462206934876585
38 0.00036408580927652366
39 0.00041917774094336603
40 0.0004598978643492931
41 0.0006143948031541336
42 0.0006694867348209755
43 0.0007712870433357928
44 0.0009341675369595005
45 0.0010383631468511368
46 0.0011725000239530133
47 0.0013138228051853488
48 0.0015066445660192975
49 0.0017306052447518948
50 0.0019797165879410945
51 0.002056366231999311
52 0.002299489321746463
53 0.0024803345756963125
54 0.002736631823015972
55 0.0028911287618208137
56 0.003106705885734544
57 0.0032827605369307547
58 0.003372584338561478
59 0.003483965852583572
60 0.003731879545084361
61 0.003874399977005106
62 0.003943863716932865
63 0.004145069032585681
64 0.004153452587404549
65 0.0041318948750131744
66 0.004155847888781366
67 0.004252857594542545
68 0.004098360655737704
69 0.0040312922171867665
70 0.004040873422694044
71 0.004043268724070865
72 0.003742658401280048
73 0.0036923570723668437
74 0.0036025332707361234
75 0.0033665960851194314
76 0.0032073085435609496
77 0.0030204750361690507
78 0.002954604248306521
79 0.0026815398913491296
80 0.002562972473196579
81 0.002436021500225159
82 0.0021737359994634534
83 0.002117446417108202
84 0.0019605541769265413
85 0.0017605465119621352
86 0.0016671297582661867
87 0.0014958657098236106
88 0.001397658353374022
89 0.001232382558373494
90 0.001100640982648437
91 0.0010180030851481732
92 0.0009114121738797178
93 0.000835960180509912
94 0.0007305669199298656
95 0.0006874514951471197
96 0.0006323595634802777
97 0.0005964300428279892
98 0.00046828141916816044
99 0.0004575025629724739
100 0.00045989786434929306
101 0.0004575025629724739
102 0.0003904341244215353
103 0.0003856435216678967
104 0.0003221680351821872
105 0.0003018079734792236
106 0.00025030899387761
107 0.0002850408638414889
108 0.00024072778837033314
109 0.0002047982677180446
110 0.0002012053156528157
111 0.00016288049362370798
112 0.0001712640484425753
113 0.00015689224018165985
114 0.00015928754155847903
115 0.00013054392503664825
116 0.00012814862365982907
117 0.0001341368771018771
118 0.00015569458949325017
119 0.00015689224018165977
120 0.0001568922401816598
121 0.00015808989087006948
122 0.00015090398673961173
123 0.0001353345277902867
124 0.00014850868536279253
125 0.00016647344568893684
126 0.00015210163742802136
127 0.00017365934981939453
128 0.00015449693880484062
129 0.00018204290463826183
130 0.00017844995257303294
131 0.00023713483630510428
132 0.00025629724731965814
133 0.0002479136925007908
134 0.0002586925486964774
135 0.00033773749413151214
136 0.0003030056241676332
137 0.00036767876134175263
138 0.0004167824395665469
139 0.000444328405399968
140 0.0005545122687336529
141 0.000641940768987554
142 0.0006670914334441563
143 0.0007796705981546598
144 0.0008503319887708269
145 0.0011054315854020754
146 0.0010850715236991116
147 0.0012539402707648676
148 0.0016156307786645713
149 0.0017497676557664491
150 0.0020108555058397466
151 0.002222839677688247
152 0.0025162640963486017
153 0.0029965220224008582
154 0.003363003133054199
155 0.003934282511425587
156 0.004381006218202373
157 0.004800183959145739
158 0.005464880091213075
159 0.006248143641432968
160 0.006866131396652326
161 0.007579931206944458
162 0.008511703442527139
163 0.009176399574594476
164 0.010196797961119467
165 0.010978863860650948
166 0.01219567696007511
167 0.01302924183920821
168 0.014216113671422136
169 0.015146688256316408
170 0.0159682766285654
171 0.017025802186431092
172 0.01785457646281055
173 0.018708501403646605
174 0.01949655555662014
175 0.020122926866658362
176 0.02046665261423192
177 0.02106428030774832
178 0.02149184160351054
179 0.021448726178727808
180 0.021534957028293302
181 0.021218777246553154
182 0.021307403397495473
183 0.020881039752421643
184 0.019997173544375354
185 0.01942589416600396
186 0.0185959222389361
187 0.017894098935528072
188 0.017150357858025697
189 0.016214992670377786
190 0.01520896609211371
191 0.014095150951892767
192 0.013134635099788251
193 0.012205258165582397
194 0.011171685621484899
195 0.010217158022822432
196 0.009427906219160488
197 0.008474576271186437
198 0.007704486878539055
199 0.006845771334949364
200 0.00614993628498338
201 0.00548883310498127
202 0.00491515842523306
203 0.004191777409433655
204 0.003814517442584626
205 0.0032767722834887085
206 0.002900709967328087
207 0.0025857278362763593
208 0.0023174540820726066
209 0.0019725306838106376
210 0.001710245183048932
211 0.0015820965593891028
212 0.0013413687710187693
213 0.0011221986950398105
214 0.0009736900096770178
215 0.0009233886807638137
216 0.0007030209540964448
217 0.0006802655910166619
218 0.0005844535359438932
219 0.0005209780494581836
220 0.0005173850973929547
221 0.0004311542478274623
222 0.0003832482202910776
223 0.0003557022544576564
224 0.000350911651704018
225 0.00029701737072558516
226 0.00023473953492828505
227 0.0002407277883703331
228 0.00020599591840645413
229 0.00020599591840645423
230 0.00018084525394985223
231 0.0001640781443121176
232 0.0001604851922468887
233 0.00014970633605120208
234 0.00015329928811643097
235 0.00013533452779028668
236 0.00014850868536279253
237 0.00011736976746414252
238 0.0001473110346743829
239 0.00013772982916710594
240 0.00014850868536279256
241 0.0001341368771018771
242 0.00013892747985551555
243 0.00012455567159460015
244 0.00013533452779028674
245 0.00017246169913098482
246 0.00016168284293529835
247 0.0001856358567034907
248 0.00016886874706575601
249 0.00021078652116009267
250 0.00022276302804418883
251 0.00025150664456601967
252 0.0002143794732253215
253 0.00023713483630510428
254 0.00028264556246466966
255 0.0002766573090226216
256 0.00034731869963878907
257 0.0003521093023924275
258 0.00041798009025495654
259 0.0004323518985158719
260 0.0005353498577190989
261 0.0005760699811250259
262 0.0005700817276829776
263 0.0006263713100382295
264 0.0007233810157994079
265 0.0007497293309444198
266 0.0008275766256910446
267 0.0009365628383363193
268 0.0009904571193147518
269 0.001126989297793448
270 0.0011868718322139292
271 0.001319811058627396
272 0.0014048442575044793
273 0.001532992881164308
274 0.0018120454915637487
275 0.001868335073919
276 0.0020671450881949976
277 0.002159364191202538
278 0.002316256431384196
279 0.0025138687949717822
280 0.0027929214053712234
281 0.0029474183441760633
282 0.003010893830661774
283 0.003261202824539383
284 0.0033558172289237433
285 0.0035498366404461013
286 0.0035198953732358614
287 0.003743856051968457
288 0.003778587921932337
289 0.003948654319686502
290 0.0040803958954115606
291 0.004076802943346332
292 0.004085186498165199
293 0.004107941861244982
294 0.004113930114687031
295 0.004024106313056309
296 0.003936677812802405
297 0.0039881767924040195
298 0.0037809832233091584
299 0.0036779852641059293
300 0.0035294765787431386
301 0.0033989326537064877
302 0.003201320290118901
303 0.003008498529284954
304 0.0029414300907340154
305 0.0026827375420375396
306 0.00246356746605858
307 0.002180921903593911
308 0.002034808519607938
309 0.0018922880876871947
310 0.0016898851213459677
311 0.0015665271004397774
312 0.0013497523258376375
313 0.0011629188184457367
314 0.0010239913385902218
315 0.0008838662080462965
316 0.000776077646089431
317 0.0006850561937703002
318 0.0006012206455816276
319 0.0004778626246754374
320 0.00040001532992881223
321 0.000341330446196741
322 0.0002527042952544293
323 0.0002682737542037543
324 0.000184438206015081
325 0.00016527579500052715
326 0.00011976506884096169
327 9.82073564495886e-05
328 8.263789750026356e-05
329 7.664964405821548e-05
330 7.066139061616738e-05
331 5.988253442048084e-05
332 4.3115424782746185e-05
333 3.3534219275469236e-05
334 1.7964760326144234e-05
335 2.7545965833421156e-05
336 2.155771239137308e-05
337 1.3174157572505772e-05
338 1.3174157572505772e-05
339 1.077885619568654e-05
340 1.077885619568654e-05
341 7.185904130457693e-06
342 3.592952065228847e-06
343 8.383554818867309e-06
344 3.592952065228847e-06
345 5.988253442048078e-06
346 0.0
347 0.0
348 0.0
349 3.592952065228847e-06
350 3.592952065228847e-06
351 2.3953013768192313e-06
352 0.0
353 2.3953013768192313e-06
354 1.1976506884096156e-06
355 0.0
356 1.1976506884096156e-06
357 1.1976506884096156e-06
358 0.0
