0 0.0007815139465868763
1 0.0008114433362212745
2 0.0007371586867183246
3 0.0007767029939395006
4 0.0007431155585004514
5 0.000809042600207876
6 0.0008018838301615258
7 0.0007934751804110405
8 0.0007671116308303253
9 0.0008282373766026888
10 0.0007407407752365688
11 0.0007742812607249865
12 0.000794669957681215
13 0.0007802879739613833
14 0.0007922833104467178
15 0.00075270540822792
16 0.0008402154112280434
17 0.0007850712938928723
18 0.0007683055592545869
19 0.0007814620496422938
20 0.0007706994934459096
21 0.0008641729855141584
22 0.0007742792204485436
23 0.0008533775085000996
24 0.0008977302513456675
25 0.0009372693106420079
26 0.0008773530744218128
27 0.0009169102863299216
28 0.0009468637490711438
29 0.000976849243004207
30 0.000939654101933984
31 0.000984027335021613
32 0.0009912164605482081
33 0.0010415679565304891
34 0.0010307760392889267
35 0.0011026892981391904
36 0.001141048524686834
37 0.0011542253757151671
38 0.0012405068678347424
39 0.001188980973186154
40 0.001298051041126472
41 0.001337592975764849
42 0.0013567853943067386
43 0.0014670507554563313
44 0.0015665448900898794
45 0.0015940820078065513
46 0.0016312381578661621
47 0.0016036681407347287
48 0.0017031551456121712
49 0.0017103922599792261
50 0.0017738809429003782
51 0.001778650508295033
52 0.0019716008432103687
53 0.001916469947340681
54 0.0019943878972039815
55 0.0020135372637145902
56 0.0020015865254318106
57 0.0020567009723649293
58 0.0021645696772899826
59 0.002170575042728939
60 0.00214300229062014
61 0.0022305056841950663
62 0.002178982145457777
63 0.0021729989936382747
64 0.0021945265068860427
65 0.002228065270943815
66 0.0021465845508962076
67 0.0021765629510826397
68 0.002386296661548447
69 0.00222090904919965
70 0.0022364651109453974
71 0.002169364843235516
72 0.002167013609165769
73 0.0021825476472633817
74 0.0021777620984081824
75 0.0021358048575249988
76 0.0020734638097934842
77 0.0020614801966379187
78 0.002090270409642339
79 0.002018328523828585
80 0.0019895954116566205
81 0.001976399901280523
82 0.002018337333419933
83 0.0019032586537267833
84 0.0018445587243851576
85 0.0018457465277311985
86 0.0018877195471837264
87 0.001938057824395819
88 0.0019032579857666465
89 0.0017786113337066904
90 0.0018720889079839637
91 0.0018661316870517061
92 0.0017127181968288464
93 0.0017402975623783863
94 0.001842145778988858
95 0.0018493644205549492
96 0.0017151101188621835
97 0.0018325744102312739
98 0.0018421462827054008
99 0.0018349587150861134
100 0.0017989944335696183
101 0.0018433547876858646
102 0.0018793048018838317
103 0.0018361527882866458
104 0.001933236184736006
105 0.001923672808910315
106 0.001957195298492674
107 0.0020350644307402673
108 0.0019775427922100095
109 0.002147792204109663
110 0.0021093921339787316
111 0.002103437117660391
112 0.002175332580630241
113 0.0020926075836204326
114 0.0021657432421984465
115 0.002111813540587174
116 0.002232871648406916
117 0.0022975842508168435
118 0.0023802916197077795
119 0.002321551988991696
120 0.00248572891983985
121 0.0024617787865515526
122 0.0024869760564092095
123 0.002575641306115219
124 0.002489331165430906
125 0.002660715842100647
126 0.002648731379688944
127 0.0027314478813714187
128 0.002827319037626209
129 0.0028308847128962144
130 0.0028920869480345856
131 0.0030023688845591217
132 0.0029807364390164667
133 0.0029663920824026077
134 0.0029088765890355676
135 0.003035897169207817
136 0.003154540481222015
137 0.003226458814468096
138 0.0032516527014772186
139 0.00335833900251855
140 0.0033583135682180736
141 0.0035368685644431774
142 0.003591994190834597
143 0.0036351817902639137
144 0.003807784805070012
145 0.00384609604861865
146 0.0038472967343910524
147 0.0040402311242850285
148 0.004247596526009762
149 0.004252351151384392
150 0.004261989868583342
151 0.0046191496224020885
152 0.0046071348079158485
153 0.004734141527681125
154 0.0049367483364827535
155 0.005005057939847214
156 0.004989441352716648
157 0.005314284089183612
158 0.0054545350685123095
159 0.005647458820940876
160 0.005975924849737276
161 0.00598304903350304
162 0.006189254047158966
163 0.006422950283645143
164 0.0066122525208958645
165 0.006836424886034084
166 0.007311012512316207
167 0.00707373554549287
168 0.007342243314019663
169 0.007338627966038287
170 0.007519579067001303
171 0.007972645446619228
172 0.007960675067726299
173 0.008203966924230905
174 0.008253159226310864
175 0.008465233510859434
176 0.008553946019227347
177 0.008539544372665277
178 0.008659477724230603
179 0.00855150610953548
180 0.008728957586293587
181 0.008864388641640778
182 0.00850483880223781
183 0.008691825999292914
184 0.008455661731762286
185 0.008550300707110695
186 0.008342931400831326
187 0.008317880435878458
188 0.008207590701846153
189 0.00800022871005644
190 0.008030183695110956
191 0.007628718659331521
192 0.007490807500732432
193 0.007416622893964597
194 0.007246379905446496
195 0.0070474123096952975
196 0.006956319395050311
197 0.006680661731680582
198 0.006633866030172149
199 0.006251585927486671
200 0.006063406708583287
201 0.005992684642972906
202 0.005649890057639326
203 0.005619943887585056
204 0.005253256311257457
205 0.005286747452371169
206 0.005233998308985601
207 0.00496312287210343
208 0.004873247262146896
209 0.004707911187422942
210 0.004505261316116294
211 0.004420267837113497
212 0.004323123738230752
213 0.004320733863282486
214 0.004096573744910035
215 0.004067817810934691
216 0.003753820703879871
217 0.00378856849231188
218 0.003639944105219497
219 0.0035189092310138536
220 0.0035236916786087163
221 0.003415830636955074
222 0.0033546933303995577
223 0.003395490737285868
224 0.00320969918846049
225 0.0031845200366797406
226 0.0031353436619547255
227 0.0030862355957089996
228 0.0030394962206114684
229 0.0029520284353632504
230 0.002986759114185494
231 0.0028753217037353783
232 0.0028261331009597893
233 0.002875312018418193
234 0.0027686043714954265
235 0.002516936455711864
236 0.0025936304831185694
237 0.0025361078765741073
238 0.0026511619540368196
239 0.0025049472590485435
240 0.002536084951184977
241 0.002483350392363569
242 0.0023575135379335977
243 0.0023096334877735834
244 0.0023791048047885456
245 0.0022424518429067686
246 0.0022305087207157323
247 0.0022580406207636317
248 0.0021765427584547964
249 0.002218506625646443
250 0.0022976256203809725
251 0.0022209076866477463
252 0.0021453960512088613
253 0.0022029381991171
254 0.002109423994653709
255 0.002080673104406611
256 0.00206986237766722
257 0.0020507247599874886
258 0.0021034361208390005
259 0.002084278794079097
260 0.002006363709573847
261 0.0020470926183412527
262 0.0019848019428840864
263 0.001894911392971949
264 0.001988402874941069
265 0.0019608279199973583
266 0.001995540455618368
267 0.0019224509094147347
268 0.0018949005386345306
269 0.0019931814435976683
270 0.0020986546530152
271 0.002067487608301818
272 0.0019907803733498946
273 0.002073488922440289
274 0.0020926663829120376
275 0.0020327191388551033
276 0.002048316902418594
277 0.0020183971713414652
278 0.0019668289063046324
279 0.0021406124344719945
280 0.002101053842848588
281 0.002169370455691226
282 0.0021753593589128165
283 0.00214902800862781
284 0.0021945426083578665
285 0.002201732577299133
286 0.002278446621647349
287 0.0022268993545519183
288 0.0022377239680239575
289 0.002212510747746397
290 0.002306021379785924
291 0.002274887749582052
292 0.0023216242408545065
293 0.0022760760585594465
294 0.0022820792209279775
295 0.0022796454605608
296 0.0022748918030660818
297 0.002300028875755692
298 0.0021670582312463722
299 0.0022569246627089446
300 0.0021418295744553497
301 0.0021286676166564697
302 0.0020627282114997337
303 0.0020135999594539256
304 0.00216818631905696
305 0.002091530629001015
306 0.0020855084831078578
307 0.002095108155899419
308 0.0019452759319316143
309 0.0018673893586346104
310 0.001839796954995579
311 0.001740341303863998
312 0.0017499224962836952
313 0.0016887665707669842
314 0.0016132751143118082
315 0.0015737233205760255
316 0.001530576556976882
317 0.0016192784424121705
318 0.0014658598957531623
319 0.0014299376667778934
320 0.0014191255949198638
321 0.0013783537796378603
322 0.0012932660335142642
323 0.0011938081918673902
324 0.0012801093382417362
325 0.0011818115233793768
326 0.0011542211413017565
327 0.0011938119118339399
328 0.001090704491213799
329 0.0011014919754629077
330 0.0010439931001468418
331 0.0009624537113160566
332 0.000994810431740225
333 0.0009241022749584915
334 0.001091922997423696
335 0.0009384679736454353
336 0.000951688916540033
337 0.0009181277820875024
338 0.0008845618641356995
339 0.0008953447813407012
340 0.000874960153457743
341 0.000903744260377617
342 0.0008941518801559626
343 0.0008725660276814451
344 0.0008654026767017279
345 0.0007766699312889381
346 0.0007766977427910261
347 0.0008114568885077614
348 0.0007479076859641452
349 0.0008282189052497724
350 0.0008162456251658044
351 0.0007826892150750533
352 0.0008162569884496936
353 0.0007898863091344247
354 0.0007994595266227531
355 0.0008150483127445841
356 0.0007215673538275378
357 0.0008054628757418334
358 0.0007563092048887393
