0 1.1976506884096156e-06
1 0.0
2 2.3953013768192313e-06
3 2.3953013768192313e-06
4 4.790602753638463e-06
5 3.592952065228847e-06
6 2.3953013768192313e-06
7 0.0
8 2.3953013768192313e-06
9 1.1976506884096156e-06
10 2.3953013768192313e-06
11 3.592952065228847e-06
12 3.592952065228847e-06
13 8.383554818867309e-06
14 4.790602753638463e-06
15 7.185904130457693e-06
16 3.592952065228847e-06
17 3.592952065228847e-06
18 1.077885619568654e-05
19 1.6767109637734618e-05
20 1.1976506884096156e-05
21 1.916241101455385e-05
22 2.275553235903194e-05
23 2.275570163828119e-05
24 4.072012340592695e-05
25 3.8324991308356956e-05
26 5.3894450257681985e-05
27 6.587095714177817e-05
28 8.623118812399092e-05
29 0.0001053935991385448
30 0.0001137771539574121
31 0.00013653285559569328
32 0.00017246186841023408
33 0.00020000817280215385
34 0.00023234457210996427
35 0.000336540182001601
36 0.0003664826341665861
37 0.00041558546599513424
38 0.00047307303759729427
39 0.0006179897865703531
40 0.00060840773466683
41 0.0008467412373358384
42 0.0009102170623800464
43 0.0010539337907552067
44 0.0012216081034382882
45 0.001439579343774095
46 0.0015928798168452695
47 0.001782107948496991
48 0.0020384065500506426
49 0.0023186569804177423
50 0.0025234549095772872
51 0.0028025110748409626
52 0.002923473286532587
53 0.0032360616397207396
54 0.003438462913269471
55 0.0038911763970015515
56 0.003953453724961103
57 0.004219332854905035
58 0.004406167039413931
59 0.004620547528314747
60 0.004819356019077501
61 0.004788222348835576
62 0.005088830809554646
63 0.005067274282118018
64 0.005185838145406336
65 0.005183444875380507
66 0.00520021198501825
67 0.005349915781880706
68 0.00507565699054064
69 0.005044518411200489
70 0.005087634343820982
71 0.00485409042823012
72 0.004837321625799891
73 0.00455467894108246
74 0.00431394793640639
75 0.004231308007555136
76 0.003997768323945501
77 0.00380853765310504
78 0.0036899710813487357
79 0.0032815684724575725
80 0.0031821653273913153
81 0.0029725761183611345
82 0.002621663620260871
83 0.002462376247981641
84 0.002226436353896959
85 0.0020815206205993964
86 0.0018815141405897347
87 0.001709053118575746
88 0.001604856493008615
89 0.001439579174494845
90 0.001301849853165486
91 0.0011461539094382424
92 0.0009677041261444583
93 0.0009437511123762664
94 0.0008132078644566157
95 0.0007413489924312883
96 0.0007209877457735798
97 0.0006347567269288385
98 0.0005581058979158785
99 0.000519782430120765
100 0.0004778633017924344
101 0.0004299576128145481
102 0.00038803983872021157
103 0.0003293544471503924
104 0.00032097140016927285
105 0.00022994944001239427
106 0.0002646813099762732
107 0.00023234491066846275
108 0.00023833333338976
109 0.00022276353588193652
110 0.00018563653382048763
111 0.0001640783135913668
112 0.00016048570008463645
113 0.00016767143493584484
114 0.00014611338398597327
115 0.00015809056798706642
116 0.00014252077047924286
117 0.00013413772349812336
118 0.0001521019759865199
119 0.00012814896221832752
120 0.00014731154251213064
121 0.00014012513054392517
122 0.00013413704638112636
123 0.00012934627434823867
124 0.00013653217847869637
125 0.00012934678218598636
126 0.00014012529982317446
127 0.00015689291729865682
128 0.00015928788011697754
129 0.00018563619526198912
130 0.0001868345230673958
131 0.0002143801503423185
132 0.00021557763175147882
133 0.0002275544771940735
134 0.00023593769345444236
135 0.0003173776017077978
136 0.0003305519285595528
137 0.00035330830731483107
138 0.0003712730676409753
139 0.00042277204724258893
140 0.0005137934995617199
141 0.0005581069135913738
142 0.000652720979417235
143 0.0006850585636797897
144 0.000840752306776793
145 0.0009677037875859603
146 0.0010730970481660068
147 0.0012671169675261126
148 0.0014264058633185858
149 0.0015341932403207064
150 0.0017833047527891553
151 0.0020300219795562815
152 0.002406085988509393
153 0.0026563929510360095
154 0.0031701906825789597
155 0.0034528345522511395
156 0.003913932098639831
157 0.004501978078811205
158 0.004934332685795062
159 0.005630169428553543
160 0.0062397729518370425
161 0.006864946103349114
162 0.0075092897912797
163 0.008183562727593834
164 0.009176421073059132
165 0.009887824904857444
166 0.010760919535715773
167 0.011669932176237439
168 0.012492723616110825
169 0.013383775389729074
170 0.014443695402575339
171 0.015249722102720473
172 0.015903637347241126
173 0.016671338886798667
174 0.017278550155731827
175 0.01797078734453436
176 0.018333683628526436
177 0.018430691810774377
178 0.018827112157286965
179 0.018751660502475655
180 0.018994783930781314
181 0.01870735132042724
182 0.018612731499106902
183 0.01816480844884921
184 0.017889354715288724
185 0.017049795657939855
186 0.016441392493812764
187 0.015816216633832692
188 0.015212594762100523
189 0.01413949856033077
190 0.01337299687209189
191 0.01256817594803912
192 0.011569331549762023
193 0.010806430600433833
194 0.009813574455598776
195 0.009160851783389054
196 0.00824584394897612
197 0.007572766293440906
198 0.006788299844875882
199 0.00611282248670337
200 0.005400223035567635
201 0.00483013843013742
202 0.004346283827876454
203 0.0037390761138075225
204 0.003497153383216768
205 0.003115101797938606
206 0.002548607605384882
207 0.002394108973787549
208 0.0020431981684797774
209 0.0017892948683029455
210 0.0015449732814711372
211 0.001422812741974107
212 0.0012240030662566091
213 0.0010263910412275207
214 0.0009305767855245116
215 0.0008251830171067178
216 0.0007293719777094438
217 0.0006299657856167016
218 0.0005341528841476862
219 0.00046588662562908884
220 0.0004443289132377158
221 0.0003856438602263951
222 0.00035330796875633256
223 0.0003209717387277715
224 0.00031019220541508787
225 0.0002718672141067309
226 0.00023953064551967125
227 0.0002311472599800531
228 0.0002251598529342512
229 0.0001976125328668361
230 0.00015569458949325025
231 0.00016886925490350375
232 0.0001341372156603756
233 0.00015569509733099794
234 0.00014132311979083334
235 0.00011497446608732324
236 0.00010659108054770515
237 0.00014970684388894987
238 0.00010539359913854478
239 0.00012455634871159715
240 0.00011617228605498208
241 0.00015210265310351684
242 0.00013533486634878525
243 0.00013533486634878522
244 0.0001509044945773595
245 0.00017485801618329953
246 0.00017605498975471222
247 0.00019042696729487692
248 0.00016886925490350375
249 0.00017725230188462331
250 0.00021917041453745843
251 0.0002071939076533623
252 0.0002706699019768198
253 0.00027545999689271045
254 0.0002982153599724931
255 0.00029821586781024104
256 0.0003652843063611795
257 0.0004000165148835568
258 0.00040001685344205536
259 0.0004610973771094444
260 0.000492235279332599
261 0.0005760716739175181
262 0.0006108042209983939
263 0.0006946389227908207
264 0.0007928469563574059
265 0.0008551234379207121
266 0.0009617158727024112
267 0.0010730978945622527
268 0.0012180127814635702
269 0.0013737099101455593
270 0.001444369946527732
271 0.0016779121693261058
272 0.001797678253842563
273 0.0019785246927471597
274 0.0020635582301827414
275 0.002323448260288379
276 0.002559384938067323
277 0.0027737659348058886
278 0.0029234719322985925
279 0.0032959421427902276
280 0.003438463759665717
281 0.003551041739421477
282 0.0038911740270920598
283 0.004117532715669466
284 0.004479224577803162
285 0.004633721516608004
286 0.004616953222015526
287 0.004936728833568129
288 0.0050624838486436315
289 0.005127155123746007
290 0.005274467004816641
291 0.005292432103701279
292 0.005430160578634391
293 0.005421775500302282
294 0.005528369289317973
295 0.005287641500947644
296 0.005263688825737949
297 0.005097211825184776
298 0.005104398575711481
299 0.005010983853366521
300 0.004752288934760555
301 0.004524735811800475
302 0.004216937892086713
303 0.0039869870978403235
304 0.003868420187525519
305 0.003616913204401004
306 0.0034121152752414558
307 0.003052819053043077
308 0.0027366377477896944
309 0.0024492019211298857
310 0.002297098590909373
311 0.0020899056989315064
312 0.0018791183313751683
313 0.0016443787964468828
314 0.0014072417595115388
315 0.0012838842464430956
316 0.0011353762381973006
317 0.0009233902042770568
318 0.0008479385494657497
319 0.0006730813796786969
320 0.0005820604351973141
321 0.0004994215220215552
322 0.0004383411676334155
323 0.0003569010901008106
324 0.00025749523656656625
325 0.00024312342830565083
326 0.0001784501218522822
327 0.00014970650533045136
328 0.0001269511422506686
329 0.00011976506884096169
330 9.221927228678976e-05
331 7.54521626490551e-05
332 7.545199336980588e-05
333 5.628975163450122e-05
334 5.149931816011199e-05
335 2.6348484424260785e-05
336 2.75461351126704e-05
337 2.3953183047441556e-05
338 1.3174157572505772e-05
339 1.7964760326144234e-05
340 1.796492960539348e-05
341 8.383554818867309e-06
342 8.383724098116554e-06
343 3.592952065228847e-06
344 5.988253442048078e-06
345 3.592952065228847e-06
346 4.790602753638463e-06
347 4.790602753638463e-06
348 4.790602753638463e-06
349 2.3953013768192313e-06
350 2.3953013768192313e-06
351 1.1976506884096156e-06
352 3.592952065228847e-06
353 2.3953013768192313e-06
354 2.3953013768192313e-06
355 2.3953013768192313e-06
356 2.3953013768192313e-06
357 1.1976506884096156e-06
358 0.0
