0 0.003331751192248981
1 0.003355671837338754
2 0.0033353911217483385
3 0.003562556447313932
4 0.0035744683034175414
5 0.0035841075564543336
6 0.0035866523502927415
7 0.0036560564348432933
8 0.003675363778736519
9 0.003696969747528983
10 0.0036981237095818536
11 0.00372450208269284
12 0.0037967179803926375
13 0.003686191656172658
14 0.003650008014155199
15 0.0036223116868615212
16 0.003660768185235374
17 0.0037895277658656565
18 0.003656043867801055
19 0.003595895490355184
20 0.0037234118058613722
21 0.0036211314420780227
22 0.0035406145309515315
23 0.0034757119531954616
24 0.0035440985332556327
25 0.003413094359418443
26 0.0033722916602046903
27 0.003290589326039026
28 0.003277268061574327
29 0.0032593221509970346
30 0.003199199340722951
31 0.003080161061089859
32 0.003108975261671621
33 0.0031078282118551298
34 0.002985180925265455
35 0.0029731020137077416
36 0.0028999468622779973
37 0.002823009622651379
38 0.002732896425913682
39 0.002841041566992231
40 0.0026366724825595167
41 0.002612621382221766
42 0.002604093703953654
43 0.002517545400915629
44 0.0024876008754904197
45 0.0025031657262130236
46 0.0024527147517101363
47 0.0023638432538308665
48 0.002355453677945055
49 0.002214885016363309
50 0.002258027237613752
51 0.0021666767460492157
52 0.002183558886859389
53 0.0021570725124139744
54 0.0021391095467178526
55 0.0020248276037498213
56 0.002079013270988689
57 0.0021426556302147942
58 0.0021582357813637325
59 0.002006829039244843
60 0.0019480182865950933
61 0.0019683231325756494
62 0.0019600007412898927
63 0.0018650685281605237
64 0.0018073393670978853
65 0.001788064824822743
66 0.0018866939454611205
67 0.0018061994046846492
68 0.0019287953186773966
69 0.0018505528737287637
70 0.0017221061515405763
71 0.0018482660655459186
72 0.0017352377493974943
73 0.0017677270462851287
74 0.0017844979071258652
75 0.0017520315887406097
76 0.0017496408984424149
77 0.001828905381719441
78 0.0018530678151553559
79 0.001818110466926178
80 0.0017941338962903428
81 0.001783369218726377
82 0.0017953742110209709
83 0.0018193243212275723
84 0.0018349933897609887
85 0.0018385906433721437
86 0.001845725607409246
87 0.0018121827263759853
88 0.0018818614531875464
89 0.001895005396560192
90 0.0018673572096043682
91 0.0020188545693335773
92 0.0019526871723711432
93 0.001973126888366472
94 0.0020607421889729453
95 0.002113631099411784
96 0.0020597149602727773
97 0.002100503634724774
98 0.0021966123094101365
99 0.002178739186140669
100 0.002220667586540254
101 0.002298768396746968
102 0.0022181888138139896
103 0.00224708031397602
104 0.002370832386675729
105 0.002361171432942944
106 0.002369528446642999
107 0.002409305186209952
108 0.0023383546028676967
109 0.0024908772970562705
110 0.0024933001848897957
111 0.002405686582873456
112 0.002560531109532794
113 0.0027084946579065228
114 0.0026291158635439013
115 0.002637468989209513
116 0.002621944189451531
117 0.002627868072909075
118 0.002708295562959199
119 0.002773362332526107
120 0.002718088583151445
121 0.0027251893853897737
122 0.0029462013170664246
123 0.0028140765341242557
124 0.0029041396385422504
125 0.0029545364629724896
126 0.0030062900904187007
127 0.0029630992950770195
128 0.0029677984121795373
129 0.0031215923452239604
130 0.0029509323851914983
131 0.002993160585457656
132 0.003190186802417617
133 0.0032009274269559893
134 0.003322331956908318
135 0.0033643429869948016
136 0.003235638487787263
137 0.003347672734026132
138 0.003393009558808615
139 0.0033942410354052335
140 0.003317428130317525
141 0.0034268319607014645
142 0.0035276633783889967
143 0.003447208618740081
144 0.0034915350771778813
145 0.0034710989550821784
146 0.003501251815408883
147 0.003584198544838317
148 0.0036310045128689836
149 0.0035698167647593773
150 0.0036538097252585386
151 0.003581660621990015
152 0.003477233557062497
153 0.0035205733724774243
154 0.0034989909094142054
155 0.0035962135654723512
156 0.0036130966829834806
157 0.0035588412091389983
158 0.003592526065784818
159 0.0035216004538370475
160 0.003468778712669821
161 0.0034928352984197287
162 0.0034868589844354444
163 0.0034868280028882885
164 0.0034783374217315236
165 0.0034603941894849662
166 0.0032933799178314865
167 0.003289830228528414
168 0.0033522208625262114
169 0.003329371683132315
170 0.003389487157704726
171 0.0033379489498475373
172 0.003236863800116564
173 0.003245337532627878
174 0.0032019777476425698
175 0.0031827989232057464
176 0.0031371474008759044
177 0.0032777744708660387
178 0.003188782683452254
179 0.0031214428982938064
180 0.003078317424835651
181 0.0032175628345364753
182 0.003163527848662593
183 0.003146706569389806
184 0.003124998429717194
185 0.0030806698482287614
186 0.0031250945489251832
187 0.0030867525224614056
188 0.0031490830213601194
189 0.0031670806357421296
190 0.0031058425283615144
191 0.0030673901179723967
192 0.0029939709396953856
193 0.003026544022456473
194 0.0029664526773830226
195 0.0029832518883213138
196 0.0028715676428826588
197 0.0028188213109086296
198 0.0027117813978685974
199 0.002840347756575806
200 0.002800653405795301
201 0.0027960056589053147
202 0.0028654895341492905
203 0.0027106073170998597
204 0.002786227791655325
205 0.0026721243917677676
206 0.002656472641339076
207 0.0026276493362743843
208 0.002669739302486196
209 0.002669719747096122
210 0.0027214331792207325
211 0.0025773296068234627
212 0.0026012760294909817
213 0.0024775060269378725
214 0.002564012399725769
215 0.002563988725072087
216 0.0025351935401928907
217 0.0024978645802071933
218 0.0025328189987978075
219 0.0024870529696746917
220 0.0024931226676469954
221 0.002440246327024316
222 0.002521902374098211
223 0.002535185364381643
224 0.0024031131350720973
225 0.0025844680479915096
226 0.0024836284219315143
227 0.0025172804276255628
228 0.0026266093993318816
229 0.0025208735571111375
230 0.0026337565817207125
231 0.002600128949887984
232 0.0026782762067115973
233 0.0026229385935155405
234 0.0026145338458464494
235 0.002689032581550097
236 0.002576019352699764
237 0.0025581461258971983
238 0.002758804755032842
239 0.002649455109318261
240 0.0026337808100111502
241 0.002660288169031428
242 0.0027779062048457356
243 0.002794766931720678
244 0.0028031845632583855
245 0.002780403882931689
246 0.0027623404025357654
247 0.0028355980866954147
248 0.002853706683621391
249 0.0029390545790733014
250 0.002928389123783933
251 0.002918638482455553
252 0.002850122192369586
253 0.003011183840450416
254 0.0027901011542172433
255 0.0029306831411869357
256 0.0029547116797656275
257 0.0030736582335341087
258 0.0029378161551867174
259 0.002923520678014883
260 0.0029319059101765473
261 0.0030039729036521255
262 0.0029269800910026386
263 0.0030124195966692666
264 0.0030123346626756546
265 0.003086899613308468
266 0.0029199453982687406
267 0.003090498308894973
268 0.0031012257721758454
269 0.003014750585718329
270 0.0030027526034424397
271 0.0030339859835738286
272 0.0029643309586690723
273 0.0030510057504300647
274 0.0030064508442593507
275 0.002955970659896917
276 0.002875398204192982
277 0.0029042507263447046
278 0.002928250404507142
279 0.0028995097011704106
280 0.002844147514121316
281 0.002942729135438364
282 0.002955952602097735
283 0.0028598470110828703
284 0.002832167406003551
285 0.0028057835319722836
286 0.002853824286781196
287 0.0028610431864595867
288 0.0026999649706060374
289 0.0026832067199991003
290 0.002843092573888475
291 0.0028262401850096715
292 0.0027805645010870205
293 0.002728991122135676
294 0.0027240468082480153
295 0.0027841978493641267
296 0.0026135659878714214
297 0.002716852137298798
298 0.0026423564637179224
299 0.0026893616544741428
300 0.0026628881823865286
301 0.002683245468237635
302 0.002564415922286744
303 0.0027650931195032273
304 0.0026940770478094543
305 0.002679698254620666
306 0.0027817828556711555
307 0.0026820992793855714
308 0.002676042606441522
309 0.002707299341678677
310 0.0026497269508994397
311 0.002702469259888485
312 0.0026328213892989824
313 0.0026605289656378983
314 0.0026484664828406706
315 0.0026400832225657836
316 0.002649657207337959
317 0.002563236675173107
318 0.0025740652346217976
319 0.0025716051633775097
320 0.0026304819541759705
321 0.0024669839275818506
322 0.0024983684402384194
323 0.002459841181150442
324 0.0025199246611037384
325 0.002439466414278896
326 0.002367317913359952
327 0.0024778873635437353
328 0.002357882548206349
329 0.0023517696047001633
330 0.0024443232336695377
331 0.0023770179104951913
332 0.002443242116714648
333 0.002349473352349403
334 0.002390235525680999
335 0.00250923174643884
336 0.0024431433239902045
337 0.002481745765516686
338 0.0024528335215548615
339 0.002544227489856061
340 0.0025538502817354604
341 0.002526079527793316
342 0.002583906138066936
343 0.002576671242647154
344 0.002629651051820671
345 0.00269569031225078
346 0.0027114410224587174
347 0.0027378070642171464
348 0.0029062463076139156
349 0.002815907273504513
350 0.0029097212397427544
351 0.0028244904426009587
352 0.00283283674980996
353 0.0030252725698811755
354 0.003167008313453885
355 0.0030538046313435233
356 0.0031802681367729814
357 0.0031574403545284236
358 0.0031911131716685884
