0 0.0
1 4.790602753638463e-06
2 2.3953013768192313e-06
3 1.1976506884096156e-06
4 0.0
5 1.1976506884096156e-06
6 3.592952065228847e-06
7 0.0
8 1.1976506884096156e-06
9 1.1976506884096156e-06
10 1.1976506884096156e-06
11 2.3953013768192313e-06
12 2.3953013768192313e-06
13 3.592952065228847e-06
14 4.790602753638463e-06
15 3.592952065228847e-06
16 8.383554818867309e-06
17 2.3953013768192313e-06
18 8.383554818867309e-06
19 9.581205507276925e-06
20 8.383554818867309e-06
21 7.185904130457693e-06
22 1.4371808260915386e-05
23 2.8743616521830772e-05
24 1.4371808260915386e-05
25 2.5150664456601927e-05
26 2.9941267210240388e-05
27 4.191811265283505e-05
28 3.473186996387885e-05
29 6.587078786252891e-05
30 7.664964405821547e-05
31 0.0001173697674641425
32 0.00011976506884096169
33 0.00012575349156225906
34 0.00017006639775416564
35 0.00020000817280215377
36 0.00022994960929164358
37 0.0002946222386280151
38 0.000342528435443649
39 0.0003916319443891941
40 0.0005006183263137187
41 0.0005533159722792371
42 0.0006275701456813838
43 0.0007844622165837934
44 0.0009054247668339163
45 0.0010443530930856772
46 0.0011569320885169326
47 0.0012527441435897012
48 0.0014563450991778339
49 0.0015497618528737842
50 0.0018946859282527517
51 0.001960556208277531
52 0.002186913204062444
53 0.0021952960817643147
54 0.0025617780388139046
55 0.0027629836930252176
56 0.002925864694486673
57 0.00323246428639503
58 0.003359415090087201
59 0.0033737862212311178
60 0.0037127205196547932
61 0.0038468572274774197
62 0.003758233446444599
63 0.003982192940222451
64 0.004055248955098442
65 0.004083992063782524
66 0.004169026447614351
67 0.004183400117947011
68 0.004119924123623552
69 0.004063633525592803
70 0.004130702979819238
71 0.0038911714879033225
72 0.003789371179388505
73 0.0037606272243081752
74 0.0035833759380990465
75 0.0033630065186391867
76 0.0032899508423216922
77 0.0032432414497982247
78 0.00303844318208018
79 0.0028599937373448925
80 0.0026839373933561896
81 0.0023054792679810024
82 0.0022611663617890967
83 0.002106669930822003
84 0.0018851052305832226
85 0.001798872518945988
86 0.0016467713893557152
87 0.0015641331532969523
88 0.0013557410871174328
89 0.001204837438936319
90 0.001047945537313158
91 0.0010335742368899911
92 0.00095213331296114
93 0.0008215893879244915
94 0.0007365555119304123
95 0.0006694875812172216
96 0.0006359531926625033
97 0.0005413384497196455
98 0.0005066065797557668
99 0.00047786296323393593
100 0.00044432891323771583
101 0.0003676794384587494
102 0.0003580978943929741
103 0.00032216871229918406
104 0.0002730645262366419
105 0.0003018084813169714
106 0.0002383328255520123
107 0.0002551004430274946
108 0.00021437964250457076
109 0.00019401941152235802
110 0.00018204290463826186
111 0.0001556947587724995
112 0.00017845012185228223
113 0.00014731103467438287
114 0.0001401252998231744
115 0.0001521016374280214
116 0.0001473110346743829
117 0.00013533469706953597
118 0.00012934627434823867
119 0.0001377301677256044
120 0.00014252077047924292
121 0.00012096288880862057
122 0.00011856758743180133
123 0.00013054426359514676
124 0.00013773016772560443
125 0.0001413227812323348
126 0.00017365985765714222
127 0.0001616828429352983
128 0.00016168284293529832
129 0.00017365951909864376
130 0.0001940197500808565
131 0.0002024033048997238
132 0.00021917024525820923
133 0.0002670769499115908
134 0.0002419254390587427
135 0.00030180848131697134
136 0.0002682739234830035
137 0.00036288832786736326
138 0.0004227717086840903
139 0.00042516650222316186
140 0.0005269669800172285
141 0.0006323604098765238
142 0.0006658946291519928
143 0.0007928459406819105
144 0.0009233900349978077
145 0.0009952483991853877
146 0.001144955243074337
147 0.0013246028463357793
148 0.001564133491855452
149 0.0017605488818716244
150 0.00201804428771744
151 0.002225237010416057
152 0.002552196494748127
153 0.002865980467273701
154 0.0034037273191621117
155 0.0036887691986790933
156 0.004381012481534595
157 0.004778630817294095
158 0.005342724460814273
159 0.0061008398857663
160 0.006850568539593724
161 0.00755958451830218
162 0.008435062939548387
163 0.0092039562050206
164 0.010192018022958526
165 0.0113285900497725
166 0.012148982464125577
167 0.013075964943350865
168 0.014195773923229084
169 0.015280843246297957
170 0.016173092501325363
171 0.017120438766397097
172 0.017985139685681613
173 0.01874086065565306
174 0.019791203356414787
175 0.020392421632086915
176 0.02068225276012355
177 0.021230781007396383
178 0.021452344861238926
179 0.021706250700604498
180 0.021730201513742435
181 0.021502647713665366
182 0.02130503331872679
183 0.020857112807657837
184 0.020270263462499386
185 0.01983311774492413
186 0.01853127347797388
187 0.0181288609845965
188 0.017374337665313454
189 0.016149140503232677
190 0.015285636388240341
191 0.014392187451173512
192 0.013234059066202166
193 0.012213657632650695
194 0.011291464571224295
195 0.01007584810681304
196 0.009298571117242709
197 0.008430271998236242
198 0.007785937620664366
199 0.00690087342337116
200 0.006206233654184094
201 0.005269670646568525
202 0.004783424805632723
203 0.004311548064489841
204 0.0037702094454909454
205 0.003383366580342149
206 0.0030288623151314017
207 0.0025845344175691835
208 0.0022503881827104074
209 0.001943789945036044
210 0.001717433964926627
211 0.0014802979436667782
212 0.001324603523452777
213 0.0011150136373055983
214 0.0009641096505659865
215 0.0008527281365438925
216 0.0008311704241525195
217 0.0006694879197757202
218 0.0006108026974851507
219 0.0005269666414587301
220 0.0005245718479196587
221 0.0004251663329439126
222 0.00037965526822584866
223 0.0003497141702948575
224 0.0003197737494808633
225 0.000273064526236642
226 0.00027545999689271056
227 0.00022635631866791615
228 0.00020599608768570346
229 0.00020599625696495264
230 0.00015928754155847906
231 0.00016527613355902566
232 0.00017605498975471228
233 0.00015449693880484062
234 0.000153299288116431
235 0.0001341368771018771
236 0.00016767109637734639
237 0.0001293466129067371
238 0.00014491607185606218
239 0.0001281489622183275
240 0.0001173697674641425
241 0.0001233583594646891
242 0.0001137768153989136
243 0.00016168301221454763
244 0.00014252060119999366
245 0.00014371859044690178
246 0.00016527613355902566
247 0.0002071937383741131
248 0.0001413229505115841
249 0.000178449952573033
250 0.0001892289780479688
251 0.00020958887047168296
252 0.00021198434112775153
253 0.00025270446453367853
254 0.00027665747830187085
255 0.0003030057934468825
256 0.0003257609872474159
257 0.0003425286047228983
258 0.0003461212182296287
259 0.00046588730274608586
260 0.00047427018044795616
261 0.000512595002477064
262 0.0005748726689951147
263 0.000588047165126119
264 0.0006946382456738238
265 0.0007593110442894441
266 0.0008539261257908009
267 0.0009233902042770569
268 0.001028782787740106
269 0.0011114206852403691
270 0.0011820817372980377
271 0.0014180197693109795
272 0.0015114358458899327
273 0.001596470568280258
274 0.0017425841215454813
275 0.001915046328514214
276 0.002123436871180489
277 0.0023066794578581505
278 0.002445605752758922
279 0.002683938747590183
280 0.0028084947577432804
281 0.002966583463658607
282 0.003113896021846231
283 0.0033402514941179005
284 0.003280368113301174
285 0.0034324699200084454
286 0.0036720015812036115
287 0.003792963792895236
288 0.0038911714879033233
289 0.003979796284611639
290 0.004066029165528122
291 0.00397141543826076
292 0.004122316716532382
293 0.003916322490918424
294 0.004019320957959397
295 0.003941471293303281
296 0.0039462634195701635
297 0.003913927189541602
298 0.0036899649872957616
299 0.003693558447198739
300 0.0034252833387609888
301 0.0032432419576359714
302 0.003134255237152948
303 0.002922270218908202
304 0.0027581924131545804
305 0.002511476371342201
306 0.00250309366291958
307 0.0022132599956942146
308 0.0019569639333293005
309 0.0017629440139691956
310 0.0015904818070004625
311 0.0014311935883249865
312 0.0013641263347287933
313 0.0012048374389363192
314 0.0010527359707875475
315 0.0008623098498889176
316 0.0007688924190759703
317 0.0006682895919703139
318 0.000513792822444723
319 0.00048385121667598394
320 0.0004335500570420292
321 0.0002910291172835369
322 0.0002970175400048343
323 0.00022276319732343812
324 0.00020000766496440614
325 0.0001640783135913669
326 0.00012695097297141944
327 0.00010180047779406668
328 9.341709225444862e-05
329 7.784746402587434e-05
330 6.108035438813967e-05
331 3.832482202910771e-05
332 5.0301328913203895e-05
333 4.4313075471155795e-05
334 2.155771239137308e-05
335 1.7964760326144234e-05
336 2.2755363079782695e-05
337 2.5150664456601927e-05
338 1.3174157572505772e-05
339 9.581205507276925e-06
340 8.383554818867309e-06
341 5.988253442048078e-06
342 7.185904130457693e-06
343 5.988253442048078e-06
344 4.790602753638463e-06
345 4.790602753638463e-06
346 3.592952065228847e-06
347 3.592952065228847e-06
348 0.0
349 1.1976506884096156e-06
350 1.1976506884096156e-06
351 3.592952065228847e-06
352 0.0
353 0.0
354 0.0
355 1.1976506884096156e-06
356 1.1976506884096156e-06
357 1.1976506884096156e-06
358 1.1976506884096156e-06
