0 2.3953013768192313e-06
1 1.1976506884096156e-06
2 0.0
3 1.1976506884096156e-06
4 1.1976506884096156e-06
5 3.592952065228847e-06
6 0.0
7 1.1976506884096156e-06
8 1.1976506884096156e-06
9 2.3953013768192313e-06
10 2.3953013768192313e-06
11 2.3953013768192313e-06
12 2.3953013768192313e-06
13 2.3953013768192313e-06
14 3.592952065228847e-06
15 2.3953013768192313e-06
16 5.988253442048078e-06
17 4.790602753638463e-06
18 1.077885619568654e-05
19 1.077885619568654e-05
20 7.185904130457693e-06
21 9.581205507276925e-06
22 1.6767109637734618e-05
23 1.077885619568654e-05
24 1.4371808260915386e-05
25 1.7964760326144234e-05
26 3.8324822029107714e-05
27 3.5929520652288475e-05
28 5.86848837320712e-05
29 5.269663029002311e-05
30 7.185904130457699e-05
31 9.22191030075405e-05
32 0.00011018386333368483
33 0.00013653217847869634
34 0.00015689224018165985
35 0.00022515832942100812
36 0.00022875128148623698
37 0.0002730643569573928
38 0.000331749240689464
39 0.0003940270764867642
40 0.00045750256297247385
41 0.0005593028714872911
42 0.0006419407689875546
43 0.0007377528240603235
44 0.0008862615094231157
45 0.000990457119314752
46 0.0011281869484818584
47 0.001326996962757854
48 0.0013317875655114932
49 0.0015988636690268381
50 0.0018791139301146873
51 0.00205636623199931
52 0.002192898410478007
53 0.0024312308974715198
54 0.0026683657337766235
55 0.002766573090226212
56 0.0028911287618208115
57 0.0032085061942493595
58 0.0032085061942493604
59 0.0035570225445765583
60 0.003567801400772245
61 0.0036600205037797865
62 0.003812122141207807
63 0.003922306004541492
64 0.003936677812802409
65 0.004060035833708595
66 0.004002548600664935
67 0.0040648264364622376
68 0.004028896915809946
69 0.004136685477766816
70 0.003992967395157658
71 0.003846854011171686
72 0.003680380565482748
73 0.003600137969359304
74 0.003482768201895161
75 0.0034085138592137676
76 0.0032228780025102778
77 0.0029929290703356306
78 0.0029306512345383283
79 0.00264561037069684
80 0.002482729877073133
81 0.002378534267181497
82 0.0021246323212386585
83 0.0020527732799340815
84 0.0018324055532667129
85 0.0017677324160925933
86 0.001536585833229538
87 0.0014743079974322366
88 0.0013437640723955888
89 0.0012180107501125793
90 0.0011078268867788946
91 0.0009665041055465594
92 0.000885063858734706
93 0.0008144024681185388
94 0.0007054162554732637
95 0.0006575102279368789
96 0.0005904417893859412
97 0.0005113968439509065
98 0.000550919316668424
99 0.000444328405399968
100 0.00041079418612449876
101 0.00038684117235630644
102 0.0003664811106533429
103 0.00031857508311695817
104 0.00032336568587059685
105 0.00026108785007329666
106 0.0002790526103994408
107 0.0002143794732253215
108 0.00021557712391373108
109 0.00022396067873259844
110 0.0001748570005078041
111 0.0001509039867396118
112 0.00018324055532667138
113 0.0001748570005078041
114 0.0001736593498193945
115 0.00015090398673961173
116 0.00014252043192074438
117 0.00014252043192074446
118 0.00014252043192074438
119 0.00011138151402209443
120 0.00012335802090619055
121 0.00012575332228300978
122 0.00015928754155847903
123 0.00014491573329756367
124 0.00013653217847869634
125 0.0001664734456889368
126 0.00015569458949325028
127 0.0001473110346743829
128 0.00015449693880484062
129 0.00017365934981939453
130 0.00020120531565281574
131 0.00019042645945712913
132 0.00025030899387761007
133 0.0002574948980080678
134 0.0002970173707255851
135 0.00027665730902262165
136 0.0003269586379358255
137 0.00036169050789970446
138 0.00040480593268245064
139 0.000447921357465197
140 0.000560500522175701
141 0.0006179877552193624
142 0.0006658937827557468
143 0.000744938728190781
144 0.0008802732559810676
145 0.0009904571193147522
146 0.001130582249858677
147 0.0012491496680112292
148 0.001437180826091539
149 0.001782104224353509
150 0.00199408839620201
151 0.0022563738969637167
152 0.002578541932145902
153 0.002989336118270401
154 0.003339050119286008
155 0.0036935547230552567
156 0.004196568012187295
157 0.004742696726102077
158 0.005364277433386668
159 0.006128378572592
160 0.006834992478753676
161 0.007511665117705111
162 0.008430263195715285
163 0.00950096291115348
164 0.010177635550104914
165 0.011170487970796486
166 0.012316639679604486
167 0.01343045481982543
168 0.014284379760661487
169 0.015402985503636066
170 0.016249724540341664
171 0.01702580218643109
172 0.018142012628028857
173 0.01880910406147302
174 0.019526496823830373
175 0.020272633202709563
176 0.02064390491611654
177 0.02106188500637151
178 0.02166550095332995
179 0.021593641912025383
180 0.021956530070613486
181 0.02171101167948951
182 0.0211984171848502
183 0.020962479999233504
184 0.020537314004848095
185 0.019846269557635753
186 0.018742035622922076
187 0.018148000881470908
188 0.017273715878931884
189 0.016237748033457573
190 0.0154568797846145
191 0.014211323068668501
192 0.013325061559245378
193 0.012139387377719862
194 0.011416006361920455
195 0.010437525749489796
196 0.009551264240066687
197 0.008329660537888875
198 0.007745207001944983
199 0.006906851520058254
200 0.0061343668260340515
201 0.005445717680198522
202 0.004910367822479425
203 0.004412145136101026
204 0.0038217033467150834
205 0.0034324668729819566
206 0.002936639487980378
207 0.0025881231376531796
208 0.0022863151641739567
209 0.00190067164250606
210 0.0016359908403675368
211 0.0015964683676500187
212 0.0013186134079389877
213 0.001128186948481858
214 0.0009509346465972349
215 0.0008647037970317429
216 0.000789251803661937
217 0.0007102068582269024
218 0.0005497216659800142
219 0.0005042109398204491
220 0.0004982226863784008
221 0.0003964223778635833
222 0.0003712717134069814
223 0.0003305515900010543
224 0.0002838432131530793
225 0.0002754596583342119
226 0.00023114658286305619
227 0.00025150664456601967
228 0.00022396067873259846
229 0.00019042645945712913
230 0.00017485700050780414
231 0.00016288049362370792
232 0.00016048519224688866
233 0.0001365321784786964
234 0.00015329928811643097
235 0.00015090398673961173
236 0.00013054392503664827
237 0.00014611338398597335
238 0.0001245556715946002
239 0.0001521016374280214
240 0.00012575332228300978
241 0.00012216037021778095
242 0.0001413227812323348
243 0.00013653217847869634
244 0.00016886874706575604
245 0.00016886874706575604
246 0.00015449693880484065
247 0.00018084525394985218
248 0.00015689224018165988
249 0.000178449952573033
250 0.00019282176083394844
251 0.00022515832942100806
252 0.00025150664456601967
253 0.00024671604181238115
254 0.00029821502141399466
255 0.0003054009255444525
256 0.00033773749413151203
257 0.00037606231616061996
258 0.00037965526822584866
259 0.00042875894645064307
260 0.0004575025629724739
261 0.0005042109398204491
262 0.0005892441386975312
263 0.0006084065497120853
264 0.0006838585430818907
265 0.0007054162554732643
266 0.0008239836736258154
267 0.0009629111534813312
268 0.0010479443523584136
269 0.0010239913385902213
270 0.0011736976746414237
271 0.0013593335313449141
272 0.0014347855247147196
273 0.001583294210077513
274 0.0017701277174694125
275 0.0019665424303685892
276 0.0020539709306224914
277 0.0021797242529055017
278 0.0023102681779421483
279 0.0025833325348995416
280 0.0027114811585593713
281 0.002966580755190619
282 0.00295460424830652
283 0.003239645112148012
284 0.003337852468597598
285 0.0034600128388153793
286 0.003742658401280048
287 0.0037630184629830125
288 0.0038827835318239728
289 0.004046861676136092
290 0.004007339203418577
291 0.004007339203418573
292 0.004105546559868161
293 0.004152254936716137
294 0.004057640532331778
295 0.0038971553400848884
296 0.003958235525193781
297 0.003825296298780312
298 0.0037666114150482393
299 0.0036743923120407013
300 0.00342647861953991
301 0.003389351448199213
302 0.003134251851567964
303 0.0030719740157706616
304 0.0029043029193933177
305 0.0027701660422914417
306 0.0025509959663124813
307 0.002166550095332996
308 0.002006064903086107
309 0.001924624656274253
310 0.0016443743951864032
311 0.0015054469153308874
312 0.0013042415996780716
313 0.0011473493594964118
314 0.001075490318191835
315 0.0008874591601115254
316 0.0007652987898937449
317 0.0006251736593498199
318 0.0005377451590959184
319 0.0005030132891320393
320 0.0003832482202910777
321 0.000322168035182187
322 0.00027785495971103114
323 0.00021437947322532153
324 0.00023114658286305613
325 0.00014731103467438287
326 0.00015329928811643097
327 0.00010898621264527516
328 9.581205507276938e-05
329 8.263789750026354e-05
330 6.946373992775777e-05
331 5.509193166684236e-05
332 2.9941267210240388e-05
333 3.3534219275469236e-05
334 2.155771239137308e-05
335 2.5150664456601927e-05
336 1.077885619568654e-05
337 1.6767109637734618e-05
338 8.383554818867309e-06
339 1.4371808260915386e-05
340 1.077885619568654e-05
341 2.3953013768192313e-06
342 3.592952065228847e-06
343 2.3953013768192313e-06
344 5.988253442048078e-06
345 8.383554818867309e-06
346 1.1976506884096156e-06
347 3.592952065228847e-06
348 5.988253442048078e-06
349 0.0
350 2.3953013768192313e-06
351 3.592952065228847e-06
352 2.3953013768192313e-06
353 2.3953013768192313e-06
354 1.1976506884096156e-06
355 0.0
356 0.0
357 3.592952065228847e-06
358 0.0
