0 1.4372316098663123e-05
1 1.0779025474935785e-05
2 1.4371977540164631e-05
3 1.19766761633454e-05
4 1.9162749573052337e-05
5 1.077885619568654e-05
6 2.155805094987157e-05
7 2.395369088518929e-05
8 2.1558728066868553e-05
9 1.9162749573052337e-05
10 3.8325329866855446e-05
11 3.7128187016193555e-05
12 4.6708884685722765e-05
13 3.952314983451431e-05
14 5.6290259472248956e-05
15 7.305736910998363e-05
16 7.18598877008232e-05
17 0.00011737129097738566
18 8.86275051763056e-05
19 0.00013413823133587101
20 0.00018443956024907497
21 0.00019282446930193623
22 0.00026468266421026705
23 0.000303009009752618
24 0.0003748699131289368
25 0.0004874489085601915
26 0.0005724851544637605
27 0.0007293801031134079
28 0.0008299830994983143
29 0.0009593295431258014
30 0.0012264086936676325
31 0.0014767222580849716
32 0.0018168597934122815
33 0.0020707693569213368
34 0.0024875524736048807
35 0.0029570364525596756
36 0.003339092100539822
37 0.004119975753794572
38 0.004743959549301448
39 0.005538010081120987
40 0.006339245162836991
41 0.007220736721574874
42 0.008233958683607363
43 0.009444806890125883
44 0.010607738912353063
45 0.011982653582915498
46 0.013321666156064024
47 0.014700165822566981
48 0.016103844592440405
49 0.017848842636080126
50 0.019138735957312917
51 0.020528031746494972
52 0.02195683477326213
53 0.023497037934768768
54 0.024367765703164148
55 0.02555823218023582
56 0.026317549657136723
57 0.027355917713086094
58 0.02760624752831137
59 0.02743138291023734
60 0.0273247848892404
61 0.02731162325833236
62 0.027196635927022088
63 0.026206182870409312
64 0.025633683327209375
65 0.023715031181406988
66 0.02318325988701693
67 0.021985592439961642
68 0.020417831801632615
69 0.019111181696796275
70 0.017709916171900097
71 0.01611103185080485
72 0.014894195221565036
73 0.013393524689530846
74 0.011994642955022537
75 0.010745482791697859
76 0.00944122240202312
77 0.008420803024871219
78 0.007548897919297339
79 0.006488965887624377
80 0.005606287512070033
81 0.00481102731073539
82 0.004311603588083593
83 0.0037451078720166266
84 0.003042082008821956
85 0.0027115185692734526
86 0.002254009742968758
87 0.00187434770357294
88 0.0015797232643146861
89 0.0013066577224025479
90 0.0011713201475857745
91 0.0009461587711382806
92 0.0008299819145435693
93 0.0006491369991522162
94 0.0005221851797845508
95 0.00045152074214189694
96 0.0003353469325736717
97 0.0003018118669019562
98 0.00023474241267552217
99 0.00018923185579520596
100 0.00016527951914401052
101 0.00013892968048575578
102 0.0001041966255671321
103 8.623186524098789e-05
104 7.066172917466587e-05
105 6.347650216120513e-05
106 4.431442970514976e-05
107 4.6709392523470504e-05
108 3.233690714555811e-05
109 3.3534388554718485e-05
110 3.473220852237734e-05
111 2.1557881670622324e-05
112 2.39533523266908e-05
113 9.581205507276925e-06
114 1.7965098884642728e-05
115 1.9162580293803095e-05
116 1.1976676163345402e-05
117 9.581544065775415e-06
118 1.1976845442594647e-05
119 8.383893377365799e-06
120 2.3953013768192313e-06
121 7.185904130457693e-06
122 9.581205507276925e-06
123 2.3953013768192313e-06
124 3.592952065228847e-06
125 3.592952065228847e-06
126 2.3953013768192313e-06
127 4.790772032887708e-06
128 3.592952065228847e-06
129 3.592952065228847e-06
130 3.592952065228847e-06
131 4.790602753638463e-06
132 5.988253442048078e-06
133 4.790772032887708e-06
134 3.592952065228847e-06
135 1.1976506884096156e-05
136 9.581205507276925e-06
137 8.383724098116554e-06
138 1.3174157572505772e-05
139 1.077919475418503e-05
140 7.185904130457693e-06
141 1.077885619568654e-05
142 2.155771239137308e-05
143 1.796492960539348e-05
144 2.5150833735851172e-05
145 1.916241101455385e-05
146 1.9162749573052337e-05
147 3.473237780162659e-05
148 4.1918281932084294e-05
149 3.9522811276015814e-05
150 4.910435534179124e-05
151 6.347582504420815e-05
152 6.706928494718472e-05
153 7.904579183128092e-05
154 8.742900809164973e-05
155 9.461542005985515e-05
156 0.00010778890051536396
157 0.00011976506884096161
158 0.0001640791599876129
159 0.0001904279829703722
160 0.00022755481575257179
161 0.00023953081479892018
162 0.00029462376214125797
163 0.00033294909200811345
164 0.0003437277789245508
165 0.0004203786079375109
166 0.00048265508950081693
167 0.000513796715867455
168 0.0005389463646485612
169 0.0005808638001843994
170 0.0007425476587951927
171 0.0007605130962383341
172 0.0008072216423655581
173 0.0008096162666253807
174 0.0008706974674097663
175 0.0009209993041607178
176 0.0009545319999229441
177 0.0009593236183520779
178 0.0010958557968307743
179 0.0010431581508652552
180 0.0010431589972615017
181 0.0010707047938156734
182 0.0010647146783018839
183 0.0010192046292593151
184 0.0009653093326053875
185 0.0010000410332900171
186 0.0009209969342512282
187 0.0009401596838242808
188 0.0008168003086840962
189 0.0008647058283827331
190 0.0007054182868242545
191 0.0007018243190835304
192 0.0006862555372512023
193 0.0005413386189988943
194 0.00047546850825336214
195 0.00040600442976710614
196 0.0003521094716716763
197 0.00029821535997249284
198 0.00023114692142155437
199 0.0001916242794247878
200 0.00016647361496818582
201 0.00013293939569271663
202 0.00010299812848247622
203 0.00010898621264527505
204 7.664964405821543e-05
205 5.7487233043661565e-05
206 5.3894280978432716e-05
207 3.7127171340698085e-05
208 2.5150664456601927e-05
209 1.4371808260915386e-05
210 2.395301376819231e-05
211 7.185904130457693e-06
212 1.3174157572505772e-05
213 7.185904130457693e-06
214 2.3953013768192313e-06
215 2.3953013768192313e-06
216 4.790602753638463e-06
217 2.3953013768192313e-06
218 1.1976506884096156e-06
219 2.3953013768192313e-06
220 1.1976506884096156e-06
221 1.1976506884096156e-06
222 0.0
223 0.0
224 0.0
225 0.0
226 1.1976506884096156e-06
227 0.0
228 0.0
229 0.0
230 0.0
231 0.0
232 0.0
233 0.0
234 0.0
235 0.0
236 0.0
237 0.0
238 0.0
239 0.0
240 0.0
241 0.0
242 0.0
243 0.0
244 0.0
245 0.0
246 0.0
247 0.0
248 0.0
249 0.0
250 0.0
251 0.0
252 1.1976506884096156e-06
253 0.0
254 0.0
255 2.3954706560684767e-06
256 0.0
257 1.1976506884096156e-06
258 1.1976506884096156e-06
259 3.592952065228847e-06
260 1.1978199676588609e-06
261 3.592952065228847e-06
262 7.185904130457693e-06
263 9.581374786526168e-06
264 9.581544065775415e-06
265 1.3174496131004262e-05
266 1.796492960539348e-05
267 3.1138917898650004e-05
268 3.473254708087583e-05
269 2.5151003015100414e-05
270 5.629009019299971e-05
271 0.00010180115491106361
272 0.00010779093186635492
273 0.0001521055308507539
274 0.00018204425887225568
275 0.0002706732875618044
276 0.0003137893894615477
277 0.0003916370227666713
278 0.0005078125251273889
279 0.0006599161939064008
280 0.0008754955184503712
281 0.001014428415241862
282 0.0012635394198725644
283 0.0015869123847508776
284 0.0019773498947573973
285 0.0022863530827257885
286 0.002731887602776627
287 0.003183409529873266
288 0.0037103863280869512
289 0.004108008387989933
290 0.004569113213386347
291 0.005205077917037796
292 0.0056158756580265284
293 0.0059188844984999
294 0.006376398233902822
295 0.006702166161599456
296 0.006897376452640256
297 0.006875822972230113
298 0.00714530402603948
299 0.007129728134478685
300 0.006916539371492554
301 0.006839889050317343
302 0.0065033414200287775
303 0.006208714610861031
304 0.005812295280023936
305 0.005557184510962234
306 0.005159564143851746
307 0.004746372117161691
308 0.004518806806095664
309 0.004078067797896692
310 0.0037259559563155276
311 0.0032816146856926177
312 0.003118736054140649
313 0.002704346884599932
314 0.002479179075540967
315 0.002293540171810991
316 0.00200849947724875
317 0.0017270436093477753
318 0.0015473932976183464
319 0.0013653461609988535
320 0.0012144416664214934
321 0.0011198267541993867
322 0.000921011830825162
323 0.0008659163442940859
324 0.0007736982569620404
325 0.000729382303743648
326 0.0005748845185425612
327 0.0004706843381111954
328 0.00047308200939750393
329 0.00039762612260496556
330 0.0003293608797618636
331 0.0002898362064141061
332 0.0002802573708163185
333 0.0002036063725241091
334 0.00019881458481572602
335 0.00015210570013000324
336 0.00013653657973917668
337 0.00013533774409602234
338 0.00010898773615851836
339 0.00011138337609383602
340 7.185971842157397e-05
341 7.545385544154757e-05
342 6.94650941617517e-05
343 4.191878976983204e-05
344 4.431409114665126e-05
345 3.712767917844582e-05
346 3.712818701619356e-05
347 3.23372457040566e-05
348 2.275620947602892e-05
349 2.754698150891663e-05
350 1.9162918852301582e-05
351 2.0360230982212708e-05
352 1.6767278916983863e-05
353 1.6767956033980843e-05
354 2.8743955080329262e-05
355 1.1976506884096156e-05
356 1.3174665410253507e-05
357 1.4371977540164631e-05
358 8.383724098116554e-06
