0 0.0
1 0.0
2 0.0
3 0.0
4 0.0
5 0.0
6 0.0
7 0.0
8 0.0
9 0.0
10 0.0
11 0.0
12 0.0
13 0.0
14 0.0
15 0.0
16 0.0
17 0.0
18 0.0
19 0.0
20 0.0
21 0.0
22 0.0
23 0.0
24 0.0
25 0.0
26 0.0
27 0.0
28 0.0
29 0.0
30 0.0
31 0.0
32 0.0
33 0.0
34 0.0
35 0.0
36 0.0
37 0.0
38 0.0
39 0.0
40 0.0
41 0.0
42 0.0
43 0.0
44 0.0
45 0.0
46 0.0
47 0.0
48 0.0
49 0.0
50 0.0
51 0.0
52 0.0
53 0.0
54 0.0
55 0.0
56 0.0
57 0.0
58 0.0
59 0.0
60 0.0
61 0.0
62 0.0
63 0.0
64 0.0
65 0.0
66 0.0
67 0.0
68 0.0
69 0.0
70 0.0
71 0.0
72 0.0
73 0.0
74 0.0
75 0.0
76 0.0
77 0.0
78 0.0
79 0.0
80 0.0
81 0.0
82 0.0
83 0.0
84 0.0
85 0.0
86 0.0
87 0.0
88 0.0
89 0.0
90 0.0
91 0.0
92 0.0
93 0.0
94 0.0
95 0.0
96 0.0
97 0.0
98 0.0
99 0.0
100 0.0
101 0.0
102 0.0
103 0.0
104 0.0
105 0.0
106 0.0
107 0.0
108 0.0
109 0.0
110 0.0
111 0.0
112 0.0
113 0.0
114 0.0
115 0.0
116 0.0
117 0.0
118 0.0
119 0.0
120 0.0
121 0.0
122 0.0
123 0.0
124 0.0
125 0.0
126 0.0
127 0.0
128 0.0
129 2.3953013768192313e-06
130 1.1976506884096156e-06
131 1.1976506884096156e-06
132 0.0
133 5.988253442048078e-06
134 8.383554818867309e-06
135 1.1976506884096156e-05
136 7.185904130457693e-06
137 2.0360061702963466e-05
138 2.2755363079782695e-05
139 2.395301376819231e-05
140 4.5510726159565424e-05
141 5.6289582355251955e-05
142 7.1859041304577e-05
143 9.700970576117898e-05
144 0.000137729829167106
145 0.00019761236358758677
146 0.00022635598010941764
147 0.00028025026108785046
148 0.00039881767924040273
149 0.00053175690565387
150 0.0006563125772484699
151 0.0008491343380824176
152 0.0010982456812716171
153 0.0014707150453670086
154 0.00171623343649098
155 0.0022731410066014514
156 0.00277256134366826
157 0.0034025256057717184
158 0.004192975060122063
159 0.004963064452769443
160 0.006081670195744028
161 0.007284111486907283
162 0.008676979237527667
163 0.010106974159488745
164 0.011813626390472457
165 0.013577765854499813
166 0.015484425750447913
167 0.01738030679020035
168 0.019742073947744104
169 0.021676279809525634
170 0.024335064337794983
171 0.02681180596142608
172 0.029037040940491143
173 0.030846691130678068
174 0.032918626821626704
175 0.03453785055235652
176 0.03652475304442803
177 0.03748287359515574
178 0.0379415738088166
179 0.03885897423613837
180 0.03879549874965267
181 0.038345182090810656
182 0.03809487309693304
183 0.03712956664207493
184 0.03574268714489658
185 0.034573780073008785
186 0.03293419628057603
187 0.030544883157198836
188 0.028640618562627534
189 0.026495626179685938
190 0.024014093953301195
191 0.02152896877485126
192 0.01929774554234414
193 0.017286890036504392
194 0.014949075892728822
195 0.012902290866236784
196 0.01117288327217331
197 0.009334489465464543
198 0.00795120292035144
199 0.006698460300274976
200 0.005537936783206064
201 0.004546282013202902
202 0.003558220195264968
203 0.0029090935221469574
204 0.002409673185080147
205 0.0018395914573971705
206 0.0014515526343524543
207 0.0010599208592425098
208 0.0009018309683724407
209 0.0006371501662339158
210 0.0005161874467045451
211 0.0003796552682258487
212 0.0002730643569573926
213 0.00023953013768192348
214 0.00018443820601508104
215 0.00011138151402209435
216 0.00010060265782640786
217 7.664964405821546e-05
218 5.389428097843275e-05
219 2.9941267210240388e-05
220 2.0360061702963466e-05
221 2.395301376819231e-05
222 5.988253442048078e-06
223 7.185904130457693e-06
224 5.988253442048078e-06
225 3.592952065228847e-06
226 5.988253442048078e-06
227 4.790602753638463e-06
228 5.988253442048078e-06
229 2.3953013768192313e-06
230 1.1976506884096156e-06
231 0.0
232 0.0
233 0.0
234 0.0
235 0.0
236 0.0
237 0.0
238 0.0
239 0.0
240 0.0
241 0.0
242 0.0
243 0.0
244 0.0
245 0.0
246 0.0
247 0.0
248 0.0
249 0.0
250 0.0
251 0.0
252 0.0
253 0.0
254 0.0
255 0.0
256 0.0
257 0.0
258 0.0
259 0.0
260 0.0
261 0.0
262 0.0
263 0.0
264 0.0
265 0.0
266 0.0
267 0.0
268 0.0
269 0.0
270 0.0
271 0.0
272 0.0
273 0.0
274 0.0
275 0.0
276 0.0
277 0.0
278 0.0
279 0.0
280 0.0
281 0.0
282 0.0
283 0.0
284 0.0
285 0.0
286 0.0
287 0.0
288 0.0
289 0.0
290 0.0
291 0.0
292 0.0
293 0.0
294 0.0
295 0.0
296 0.0
297 0.0
298 0.0
299 0.0
300 0.0
301 0.0
302 0.0
303 0.0
304 0.0
305 0.0
306 0.0
307 0.0
308 0.0
309 0.0
310 0.0
311 0.0
312 0.0
313 0.0
314 0.0
315 0.0
316 0.0
317 0.0
318 0.0
319 0.0
320 0.0
321 0.0
322 0.0
323 0.0
324 0.0
325 0.0
326 0.0
327 0.0
328 0.0
329 0.0
330 0.0
331 0.0
332 0.0
333 0.0
334 0.0
335 0.0
336 0.0
337 0.0
338 0.0
339 0.0
340 0.0
341 0.0
342 0.0
343 0.0
344 0.0
345 0.0
346 0.0
347 0.0
348 0.0
349 0.0
350 0.0
351 0.0
352 0.0
353 0.0
354 0.0
355 0.0
356 0.0
357 0.0
358 0.0
