0 1.1976506884096156e-06
1 1.1976506884096156e-06
2 1.1976506884096156e-06
3 1.1976506884096156e-06
4 0.0
5 0.0
6 2.3953013768192313e-06
7 0.0
8 1.1976506884096156e-06
9 0.0
10 2.3953013768192313e-06
11 0.0
12 2.3953013768192313e-06
13 2.3953013768192313e-06
14 7.185904130457693e-06
15 3.592952065228847e-06
16 4.790602753638463e-06
17 5.988253442048078e-06
18 7.185904130457693e-06
19 9.581205507276925e-06
20 7.185904130457693e-06
21 9.581205507276925e-06
22 2.155771239137308e-05
23 2.9941267210240388e-05
24 2.155771239137308e-05
25 4.072012340592694e-05
26 4.5510726159565424e-05
27 4.43130754711558e-05
28 6.227783579730008e-05
29 9.10214523191309e-05
30 8.62308495654924e-05
31 0.0001197650688409617
32 0.00014371808260915398
33 0.0001652757950005272
34 0.0002287512814862369
35 0.0002766573090226216
36 0.0003437257475735602
37 0.00038684117235630644
38 0.0004766649739870279
39 0.0005616981728641105
40 0.0007018233034080349
41 0.0008215883722489962
42 0.0009269816328290428
43 0.00105992085924251
44 0.0011904647842791581
45 0.0013916700999319735
46 0.001718628737867798
47 0.0018755209780494599
48 0.002129422923992297
49 0.0022791292600434993
50 0.0025605771718197573
51 0.002856396891856934
52 0.0030156844334154123
53 0.0032384474614595995
54 0.0035186977225474506
55 0.0036684040585986534
56 0.0039330848607371785
57 0.004105546559868164
58 0.004230102231462764
59 0.004498375985666518
60 0.004581013883166781
61 0.00480018395914574
62 0.004854078240124172
63 0.004849287637370531
64 0.004929530233493976
65 0.004825334623602341
66 0.004885217158022822
67 0.004878031253892364
68 0.004886414808711233
69 0.0046205363558842975
70 0.004663651780667044
71 0.004467237067767866
72 0.0043342978413543985
73 0.004252857594542545
74 0.0040432687240708615
75 0.0038073315384541694
76 0.0035785802569679305
77 0.003444443379866054
78 0.0033210853589598645
79 0.0030432303992488346
80 0.002893524063197631
81 0.002670761035153443
82 0.0024084755343917372
83 0.0022084678694273313
84 0.0020563662319993113
85 0.0020024719510208784
86 0.0016767109637734626
87 0.001670722710331415
88 0.0014551455864176836
89 0.0012994509969244332
90 0.001202441291163254
91 0.0010946527292063888
92 0.0010395607975395467
93 0.0009293769342058616
94 0.0008275766256910443
95 0.0007497293309444195
96 0.0006778702896398425
97 0.0006359525155455064
98 0.0006167901045309527
99 0.00048145557674066623
100 0.0005269663029002317
101 0.0003928294257983545
102 0.00042636364507382375
103 0.000366481110653343
104 0.0003185750831169583
105 0.00025629724731965814
106 0.000265878452826935
107 0.0002419254390587427
108 0.00022276302804418886
109 0.0002107865211600926
110 0.0001916241101455388
111 0.00016886874706575604
112 0.00014371808260915398
113 0.0001724616991309849
114 0.00014012513054392523
115 0.00014491573329756367
116 0.00012575332228300984
117 0.00012575332228300984
118 0.00013293922641346748
119 0.0001197650688409617
120 0.00013892747985551557
121 0.0001245556715946002
122 0.00012695097297141938
123 9.820735644958859e-05
124 0.00012216037021778097
125 0.00012216037021778095
126 0.00010539326058004628
127 0.00013653217847869637
128 0.00014132278123233478
129 0.00015808989087006946
130 0.00019521706221076762
131 0.00013772982916710594
132 0.0001748570005078041
133 0.00017725230188462337
134 0.00019761236358758685
135 0.0002107865211600927
136 0.00024551839112397155
137 0.0003077962269212717
138 0.0002982150214139946
139 0.00033294689137787373
140 0.000372469364095391
141 0.0004527119602188354
142 0.000513792145327726
143 0.0005353498577190989
144 0.0006503243238064219
145 0.0007078115568500831
146 0.000862308495654923
147 0.0009389581397131387
148 0.001124593996416629
149 0.0012419637638807714
150 0.0013629264834101433
151 0.0016180260800413913
152 0.0019653447796801797
153 0.002203677266673694
154 0.0026024949459140935
155 0.0029462206934876543
156 0.0032755746328002986
157 0.0038348775042875887
158 0.004404959231970565
159 0.004969052706211496
160 0.005636144139655654
161 0.006255329545563423
162 0.007045778999913766
163 0.008015876057525559
164 0.009051843902999873
165 0.009914152398654797
166 0.011042339347136656
167 0.011896264287972712
168 0.01306277605848368
169 0.01409036034913913
170 0.015383823092621506
171 0.016341943643349205
172 0.017411445708098997
173 0.018183930402123186
174 0.018914497322053057
175 0.01990136148930258
176 0.020287005010970475
177 0.020653486121623817
178 0.021051106150175816
179 0.021186440677966097
180 0.02131698460300276
181 0.02120799839035748
182 0.02103793199260332
183 0.020258261394448647
184 0.01973728334499047
185 0.018989949315422864
186 0.018010271052303805
187 0.01732162190646826
188 0.01631799062958101
189 0.015265255674468955
190 0.014141859328740737
191 0.01314661160667235
192 0.01199327399373389
193 0.01105910645677439
194 0.009893792336951836
195 0.00894645064241983
196 0.008116478715351965
197 0.007261356123827505
198 0.006466116066723516
199 0.0056553065506702044
200 0.0049175537266098815
201 0.004367832060629866
202 0.003822900997403494
203 0.003394142050952852
204 0.0028959193645744495
205 0.002489915781203591
206 0.002237211485949163
207 0.001968937731745409
208 0.001619223730729801
209 0.0015042492646424775
210 0.0011820812294602906
211 0.001062316160619329
212 0.000972492358988608
213 0.0008838662080462966
214 0.0006886491458355295
215 0.000627568960726639
216 0.0005880464880091218
217 0.00046828141916816055
218 0.00040241063130563154
219 0.0003365398434431025
220 0.0003425280968851506
221 0.0003185750831169583
222 0.0002898314665951274
223 0.00024671604181238115
224 0.0002239606787325984
225 0.00018324055532667146
226 0.00018084525394985223
227 0.00019761236358758685
228 0.00015569458949325028
229 0.00012934627434823864
230 0.0001544969388048406
231 0.00016288049362370792
232 0.00010180030851481746
233 0.00013533452779028674
234 0.00013772982916710594
235 0.00011856741815255209
236 0.00012335802090619055
237 0.00011377681539891363
238 0.00010060265782640784
239 0.0001329392264134675
240 0.0001029979592032271
241 0.00011257916471050405
242 0.00011856741815255213
243 0.00013653217847869637
244 0.00014491573329756367
245 0.00014850868536279253
246 0.00017365934981939453
247 0.00017725230188462331
248 0.00020360061702963498
249 0.00018683350739190038
250 0.0001856358567034907
251 0.00024671604181238115
252 0.0002455183911239716
253 0.00022755363079782727
254 0.000265878452826935
255 0.00032695863793582555
256 0.0003257609872474159
257 0.000347318699638789
258 0.00042756129576223347
259 0.0005161874467045451
260 0.0005233733508350029
261 0.0006096042004004947
262 0.0006227783579730007
263 0.0006347548648570967
264 0.000741345776125552
265 0.0008323672284446832
266 0.0009497369959088251
267 0.0009617135027929209
268 0.0010790832702570635
269 0.0012192084008009888
270 0.0012946603941707945
271 0.0014048442575044788
272 0.001583294210077511
273 0.001707849881672113
274 0.0019270199576510725
275 0.0021749336501518625
276 0.0022252349790650655
277 0.0023905107740655944
278 0.0027282482681971047
279 0.0028180720698278267
280 0.003009696179973364
281 0.0032791675848655266
282 0.003451629283996511
283 0.00355103429113451
284 0.003784576175374388
285 0.004112732463998621
286 0.004334297841354398
287 0.004422923992296709
288 0.004521131348746298
289 0.004751080280920946
290 0.004843299383928485
291 0.0048205440208487025
292 0.00504210939820448
293 0.004971448007588317
294 0.004934320836247614
295 0.0049498902951969435
296 0.005154688562914989
297 0.004843299383928488
298 0.004741499075413671
299 0.004619338705195889
300 0.004616943403819068
301 0.00424327638903527
302 0.0041905797587452435
303 0.0040768029433463325
304 0.0038133197918962156
305 0.0035318718801199546
306 0.003371386687873068
307 0.003039637447183603
308 0.0028695710494294384
309 0.0026635751310229833
310 0.0023282329382682933
311 0.0020922957526515983
312 0.0018072548888101107
313 0.0016072472238457044
314 0.0014395761274683585
315 0.0013222063600042164
316 0.0011186057429745813
317 0.000983271215184294
318 0.0008299719270678638
319 0.0007066139061616736
320 0.0005688840769945682
321 0.000513792145327726
322 0.0004095965354360891
323 0.0003305515900010544
324 0.00028623851452989847
325 0.00023473953492828494
326 0.00016886874706575604
327 0.00014132278123233483
328 0.0001053932605800463
329 0.00010539326058004631
330 9.221910300754049e-05
331 4.910367822479427e-05
332 6.108018510889046e-05
333 4.072012340592695e-05
334 2.9941267210240388e-05
335 2.8743616521830772e-05
336 3.233656858705962e-05
337 1.077885619568654e-05
338 1.3174157572505772e-05
339 1.1976506884096156e-05
340 3.592952065228847e-06
341 8.383554818867309e-06
342 3.592952065228847e-06
343 3.592952065228847e-06
344 3.592952065228847e-06
345 2.3953013768192313e-06
346 3.592952065228847e-06
347 0.0
348 0.0
349 1.1976506884096156e-06
350 3.592952065228847e-06
351 1.1976506884096156e-06
352 1.1976506884096156e-06
353 1.1976506884096156e-06
354 1.1976506884096156e-06
355 0.0
356 1.1976506884096156e-06
357 4.790602753638463e-06
358 0.0
