0 3.592952065228847e-06
1 0.0
2 0.0
3 1.1976506884096156e-06
4 0.0
5 0.0
6 2.3953013768192313e-06
7 4.790602753638463e-06
8 0.0
9 0.0
10 1.1976506884096156e-06
11 2.3953013768192313e-06
12 2.3953013768192313e-06
13 1.1976506884096156e-06
14 8.383554818867309e-06
15 8.383554818867309e-06
16 7.185904130457693e-06
17 7.185904130457693e-06
18 8.383554818867309e-06
19 1.1976676163345402e-05
20 7.185904130457693e-06
21 7.185904130457694e-06
22 2.395301376819231e-05
23 2.2755363079782695e-05
24 1.796492960539348e-05
25 2.2755363079782695e-05
26 3.592968993153771e-05
27 3.47320392431281e-05
28 4.9103678224794286e-05
29 5.748723304366159e-05
30 7.185921058382626e-05
31 8.38355481886732e-05
32 0.00011018386333368476
33 0.00012934627434823864
34 0.00016767126565659567
35 0.00020719373837411307
36 0.0002383328255520123
37 0.00028983146659512733
38 0.00033773749413151203
39 0.0003808532574727568
40 0.00046947940841506855
41 0.0005509196552269225
42 0.0006155927924010414
43 0.0007760781539271789
44 0.0008407519682182943
45 0.0009485401916166617
46 0.0011617220141535733
47 0.0013126265087309327
48 0.00149706556114226
49 0.0016838977143001652
50 0.0017988730267837355
51 0.002133019261642511
52 0.002184516887010131
53 0.002397699555943288
54 0.0026312409323454152
55 0.0027617851959405603
56 0.003021675226046199
57 0.0031725792127858094
58 0.003312704851167482
59 0.003498340200033228
60 0.0036528388316305585
61 0.003701942171296856
62 0.003745057426800352
63 0.0038504500102633996
64 0.0039390768383227096
65 0.003963029174973902
66 0.003995365574281717
67 0.004051657865104954
68 0.004073214561820832
69 0.003951053006648309
70 0.0038456599153475104
71 0.003919914596587403
72 0.0037618241978795886
73 0.0037354768984100713
74 0.0034468425746656058
75 0.003196532395833252
76 0.003159406748005799
77 0.003022872876734608
78 0.0028480160455060534
79 0.0026815427690963663
80 0.0024911164789184863
81 0.002364164828830071
82 0.0021797272999319875
83 0.0020084627436516653
84 0.0019270223275605616
85 0.0017665364581966768
86 0.0015653306347061132
87 0.001360532197708819
88 0.0013413699559735141
89 0.001147350883009655
90 0.0010886651528813375
91 0.0009712958932549432
92 0.0008742860182145151
93 0.0008227872078921509
94 0.0006862545215757066
95 0.0006706854011848806
96 0.0006347557112533431
97 0.0006203837337131781
98 0.0005305602706409561
99 0.00046468931349917785
100 0.0004431309239908076
101 0.0004203758994695235
102 0.0003245641829552525
103 0.00035570293157465336
104 0.0003161799510193883
105 0.00026468130997627323
106 0.0002443207404355619
107 0.00022994944001239424
108 0.00021318233037465956
109 0.00020958937830943067
110 0.0001952172314900169
111 0.00016886925490350375
112 0.00017006656703341487
113 0.0001736595190986438
114 0.00016288083218220643
115 0.00014611355326522247
116 0.00017365968837789294
117 0.00014731120395363213
118 0.00015449693880484062
119 0.00011497446608732325
120 0.00012934627434823864
121 0.00015689224018165988
122 0.0001341370463811264
123 0.00015210180670727065
124 0.0001389274798555156
125 0.0001437180826091541
126 0.00015689240946090908
127 0.00013054409431589747
128 0.00016288049362370795
129 0.00018084542322910146
130 0.0001868338459503988
131 0.0002287512814862369
132 0.00020958920903018158
133 0.00026228567004095557
134 0.0002527044645336785
135 0.00030180848131697123
136 0.0003125871682334086
137 0.0003736673533422991
138 0.0004143876460274754
139 0.0004335498877627801
140 0.0005581053900781307
141 0.0005688849233908144
142 0.0007197887408511765
143 0.0007377545168528158
144 0.0009054252746716631
145 0.0010287836341363525
146 0.0012060355974624767
147 0.001311429365880271
148 0.0014791001236991181
149 0.0018000711853098932
150 0.0020144515049314604
151 0.0021509838526894065
152 0.0025977073901869417
153 0.0028923303059319536
154 0.0033318706477670234
155 0.003800150712701186
156 0.004383407275073669
157 0.004803781989588448
158 0.005543932315655827
159 0.006027783532331813
160 0.0069236255701452054
161 0.007638625401035235
162 0.008538062930102603
163 0.009277013743409834
164 0.010269866164101396
165 0.011266311875416697
166 0.012180123751933721
167 0.013277172967471667
168 0.014181399914337927
169 0.015327551453866679
170 0.016430589092125927
171 0.017019836616408445
172 0.018070177624377678
173 0.0188642188458385
174 0.019635506735570536
175 0.020258285432102046
176 0.020836752576675627
177 0.021125384869069105
178 0.02167031779436722
179 0.02161882084611659
180 0.02174577469683526
181 0.0212427568371635
182 0.02138407944911657
183 0.0209637047346018
184 0.019973244906819055
185 0.019847493785166277
186 0.01898637803110154
187 0.01805220998630429
188 0.017197089087572313
189 0.016411428543183122
190 0.015274853469342658
191 0.014278409958657602
192 0.01348077223026731
193 0.012382527733950441
194 0.011408834338688438
195 0.01036807368983024
196 0.009469836350640023
197 0.008524888772530092
198 0.007817073830095025
199 0.007001475065522071
200 0.006183478460383558
201 0.005478061358514054
202 0.005116370342776599
203 0.004449278232215447
204 0.003747453574573418
205 0.0033869605480828743
206 0.002965388182879686
207 0.002543811754974516
208 0.002197692060258132
209 0.001983312756312059
210 0.001826419331175655
211 0.0015090420680263564
212 0.00130544178955522
213 0.001182082922252783
214 0.0009856682093536064
215 0.0008994368519503664
216 0.0008024266383514392
217 0.0007006261605573732
218 0.0005509198245061714
219 0.0005437344282134618
220 0.00047786313251318497
221 0.00043714250126951045
222 0.0003628883278673633
223 0.000338935314099171
224 0.00029582090499192024
225 0.00028743667305605584
226 0.0002491118510269482
227 0.00024551872968247006
228 0.0002167751131606392
229 0.00018084525394985223
230 0.0001712640484425753
231 0.00016288049362370792
232 0.00015329945739568025
233 0.000148509023921291
234 0.00015090415601886102
235 0.0001221605394970302
236 0.00013892747985551557
237 0.00015809006014931877
238 0.000128148623659829
239 0.00013054392503664822
240 0.000125753491562259
241 0.00013533452779028674
242 0.00014252077047924297
243 0.00014132295051158403
244 0.0001616830122145476
245 0.00013892764913476483
246 0.00014132295051158406
247 0.000189229147327218
248 0.00021318216109541036
249 0.0001724616991309849
250 0.00017605498975471225
251 0.00023114658286305613
252 0.00023833248699351386
253 0.00028623902236764634
254 0.00028264657814016514
255 0.00028264623958166663
256 0.00034492339826196975
257 0.00037726030540752797
258 0.0003940270764867642
259 0.000409597043273837
260 0.00048624668733205246
261 0.0005245720171989078
262 0.0005557105965390592
263 0.000634755034136346
264 0.0007078120646878309
265 0.000724579682163313
266 0.0008443445817250259
267 0.0009042272854247553
268 0.0009724932053848543
269 0.0011629198341212323
270 0.0012575337306678447
271 0.0013485570450587172
272 0.0014647291618344492
273 0.0015749120094926382
274 0.001755757771280239
275 0.00182162805130502
276 0.002056368771188049
277 0.002159367068949776
278 0.002249190870580496
279 0.002657589078211177
280 0.00258812550756267
281 0.0029019101572052386
282 0.0029917366673039465
283 0.0031821621110855796
284 0.0032013240142623857
285 0.003531875942821937
286 0.0036193041045173425
287 0.0037246985500521326
288 0.0038756025367917427
289 0.004079204169496874
290 0.003955843947960443
291 0.004081598285918949
292 0.003967821639799286
293 0.004073214223262332
294 0.004058841060767424
295 0.004089982010017067
296 0.0038648243577130543
297 0.0038360797255157274
298 0.003870812103317356
299 0.0036468493932337656
300 0.0034576238007707812
301 0.00335102984247584
302 0.0031462317440370466
303 0.003003709788603058
304 0.0027498075041017212
305 0.0026048926172004033
306 0.0024983027216074444
307 0.0022096672129082334
308 0.002041996285810136
309 0.0018084544015702618
310 0.0016779103072543644
311 0.001453949628521766
312 0.0012886740028004882
313 0.0010898639885244922
314 0.0010168069579730068
315 0.0008599143792328488
316 0.0007916479514350022
317 0.0007066142447201722
318 0.0005305601013617068
319 0.0004610960228754504
320 0.0004263641529115716
321 0.0003341448806247817
322 0.0002766574783018709
323 0.00023234440283071504
324 0.00020120548493206492
325 0.00016288066290295723
326 0.00012335819018543986
327 0.00011138151402209438
328 7.904494543503471e-05
329 7.784729474662509e-05
330 6.347565576495892e-05
331 4.79061968156339e-05
332 3.832482202910771e-05
333 2.7545965833421156e-05
334 2.5150664456601927e-05
335 3.5929520652288475e-05
336 1.916241101455385e-05
337 1.5569458949325002e-05
338 1.5569458949325002e-05
339 1.3174157572505772e-05
340 3.593121344478092e-06
341 5.988253442048078e-06
342 7.185904130457693e-06
343 2.3953013768192313e-06
344 7.185904130457693e-06
345 4.790602753638463e-06
346 1.1976506884096156e-06
347 1.1976506884096156e-06
348 2.3953013768192313e-06
349 2.3953013768192313e-06
350 1.1976506884096156e-06
351 2.3953013768192313e-06
352 1.1976506884096156e-06
353 1.1976506884096156e-06
354 1.1976506884096156e-06
355 1.1976506884096156e-06
356 3.592952065228847e-06
357 1.1976506884096156e-06
358 1.1976506884096156e-06
