0 0.0
1 0.0
2 1.1976506884096156e-06
3 1.1976506884096156e-06
4 0.0
5 0.0
6 1.1976506884096156e-06
7 0.0
8 2.3953013768192313e-06
9 0.0
10 1.1976506884096156e-06
11 3.592952065228847e-06
12 1.1976506884096156e-06
13 2.3953013768192313e-06
14 2.3953013768192313e-06
15 1.1976506884096156e-06
16 2.3953013768192313e-06
17 8.383554818867309e-06
18 7.185904130457693e-06
19 8.383554818867309e-06
20 5.988253442048078e-06
21 1.3174326851755017e-05
22 1.4371977540164633e-05
23 2.0360061702963466e-05
24 1.3174326851755017e-05
25 2.5150664456601927e-05
26 3.592952065228847e-05
27 2.75461351126704e-05
28 4.311559406199542e-05
29 6.467313717411931e-05
30 5.74872330436616e-05
31 7.42545119606455e-05
32 0.00011138151402209439
33 0.00011377681539891363
34 0.00014371825188840326
35 0.00015449710808408985
36 0.00017964777254069186
37 0.0002263563186679161
38 0.0002994126721024043
39 0.00034133061547599025
40 0.00040839990042317503
41 0.00048504886736439355
42 0.0005425366082458027
43 0.0006527201330209886
44 0.0007054167633110115
45 0.0008335655562500902
46 0.0009976445469584534
47 0.00117010573825169
48 0.0012599303862786569
49 0.001455147956327172
50 0.0015641336611346996
51 0.0017761173251454546
52 0.001891091452674279
53 0.0021258326803950565
54 0.0022611668696268447
55 0.0023773389864025765
56 0.002546208749143829
57 0.002718670109716313
58 0.002782146104039772
59 0.0030564074345685774
60 0.0031426392998095644
61 0.0031606027059017153
62 0.003439657855489892
63 0.00349355145935133
64 0.0034288779836187102
65 0.003437260861320581
66 0.003432470258566944
67 0.003487562020954537
68 0.0035618185642661737
69 0.0033893551723426962
70 0.003414505836799299
71 0.0034540288173545634
72 0.0031737792333837093
73 0.003137847512101181
74 0.0030037108042785536
75 0.002865980128715202
76 0.002742623800601503
77 0.002621660742513633
78 0.0025761491699578224
79 0.002239608987956222
80 0.002206074260843004
81 0.0020312181067314457
82 0.0019246263490667454
83 0.0016862935235147326
84 0.0016431786065697345
85 0.0014491590257681276
86 0.0013521494892861981
87 0.0012527438050312031
88 0.0011473500366134086
89 0.0010515384893783875
90 0.0010563287535735276
91 0.0009006341640802771
92 0.000782066576648476
93 0.0007425446117687065
94 0.0006515233287288253
95 0.0006419412768253024
96 0.0005161884623800405
97 0.0005042111090996981
98 0.0004575029015309723
99 0.0004467240453352859
100 0.00038684184947330335
101 0.0003736676919007975
102 0.00033773800196925985
103 0.00031977341092236485
104 0.00029462206934876585
105 0.0002778552982695297
106 0.00022396084801184777
107 0.00023114675214230541
108 0.00020000800352290454
109 0.00017964777254069183
110 0.00017964760326144263
111 0.0001652757950005272
112 0.0001616831814937968
113 0.0001497063360512022
114 0.00015210163742802136
115 0.00014252077047924292
116 0.00014371825188840332
117 0.00013533469706953597
118 0.00013054392503664827
119 0.00012216070877627943
120 0.00012575349156225904
121 0.00012575366084150832
122 0.00013293939569271676
123 0.0001389276491347648
124 0.00013413704638112636
125 0.0001664736149681861
126 0.00016407848287061606
127 0.00015090398673961173
128 0.00014611389182372098
129 0.0001652759642797764
130 0.00019881018355524574
131 0.0002311470907008039
132 0.0002155772931929804
133 0.00024072829620808083
134 0.00031138951754499907
135 0.00029222693725119585
136 0.0003245636751175048
137 0.0003640866556727699
138 0.00041678328596279316
139 0.0004706768898242288
140 0.000532955402738526
141 0.0006096050467967414
142 0.000712602328882971
143 0.0009018316454894376
144 0.000926983325621535
145 0.0011042352889476593
146 0.0013042427846328161
147 0.0014204157478047957
148 0.001676712148728207
149 0.0018431867793718888
150 0.0021809235963864016
151 0.0023809321077470544
152 0.002833644237245138
153 0.003183358068981496
154 0.0036025358099248624
155 0.004063631494241816
156 0.0045822162736741685
157 0.005171460073813204
158 0.005852926362544755
159 0.00643378762354042
160 0.007441012529609903
161 0.008199128462399676
162 0.009009936285660495
163 0.009921349644494959
164 0.01087108731752078
165 0.011933403478140104
166 0.012957395663126576
167 0.014097560134168026
168 0.015127541757551282
169 0.016107223914093086
170 0.01719708739477982
171 0.018181556429931786
172 0.019344478295404012
173 0.019763659252653103
174 0.02066908266525303
175 0.021281083013426585
176 0.021618817799090095
177 0.02231225974830952
178 0.02229309682945722
179 0.02273503094915586
180 0.02251346133981885
181 0.022142190980645866
182 0.022120634453209234
183 0.02153618244077858
184 0.021214012712803893
185 0.020491829516972142
186 0.019689403217179213
187 0.018770803784935043
188 0.018162394018917234
189 0.017001870671127555
190 0.016145547381888198
191 0.015078441803469967
192 0.014091576281986465
193 0.01269032108312448
194 0.011861545960348763
195 0.01085671821772785
196 0.009742900369038921
197 0.008894963343086414
198 0.008175173248001242
199 0.007145193655968973
200 0.006473310773374932
201 0.005772683258583567
202 0.0049163613235782
203 0.004648088585049939
204 0.004109144928869368
205 0.003682780775957797
206 0.0030935373143772637
207 0.0027007060265071673
208 0.0023905138210920805
209 0.0021162518134462773
210 0.0017449792536430506
211 0.0016982700303988295
212 0.0014395779895401
213 0.001293464097716379
214 0.001141362121729859
215 0.0009760871731255788
216 0.0008239848585805605
217 0.0006898476429201851
218 0.0006766734853476794
219 0.0005521179830323291
220 0.0005125951717563132
221 0.0004263643221908208
222 0.00037127222124472915
223 0.00036767943845874955
224 0.0003257616643644129
225 0.0002670766113530923
226 0.00024312325902640157
227 0.0002491113431892004
228 0.00021917041453745845
229 0.00022036840378436654
230 0.0001748573390663026
231 0.00018084542322910146
232 0.00016288134001995414
233 0.0001485088546420418
234 0.0001389274798555156
235 0.00013174157572505782
236 0.0001233581901854398
237 0.00012335819018543983
238 0.00015329962667492953
239 0.00014252077047924294
240 0.00014012513054392523
241 0.00012575332228300978
242 0.00016527596427977644
243 0.00011856741815255211
244 0.00014850885464204178
245 0.00016407814431211758
246 0.00013773016772560448
247 0.00015449693880484062
248 0.00014970701316819912
249 0.00017006639775416564
250 0.00019282193011319756
251 0.0002179729331282981
252 0.000257495067287317
253 0.00022994944001239427
254 0.00025629724731965814
255 0.00029342475721885476
256 0.00033174991780646093
257 0.000361690846458203
258 0.0003832482202910775
259 0.00040360929766953657
260 0.00040360912839028726
261 0.00045630491228406425
262 0.0005616985114226088
263 0.0005892446465352794
264 0.0006072094068614236
265 0.0006838587123611401
266 0.0007329628984236819
267 0.0008156016423201914
268 0.0009162032844711039
269 0.001019202090070577
270 0.0011174096157994143
271 0.0011952569105460392
272 0.0011892676414284962
273 0.0013976597076080155
274 0.0015557501063158331
275 0.0017030626645034583
276 0.0017952810903940025
277 0.0019737312122462855
278 0.0020958910746263167
279 0.0021809244427826494
280 0.0023342249158538235
281 0.002512673852751361
282 0.0026156719812338376
283 0.0028084930649507904
284 0.0028803529526516113
285 0.00300970125835084
286 0.003123476888795009
287 0.0033043238355373542
288 0.0033654021585745038
289 0.003403726472765861
290 0.0034420518026327188
291 0.003547446417446759
292 0.0036540373287152145
293 0.003516307160989611
294 0.0035594212315383615
295 0.003634874071304413
296 0.0033977404199540553
297 0.0034408556754575536
298 0.003312706882518473
299 0.003221684583803097
300 0.0031641973507594355
301 0.002822865211770203
302 0.002711484205585857
303 0.00269591491591578
304 0.002458781264565422
305 0.002270747736575622
306 0.0021222382048165836
307 0.00192582501543065
308 0.0017521654963320067
309 0.00162760897834116
310 0.0014647286539967016
311 0.0013138241594193424
312 0.0011677100983163722
313 0.0009617141799099184
314 0.000867100621921805
315 0.0007413467918010478
316 0.000662301507807515
317 0.000547327041720192
318 0.00047546732329861816
319 0.00039522540429217084
320 0.00031258699895415936
321 0.00027785512899028035
322 0.00025150664456601956
323 0.0002119843411277515
324 0.0001796476032614426
325 0.00013653234775794557
326 0.00011018403261293403
327 9.341692297519932e-05
328 5.0301667471702365e-05
329 5.389428097843276e-05
330 3.952264199676657e-05
331 4.191777409433657e-05
332 3.8324822029107714e-05
333 2.6348315145011543e-05
334 2.0360061702963466e-05
335 1.7964760326144234e-05
336 1.5569458949325002e-05
337 1.6767109637734618e-05
338 1.1976506884096156e-05
339 1.077885619568654e-05
340 4.790602753638463e-06
341 4.790602753638463e-06
342 4.790602753638463e-06
343 5.988422721297323e-06
344 1.1976506884096156e-06
345 3.592952065228847e-06
346 1.1976506884096156e-06
347 3.592952065228847e-06
348 0.0
349 0.0
350 2.3953013768192313e-06
351 2.3953013768192313e-06
352 1.1976506884096156e-06
353 0.0
354 0.0
355 0.0
356 0.0
357 0.0
358 1.1976506884096156e-06
