0 0.0
1 0.0
2 4.790602753638463e-06
3 4.790602753638463e-06
4 1.1976506884096156e-06
5 2.3953013768192313e-06
6 3.592952065228847e-06
7 3.592952065228847e-06
8 1.1976506884096156e-06
9 1.1976506884096156e-06
10 4.790602753638463e-06
11 1.1976506884096156e-06
12 2.3953013768192313e-06
13 1.1976506884096156e-06
14 1.1976506884096156e-06
15 4.790602753638463e-06
16 1.1976506884096156e-06
17 2.3953013768192313e-06
18 1.1976506884096156e-06
19 1.1976506884096156e-06
20 3.592952065228847e-06
21 3.592952065228847e-06
22 3.592952065228847e-06
23 1.1976506884096156e-06
24 0.0
25 1.1976506884096156e-06
26 4.790602753638463e-06
27 1.1976506884096156e-06
28 2.3953013768192313e-06
29 4.790602753638463e-06
30 0.0
31 2.3953013768192313e-06
32 1.1976506884096156e-06
33 3.592952065228847e-06
34 1.1976506884096156e-06
35 4.790602753638463e-06
36 2.3953013768192313e-06
37 1.1976506884096156e-06
38 5.988253442048078e-06
39 0.0
40 3.592952065228847e-06
41 4.790602753638463e-06
42 4.790602753638463e-06
43 2.3953013768192313e-06
44 2.3953013768192313e-06
45 2.3953013768192313e-06
46 2.3953013768192313e-06
47 5.988253442048078e-06
48 3.592952065228847e-06
49 8.383724098116554e-06
50 5.988253442048078e-06
51 1.1976506884096156e-06
52 4.790602753638463e-06
53 4.790602753638463e-06
54 3.592952065228847e-06
55 7.186073409706938e-06
56 5.988253442048078e-06
57 4.790602753638463e-06
58 1.077885619568654e-05
59 4.790602753638463e-06
60 5.988253442048078e-06
61 1.3174157572505772e-05
62 2.3953013768192313e-06
63 7.185904130457693e-06
64 1.1976506884096156e-05
65 1.4371808260915386e-05
66 1.7964760326144234e-05
67 2.0360230982212708e-05
68 1.19766761633454e-05
69 2.155771239137308e-05
70 1.7964760326144234e-05
71 2.7545965833421156e-05
72 4.311542478274618e-05
73 3.592952065228847e-05
74 3.473186996387886e-05
75 3.712717134069808e-05
76 5.509193166684235e-05
77 4.790619681563389e-05
78 6.10803543881397e-05
79 7.545199336980584e-05
80 8.383554818867317e-05
81 0.00011497463536657247
82 0.0001041957791708859
83 0.0001568922401816598
84 0.0001964148821784264
85 0.00020360078630888415
86 0.0001928219301131976
87 0.00022156571591427766
88 0.0003233672093838396
89 0.0002946225771865135
90 0.00037726165964152184
91 0.000416783285962793
92 0.0005090037432043273
93 0.0005353513812323417
94 0.0007018244883627797
95 0.0007185932907930064
96 0.0008299734505811066
97 0.0009653088247676396
98 0.0010060304716868096
99 0.00113298347600922
100 0.001282688119267929
101 0.0013270022104145806
102 0.0014539538605029966
103 0.0014791030014463552
104 0.0016288120459655453
105 0.001825226251026974
106 0.001869540342173626
107 0.0020647590971768857
108 0.0021426028370592765
109 0.002267161386401113
110 0.0022959038179682
111 0.002346206839673897
112 0.002427647763602746
113 0.002400101120652328
114 0.0025270539556954902
115 0.0026623884834857756
116 0.002683946365156399
117 0.002679157624474503
118 0.002821676025044257
119 0.0027989223547569666
120 0.002862395809891686
121 0.0028456273460199556
122 0.002754605047304579
123 0.00280370720201613
124 0.0028300553478818914
125 0.0028228709672646767
126 0.002873172634736378
127 0.0029019148970242164
128 0.003033654610677532
129 0.0029737720762570514
130 0.003130662792925467
131 0.0031977325857104008
132 0.00321330085970498
133 0.0033929482936871746
134 0.0035234934036785692
135 0.003819313631553491
136 0.004082798475796097
137 0.004254060831446179
138 0.004643301029322791
139 0.004864865052444575
140 0.005292428379557799
141 0.005426563056029434
142 0.005884066296118907
143 0.006260129458675771
144 0.006419415984558754
145 0.006843384666814258
146 0.007260170491965782
147 0.00751406972944064
148 0.00782546043194038
149 0.008166790370299375
150 0.008517705238309126
151 0.008575192809911283
152 0.008724897114611498
153 0.008709331210526408
154 0.008769213237109136
155 0.008795561044416405
156 0.008692561053862187
157 0.00841231130061208
158 0.008190742876229819
159 0.007976366619310237
160 0.007808694337978138
161 0.007502097623817023
162 0.00727573639605088
163 0.0068924908842277885
164 0.006632598653491909
165 0.006479299365375482
166 0.006082875633277905
167 0.005843345664875231
168 0.005573873752145317
169 0.005297215427447201
170 0.005190622992665503
171 0.005042114645861208
172 0.004751086374973918
173 0.004712762399341057
174 0.0047211451077636786
175 0.004557066963451562
176 0.004588204865674714
177 0.004519938268597618
178 0.004746294079427789
179 0.0048888151884655265
180 0.005004987305241259
181 0.005194217806802472
182 0.005422966379820725
183 0.005728368998157664
184 0.006146348749854124
185 0.00654157296919155
186 0.007082911249631945
187 0.007873362058216286
188 0.008285355079983934
189 0.00915125686626259
190 0.009945298595561165
191 0.010854315975901814
192 0.011552546327244619
193 0.012686721867727027
194 0.013692750138783594
195 0.014586198737291906
196 0.015337125549645494
197 0.016403033138816803
198 0.01702222057607557
199 0.017810275914003842
200 0.018410296538987552
201 0.01871450286087009
202 0.018907321743956793
203 0.01901631117290781
204 0.019000741713958498
205 0.01894804372943447
206 0.01851928596793858
207 0.017858180587306236
208 0.016920420775398494
209 0.01599702820121195
210 0.015375450540953845
211 0.014204145628500505
212 0.013236444380103284
213 0.012241196658034888
214 0.011020791960779491
215 0.010011167521351961
216 0.008847051221497057
217 0.00768053928170684
218 0.006597864075060043
219 0.006056523763268657
220 0.0051534942978115625
221 0.0042804088080326905
222 0.0036803839510677334
223 0.003147429394725454
224 0.002592915941037059
225 0.002251585494840319
226 0.001922231555527673
227 0.001595273256150347
228 0.0014108338651805212
229 0.0013066382552888846
230 0.001280290955819369
231 0.0012539428099536058
232 0.0011784911551422988
233 0.0011916654819940542
234 0.0011844785621881004
235 0.001326999501946593
236 0.001385684385678664
237 0.0014647296696721963
238 0.0015234137070080224
239 0.0017186317848942852
240 0.0017306076146613837
241 0.0018803134428748368
242 0.0020324169423746002
243 0.002110262544328734
244 0.0023114690449362926
245 0.002456385624630104
246 0.0025102802441670353
247 0.002590521993894233
248 0.002639624148605786
249 0.0029510155282225265
250 0.0027545994610893537
251 0.0028300512851799084
252 0.002994130275888274
253 0.0030875455060709804
254 0.00297377004490606
255 0.0030025133228693923
256 0.0029474217297610497
257 0.0028587940553054937
258 0.002767774126499608
259 0.0026563915968020155
260 0.002552195140514134
261 0.002475547019969162
262 0.002340212153620376
263 0.002173738538652191
264 0.00205636843262955
265 0.0018791156229071798
266 0.0017018628131848076
267 0.001474308843828483
268 0.0014024496332446573
269 0.001240767975264102
270 0.0011198049171762335
271 0.0010838745501276987
272 0.0008802744409358116
273 0.000819193917268423
274 0.0006886501615110244
275 0.0005533152951622398
276 0.0005245715093611598
277 0.00042157338087868353
278 0.0003832485588495758
279 0.00035809772511372464
280 0.00028743667305605584
281 0.00021557763175147874
282 0.00020719373837411293
283 0.00016288066290295715
284 0.0001365321784786963
285 0.00011497463536657248
286 0.00010299829776172552
287 9.102162159838012e-05
288 6.826625851859738e-05
289 7.664964405821544e-05
290 5.3894450257681985e-05
291 3.8324822029107714e-05
292 3.9522472717517324e-05
293 3.712734061994733e-05
294 2.0360061702963466e-05
295 2.9941267210240388e-05
296 2.7545965833421156e-05
297 2.6348315145011543e-05
298 2.5150664456601927e-05
299 2.0360061702963466e-05
300 2.0360061702963466e-05
301 8.383554818867309e-06
302 4.790602753638463e-06
303 9.581205507276925e-06
304 1.6767109637734618e-05
305 5.988253442048078e-06
306 8.383554818867309e-06
307 8.383554818867309e-06
308 8.383554818867309e-06
309 5.988422721297323e-06
310 9.581205507276925e-06
311 8.383554818867309e-06
312 3.592952065228847e-06
313 3.592952065228847e-06
314 4.790602753638463e-06
315 2.3953013768192313e-06
316 2.3953013768192313e-06
317 7.185904130457693e-06
318 3.592952065228847e-06
319 7.185904130457694e-06
320 2.3953013768192313e-06
321 8.383554818867309e-06
322 8.383724098116554e-06
323 0.0
324 1.1976506884096156e-06
325 3.592952065228847e-06
326 4.790602753638463e-06
327 3.592952065228847e-06
328 4.790941312136953e-06
329 1.1976506884096156e-06
330 3.592952065228847e-06
331 1.1976506884096156e-06
332 4.790602753638463e-06
333 1.1976506884096156e-06
334 4.790772032887708e-06
335 1.1976506884096156e-06
336 4.790602753638463e-06
337 1.1976506884096156e-06
338 2.3953013768192313e-06
339 2.3953013768192313e-06
340 4.790602753638463e-06
341 2.3953013768192313e-06
342 2.3953013768192313e-06
343 1.1976506884096156e-06
344 1.1976506884096156e-06
345 2.3954706560684767e-06
346 1.1976506884096156e-06
347 1.1976506884096156e-06
348 0.0
349 1.1976506884096156e-06
350 1.1976506884096156e-06
351 2.3953013768192313e-06
352 2.3953013768192313e-06
353 4.790602753638463e-06
354 2.3953013768192313e-06
355 4.790602753638463e-06
356 4.790602753638463e-06
357 1.1976506884096156e-06
358 3.592952065228847e-06
