0 1.1976506884096156e-06
1 0.0
2 2.3953013768192313e-06
3 0.0
4 2.3953013768192313e-06
5 0.0
6 0.0
7 0.0
8 0.0
9 2.3953013768192313e-06
10 1.1976506884096156e-06
11 2.3953013768192313e-06
12 2.3953013768192313e-06
13 0.0
14 2.3953013768192313e-06
15 3.592952065228847e-06
16 2.3953013768192313e-06
17 4.790602753638463e-06
18 3.592952065228847e-06
19 4.790602753638463e-06
20 1.077885619568654e-05
21 8.383554818867309e-06
22 8.383554818867309e-06
23 1.4371808260915386e-05
24 2.0360061702963466e-05
25 2.395301376819231e-05
26 3.71271713406981e-05
27 3.1138917898650004e-05
28 3.832482202910771e-05
29 4.670837684797504e-05
30 6.826608923934816e-05
31 8.263789750026356e-05
32 9.581205507276935e-05
33 0.00013772982916710594
34 0.00013772982916710594
35 0.00017006639775416562
36 0.00020360061702963492
37 0.0002574948980080677
38 0.0002994126721024043
39 0.00036887641203016213
40 0.00042636364507382375
41 0.0005185827480813644
42 0.0006024182962700371
43 0.0006706843855093847
44 0.0007904494543503466
45 0.0009581205507276925
46 0.0011066292360904847
47 0.001087466825075931
48 0.001285079188663518
49 0.0014779009494974662
50 0.0016874898199691496
51 0.0018192313956942065
52 0.0020922957526515987
53 0.0022288279311302953
54 0.0022911057669275955
55 0.0025725536787038535
56 0.002759387186095754
57 0.002895919364574451
58 0.003119880043307048
59 0.003145030707763652
60 0.0033618054823657925
61 0.0035941497159172565
62 0.003671997010663881
63 0.0037761926205555183
64 0.0035558248938881475
65 0.003821703346715084
66 0.0037175077368234474
67 0.003973804984143105
68 0.0037270889423307247
69 0.0036312768872579534
70 0.0035773826062795236
71 0.0034336645236703674
72 0.0035091165170401746
73 0.003304318249322129
74 0.0032695863793582493
75 0.0030300562416763284
76 0.0030336491937415565
77 0.0028096885150089576
78 0.0026923187475448155
79 0.0025150664456601913
80 0.002329430588956703
81 0.0022384091366375726
82 0.0020587615333761303
83 0.0018898927863103742
84 0.0017413841009475816
85 0.0015964683676500176
86 0.0015282022784106695
87 0.0013653217847869625
88 0.0013198110586273965
89 0.0011605235170689173
90 0.0009796782631190657
91 0.000990457119314752
92 0.0009078192218144884
93 0.0008467390367055985
94 0.0007126021596037215
95 0.0006515219744948313
96 0.0006143948031541332
97 0.0005688840769945681
98 0.0005090015425740875
99 0.0004587002136608835
100 0.00037127171340698144
101 0.0003928294257983544
102 0.0003113891789865005
103 0.0003353421927546929
104 0.00027426200764580234
105 0.00026108785007329666
106 0.00025150664456601967
107 0.00023713483630510425
108 0.0002155771239137311
109 0.0002083912197832734
110 0.00019641471289917723
111 0.00019641471289917725
112 0.0001437180826091541
113 0.0001473110346743829
114 0.0001365321784786963
115 0.0001365321784786963
116 0.00013892747985551557
117 0.00012096271952937132
118 0.00012455567159460018
119 0.0001341368771018771
120 0.00013174157572505785
121 0.00014132278123233483
122 0.00013054392503664825
123 0.00013174157572505788
124 0.0001544969388048406
125 0.00014012513054392517
126 0.00015569458949325025
127 0.00016407814431211755
128 0.0001760546511962138
129 0.00020360061702963495
130 0.0001856358567034907
131 0.00020360061702963495
132 0.00022875128148623695
133 0.0002443207404355619
134 0.00025629724731965803
135 0.00032097038449377743
136 0.0003509116517040179
137 0.00038324822029107763
138 0.00040241063130563154
139 0.00047666497398702766
140 0.0005497216659800142
141 0.0006012206455816278
142 0.0006934397485891674
143 0.0008263789750026348
144 0.0008635061463433328
145 0.0010036312768872578
146 0.0012491496680112292
147 0.0013916700999319742
148 0.0014862845043163329
149 0.0017725230188462319
150 0.0020276226154774804
151 0.0022911057669275942
152 0.002631238562435926
153 0.0030408350978720147
154 0.0034576175374385603
155 0.003886376483889203
156 0.004420528690919892
157 0.004973843308965134
158 0.005498414310488549
159 0.00622898123041841
160 0.007291297391037736
161 0.007771555317089996
162 0.008726082915752456
163 0.009546473637313044
164 0.010492617681156642
165 0.01157649155416734
166 0.01253700740627186
167 0.013446024278774754
168 0.014850868536279236
169 0.01582695384733307
170 0.016552730164509304
171 0.017780322120129154
172 0.01864023531440725
173 0.019175585172126357
174 0.020140891626984517
175 0.020948108190972606
176 0.021695442220540193
177 0.021372076534669604
178 0.02182598614557683
179 0.022222408523440415
180 0.02211941056423719
181 0.022182886050722904
182 0.02179125427561296
183 0.02101637428021194
184 0.021024757835030796
185 0.020110950359774275
186 0.019320500905423914
187 0.018416274635674666
188 0.017719241935020277
189 0.01652278889729906
190 0.015803000833564874
191 0.014685592741278713
192 0.013544231635224347
193 0.012566948673482098
194 0.011502237211485949
195 0.0105740579279685
196 0.009563240746950776
197 0.008675781586839256
198 0.007763171762271124
199 0.007114045089153122
200 0.0063415603951289135
201 0.005559494495597438
202 0.005056481206465398
203 0.00449478303360129
204 0.0038923647373312518
205 0.0032947370438148505
206 0.002937837138668786
207 0.0026827375420375383
208 0.002264757451782584
209 0.0020743309923254545
210 0.0017605465119621354
211 0.0015282022784106697
212 0.0013641241340985523
213 0.0011293845991702679
214 0.0010275842906554498
215 0.0008790756052926579
216 0.0007317645706182755
217 0.0006838585430818911
218 0.0006503243238064218
219 0.0005101991932624971
220 0.0005185827480813644
221 0.0003892364737331257
222 0.00040121298061722183
223 0.0003485163503271986
224 0.0002682737542037543
225 0.00024791369250079076
226 0.00025869254869647734
227 0.00026348315145011586
228 0.00018204290463826186
229 0.0001748570005078041
230 0.00017365934981939453
231 0.00019162411014553873
232 0.00016407814431211755
233 0.0001461133839859733
234 0.00017246169913098485
235 0.00014731103467438287
236 0.00013772982916710592
237 0.00012695097297141944
238 0.00012455567159460018
239 0.0001413227812323348
240 0.00011497446608732324
241 0.00013533452779028668
242 0.0001317415757250579
243 0.00015928754155847909
244 0.00012216037021778095
245 0.0001401251305439252
246 0.00014850868536279256
247 0.00015808989087006954
248 0.00020599591840645418
249 0.00021797242529055037
250 0.0002000076649644061
251 0.0001988100142759965
252 0.0002275536307978273
253 0.0002790526103994409
254 0.0002646808021385254
255 0.00029102911728353704
256 0.0003257609872474159
257 0.0003233656858705967
258 0.0003964223778635833
259 0.00041318948750131796
260 0.00046828141916816044
261 0.0005209780494581837
262 0.0005449310632263757
263 0.000646731371741193
264 0.0007042186047848542
265 0.000738950474748733
266 0.0008024259612344421
267 0.0008946450642419835
268 0.000989259468626342
269 0.0010563279071772807
270 0.0011988483390980255
271 0.0012263943049314464
272 0.0013713100382290097
273 0.0015353881825411276
274 0.00165275795000527
275 0.001701861628230064
276 0.0020024719510208775
277 0.0021294229239922978
278 0.0023402094451523896
279 0.002365360109608993
280 0.002614471452798191
281 0.0026312385624359265
282 0.002916279426277414
283 0.0030396374471836044
284 0.003257609872474155
285 0.0032983299958800815
286 0.003468396393634247
287 0.0035354648321851865
288 0.003710321832692991
289 0.0038600281687441915
290 0.0037785879219323364
291 0.0037486466547220986
292 0.0038995506414617087
293 0.0038348775042875904
294 0.0038348775042875895
295 0.0037869714767512063
296 0.0036827758668595677
297 0.003824098648091903
298 0.0035701967021490645
299 0.003505523564974945
300 0.0032791675848655275
301 0.003121077693995457
302 0.002954604248306523
303 0.002814479117762597
304 0.0026551915762041173
305 0.0024468003564208454
306 0.0023809295685583176
307 0.002158166540514128
308 0.001912648149390157
309 0.0017030592789184734
310 0.0015725153538818256
311 0.001372507688917419
312 0.0012719050310910118
313 0.001100640982648437
314 0.0009509346465972346
315 0.0008611108449665139
316 0.0007497293309444196
317 0.0005293616042770509
318 0.0005173850973929548
319 0.00046947906985657004
320 0.00035809755583447565
321 0.00034133044619674084
322 0.0002730643569573927
323 0.0002395301376819234
324 0.00019761236358758688
325 0.00014611338398597332
326 0.0001257533222830098
327 0.00010539326058004631
328 6.946373992775779e-05
329 7.545199336980585e-05
330 5.389428097843273e-05
331 4.910367822479428e-05
332 3.233656858705962e-05
333 3.473186996387886e-05
334 2.5150664456601927e-05
335 2.7545965833421156e-05
336 1.1976506884096156e-05
337 1.077885619568654e-05
338 5.988253442048078e-06
339 3.592952065228847e-06
340 9.581205507276925e-06
341 4.790602753638463e-06
342 4.790602753638463e-06
343 4.790602753638463e-06
344 8.383554818867309e-06
345 2.3953013768192313e-06
346 3.592952065228847e-06
347 0.0
348 0.0
349 5.988253442048078e-06
350 0.0
351 1.1976506884096156e-06
352 1.1976506884096156e-06
353 4.790602753638463e-06
354 0.0
355 0.0
356 0.0
357 1.1976506884096156e-06
358 0.0
