0 0.0
1 1.1976506884096156e-06
2 2.3953013768192313e-06
3 1.1976506884096156e-06
4 1.1976506884096156e-06
5 0.0
6 1.1976506884096156e-06
7 1.1976506884096156e-06
8 5.988253442048079e-06
9 2.3953013768192313e-06
10 2.3953013768192313e-06
11 4.790602753638463e-06
12 4.790602753638463e-06
13 0.0
14 1.1976506884096156e-06
15 1.1976506884096156e-06
16 2.3953013768192313e-06
17 3.592952065228847e-06
18 3.592952065228847e-06
19 7.185904130457693e-06
20 7.185904130457693e-06
21 1.5569458949325002e-05
22 1.3174157572505772e-05
23 1.4371808260915386e-05
24 1.7964760326144234e-05
25 2.0360061702963466e-05
26 3.473186996387886e-05
27 3.71271713406981e-05
28 3.233656858705962e-05
29 4.670837684797504e-05
30 5.389428097843274e-05
31 7.425434268139625e-05
32 9.461440438435974e-05
33 0.00011736976746414246
34 0.0001341368771018771
35 0.0001724616991309849
36 0.00018324055532667146
37 0.00021917007597896
38 0.00028384321315307927
39 0.00028504086384148887
40 0.00043834015195792
41 0.00042756129576223347
42 0.0006131971524657235
43 0.0006119995017773142
44 0.0007808682488430695
45 0.0008287742763794539
46 0.0009078192218144888
47 0.0011353728526123158
48 0.0012084295446053018
49 0.0013305899148230828
50 0.0014443667302219958
51 0.0016958733747880154
52 0.001974925985187457
53 0.00199528604689042
54 0.002197689013231645
55 0.0024324285481599293
56 0.0025593795211313482
57 0.0027402247750812005
58 0.002859989843922161
59 0.0029941267210240393
60 0.00314622835845206
61 0.0032624004752277924
62 0.003174971974973891
63 0.0034324668729819596
64 0.0034624081401921987
65 0.0033426430713512376
66 0.0035498366404461
67 0.003595347366605666
68 0.0034851635032719813
69 0.0035737896542142947
70 0.0033582125303005628
71 0.00333665481790919
72 0.0033138994548294054
73 0.003167786070843432
74 0.003127065947437507
75 0.002948615994864473
76 0.0028060955629437283
77 0.002693516398233226
78 0.0025222523497906513
79 0.002415661438522194
80 0.0022743386572898604
81 0.002135411177434345
82 0.0020922957526515996
83 0.001796476032614424
84 0.0018024642860564716
85 0.0016156307786645721
86 0.0014084372095697082
87 0.0013030439489896618
88 0.0011988483390980255
89 0.0011473493594964116
90 0.0010287819413438602
91 0.0009078192218144881
92 0.000802425961234442
93 0.0007185904130457696
94 0.0007245786664878175
95 0.00065511492656006
96 0.0005521169673568336
97 0.0005030132891320393
98 0.0004431307547115584
99 0.00039282942579835445
100 0.00037845761753743917
101 0.00036887641203016213
102 0.0003257609872474159
103 0.0003125868296749101
104 0.00027545965833421205
105 0.0002706690555805734
106 0.00021677477460214077
107 0.0002527042952544293
108 0.00018922880876871953
109 0.00019162411014553873
110 0.0001808452539498522
111 0.00017126404844257522
112 0.0001808452539498522
113 0.00016407814431211758
114 0.000143718082609154
115 0.00012814862365982901
116 0.0001449157332975637
117 0.00011138151402209436
118 0.00012934627434823864
119 0.00013293922641346748
120 0.00011497446608732326
121 0.00012096271952937132
122 0.0001329392264134675
123 0.00014611338398597335
124 0.00012575332228300978
125 0.0001317415757250579
126 0.000153299288116431
127 0.00016407814431211755
128 0.0001748570005078041
129 0.0001820429046382618
130 0.0001616828429352983
131 0.00019162411014553881
132 0.0002239606787325985
133 0.0002479136925007908
134 0.00026827375420375427
135 0.00030899387760968135
136 0.0003425280968851506
137 0.0003604928572112949
138 0.0004299565971390528
139 0.00042995659713905267
140 0.0005700817276829777
141 0.0005820582345670738
142 0.0006934397485891678
143 0.0008311695777562733
144 0.0009054239204376694
145 0.0010431537496047747
146 0.0012778932845330607
147 0.0014347855247147196
148 0.0015605388469977295
149 0.0018324055532667122
150 0.002053970930622491
151 0.0023593718561669436
152 0.002753398932653707
153 0.0031342518515679644
154 0.0035282789280547287
155 0.004001350949976525
156 0.004535503157007213
157 0.005052888254400168
158 0.0057618974619386585
159 0.006452941909151008
160 0.00716913702081996
161 0.008055398530243079
162 0.008910521121767542
163 0.00978839907637179
164 0.01066388172959922
165 0.011893868986595895
166 0.012968161654099314
167 0.01400892010232727
168 0.015353881825411267
169 0.016340745992660805
170 0.017393480947772853
171 0.018191116306253655
172 0.019332477412308022
173 0.02009897385289016
174 0.02084630788245777
175 0.021433156719778485
176 0.02196730892680917
177 0.0225685295723908
178 0.022573320175144438
179 0.022817640915579984
180 0.022954173094058696
181 0.022744584223587008
182 0.02234696419503501
183 0.022120608214925605
184 0.021580467754452864
185 0.020653486121623824
186 0.01993010510582442
187 0.019073784863611547
188 0.01831088137509462
189 0.01725455346791733
190 0.01609642525222523
191 0.014812543714250124
192 0.0137370533960583
193 0.013006486476128428
194 0.011839974705617456
195 0.010865087045252032
196 0.009849479261480675
197 0.008918904676586412
198 0.0077344281457493
199 0.007243391363501352
200 0.0064361747995132735
201 0.005582249858677216
202 0.005189420432878863
203 0.004412145136101025
204 0.004001350949976525
205 0.0034899541060256205
206 0.0030288585909879202
207 0.0027498059805884777
208 0.0024252426440294714
209 0.0020108555058397457
210 0.0017773136215998697
211 0.0015545505935556816
212 0.001367717086163781
213 0.0011174080922861714
214 0.001100640982648437
215 0.0008910521121767542
216 0.0007605081871401063
217 0.0006455337210527832
218 0.0006323595634802777
219 0.0005389428097843277
220 0.0004742696726102085
221 0.00039402707648676416
222 0.00037845761753743917
223 0.0003485163503271987
224 0.00029701737072558516
225 0.0002539019459428389
226 0.0002527042952544292
227 0.00020599591840645415
228 0.00019881001427599646
229 0.00017605465119621377
230 0.00016168284293529835
231 0.00014970633605120216
232 0.0001676710963773464
233 0.0001473110346743829
234 0.00015090398673961176
235 0.00011976506884096172
236 0.00011377681539891365
237 0.00013413687710187716
238 0.00012814862365982904
239 0.00011018386333368473
240 0.00011138151402209435
241 0.00012934627434823867
242 0.00011617211677573292
243 0.00013653217847869634
244 0.00014491573329756364
245 0.00011976506884096176
246 0.00015569458949325022
247 0.00016048519224688872
248 0.0001640781443121175
249 0.00020839121978327347
250 0.0002083912197832734
251 0.00022635598010941775
252 0.00020479826771804452
253 0.00021198417184850225
254 0.0002550995966312484
255 0.0002814479117762601
256 0.0002610878500732966
257 0.0003329468913778735
258 0.0003425280968851504
259 0.000356899905146066
260 0.0003832482202910775
261 0.0004934320836247625
262 0.00048385087811748554
263 0.0005377451590959181
264 0.0006000229948932179
265 0.0006718820361977951
266 0.0007149974609805408
267 0.000801228310546033
268 0.0009305745848942713
269 0.0009916547700031617
270 0.0011042339347136654
271 0.001186871832213929
272 0.001287474490040337
273 0.0013832865451131055
274 0.0015090398673961167
275 0.0016252119841718494
276 0.001827614950513074
277 0.0019641471289917702
278 0.0020791215950790934
279 0.0022647574517825845
280 0.0023378141437755706
281 0.0024671604181238094
282 0.002749805980588477
283 0.002668365733776623
284 0.0029474183441760646
285 0.003055206906132929
286 0.0031354495022563743
287 0.0033618054823657917
288 0.0033019229479453096
289 0.0033941420509528493
290 0.003549836640446102
291 0.003450431633308103
292 0.0035043259142865375
293 0.003448036331931282
294 0.003577382606279521
295 0.0034600128388153797
296 0.003402525605771717
297 0.0031917390846116266
298 0.0031845531804811666
299 0.002923465330407872
300 0.0029426277414224262
301 0.0028396297822191976
302 0.002697109350298454
303 0.0024959040346456394
304 0.002402487280949688
305 0.0022252349790650655
306 0.001938996464535168
307 0.0018874974849335542
308 0.0016060495731572955
309 0.001531795230475899
310 0.0014443667302219965
311 0.001245556715946
312 0.0011329775512354968
313 0.0009233886807638136
314 0.000864703797031743
315 0.0007365551733719138
316 0.0006395454676107354
317 0.0005940347414511698
318 0.00044672370677678727
319 0.00043354954920428164
320 0.0003281562886242352
321 0.0003018079734792236
322 0.0002527042952544292
323 0.00021318182253691188
324 0.00017725230188462337
325 0.0001401251305439252
326 0.00010419560989163665
327 0.00010419560989163667
328 6.108018510889045e-05
329 5.74872330436616e-05
330 5.988253442048084e-05
331 3.5929520652288475e-05
332 2.2755363079782695e-05
333 2.155771239137308e-05
334 2.2755363079782695e-05
335 1.6767109637734618e-05
336 1.6767109637734618e-05
337 1.5569458949325002e-05
338 7.185904130457693e-06
339 1.1976506884096156e-05
340 1.3174157572505772e-05
341 4.790602753638463e-06
342 4.790602753638463e-06
343 3.592952065228847e-06
344 2.3953013768192313e-06
345 3.592952065228847e-06
346 3.592952065228847e-06
347 0.0
348 2.3953013768192313e-06
349 0.0
350 1.1976506884096156e-06
351 2.3953013768192313e-06
352 0.0
353 1.1976506884096156e-06
354 3.592952065228847e-06
355 1.1976506884096156e-06
356 0.0
357 0.0
358 1.1976506884096156e-06
