0 0.04312667899842737
1 0.04265577934647091
2 0.04215670816982969
3 0.04078810047633923
4 0.039347627219491615
5 0.03734297195095087
6 0.03536207409534297
7 0.032774094841313196
8 0.030389546257781803
9 0.027449831903853028
10 0.02450782324892628
11 0.02243802003322411
12 0.01956051228858077
13 0.017194308476707384
14 0.014630614110471587
15 0.012769711768758536
16 0.010454877362303924
17 0.00900342285181467
18 0.007288599787765283
19 0.00594714776703831
20 0.0047824784180252825
21 0.0040398227079364085
22 0.003177212726397559
23 0.002405660969099405
24 0.0019074369766414415
25 0.0014619268527992575
26 0.0011035784421334434
27 0.0008901779575680351
28 0.0006778597113459171
29 0.0004494084719307436
30 0.0003220656351825025
31 0.00028462689745822135
32 0.00019096365375889887
33 0.0001435774703784749
34 0.0001210907846806421
35 7.487649105460692e-05
36 5.4929732340919436e-05
37 4.618586429852085e-05
38 3.1207879382059766e-05
39 2.4963532908166693e-05
40 1.624277712910773e-05
41 1.2493164045282802e-05
42 6.236262271265084e-06
43 8.726106590068885e-06
44 1.2475454543186282e-06
45 2.502277881906056e-06
46 0.0
47 1.250859966226781e-06
48 1.2538210195571002e-06
49 0.0
50 0.0
51 0.0
52 0.0
53 0.0
54 0.0
55 0.0
56 0.0
57 0.0
58 0.0
59 0.0
60 0.0
61 0.0
62 0.0
63 0.0
64 0.0
65 0.0
66 0.0
67 0.0
68 0.0
69 0.0
70 0.0
71 0.0
72 0.0
73 0.0
74 0.0
75 0.0
76 0.0
77 0.0
78 0.0
79 0.0
80 0.0
81 0.0
82 0.0
83 0.0
84 0.0
85 0.0
86 0.0
87 0.0
88 0.0
89 0.0
90 0.0
91 0.0
92 0.0
93 0.0
94 0.0
95 0.0
96 0.0
97 0.0
98 0.0
99 0.0
100 0.0
101 0.0
102 0.0
103 0.0
104 0.0
105 0.0
106 0.0
107 0.0
108 0.0
109 0.0
110 0.0
111 0.0
112 0.0
113 0.0
114 0.0
115 0.0
116 0.0
117 0.0
118 0.0
119 0.0
120 0.0
121 0.0
122 0.0
123 0.0
124 0.0
125 0.0
126 0.0
127 0.0
128 0.0
129 0.0
130 0.0
131 0.0
132 0.0
133 0.0
134 0.0
135 0.0
136 0.0
137 0.0
138 0.0
139 0.0
140 0.0
141 0.0
142 0.0
143 0.0
144 0.0
145 0.0
146 0.0
147 0.0
148 0.0
149 0.0
150 0.0
151 0.0
152 0.0
153 0.0
154 0.0
155 0.0
156 0.0
157 0.0
158 0.0
159 0.0
160 0.0
161 0.0
162 0.0
163 0.0
164 0.0
165 0.0
166 0.0
167 0.0
168 0.0
169 0.0
170 0.0
171 0.0
172 0.0
173 0.0
174 0.0
175 0.0
176 0.0
177 0.0
178 0.0
179 0.0
180 0.0
181 0.0
182 0.0
183 0.0
184 0.0
185 0.0
186 0.0
187 0.0
188 0.0
189 0.0
190 0.0
191 0.0
192 0.0
193 0.0
194 0.0
195 0.0
196 0.0
197 0.0
198 0.0
199 0.0
200 0.0
201 0.0
202 0.0
203 0.0
204 0.0
205 0.0
206 0.0
207 0.0
208 0.0
209 0.0
210 0.0
211 0.0
212 0.0
213 0.0
214 0.0
215 0.0
216 0.0
217 0.0
218 0.0
219 0.0
220 0.0
221 0.0
222 0.0
223 0.0
224 0.0
225 0.0
226 0.0
227 0.0
228 0.0
229 0.0
230 0.0
231 0.0
232 0.0
233 0.0
234 0.0
235 0.0
236 0.0
237 0.0
238 0.0
239 0.0
240 0.0
241 0.0
242 0.0
243 0.0
244 0.0
245 0.0
246 0.0
247 0.0
248 0.0
249 0.0
250 0.0
251 0.0
252 0.0
253 0.0
254 0.0
255 0.0
256 0.0
257 0.0
258 0.0
259 0.0
260 0.0
261 0.0
262 0.0
263 0.0
264 0.0
265 0.0
266 0.0
267 0.0
268 0.0
269 0.0
270 0.0
271 0.0
272 0.0
273 0.0
274 0.0
275 0.0
276 0.0
277 0.0
278 0.0
279 0.0
280 0.0
281 0.0
282 0.0
283 0.0
284 0.0
285 0.0
286 0.0
287 0.0
288 0.0
289 0.0
290 0.0
291 0.0
292 0.0
293 0.0
294 0.0
295 0.0
296 0.0
297 0.0
298 0.0
299 0.0
300 0.0
301 0.0
302 1.2512293328194954e-06
303 0.0
304 0.0
305 0.0
306 0.0
307 0.0
308 1.2475454543186282e-06
309 1.246261216350947e-06
310 0.0
311 0.0
312 0.0
313 3.749281720844623e-06
314 2.4945404131289933e-06
315 3.749845200883722e-06
316 5.002896412402962e-06
317 1.2477675827078824e-05
318 1.2473128749808396e-05
319 1.1223794909664342e-05
320 2.2459568097799552e-05
321 3.869226146018861e-05
322 3.370053990100743e-05
323 6.365273534938843e-05
324 9.617293641478733e-05
325 0.00012982597756120616
326 0.00015229914772612986
327 0.00023973947956216566
328 0.0002521610032756255
329 0.0003507915297376573
330 0.000461930192266734
331 0.0006815237280762809
332 0.000891201486793514
333 0.0010274008455878276
334 0.001439490005227065
335 0.001805029978142479
336 0.0024105284966998565
337 0.0027677989351865087
338 0.0036117162293900756
339 0.004483330754887368
340 0.005239703834249879
341 0.006678984861286146
342 0.008006012753864051
343 0.009599103610682258
344 0.01138806101651199
345 0.013136049847991613
346 0.015517319227775635
347 0.017456449221380458
348 0.020113017930869448
349 0.022774753744739265
350 0.025524685412225797
351 0.027483860224128263
352 0.030598099511657272
353 0.03287548338728691
354 0.035312411687137384
355 0.037599757958574516
356 0.03954522206405939
357 0.04069722215482922
358 0.04201098457509975
