0 1.1976506884096156e-06
1 2.3953013768192313e-06
2 2.3953013768192313e-06
3 0.0
4 2.3953013768192313e-06
5 2.3953013768192313e-06
6 1.1976506884096156e-06
7 0.0
8 0.0
9 1.1976506884096156e-06
10 1.1976506884096156e-06
11 0.0
12 2.3953013768192313e-06
13 1.1976506884096156e-06
14 3.592952065228847e-06
15 3.592952065228847e-06
16 5.988253442048078e-06
17 5.988253442048078e-06
18 4.790602753638463e-06
19 9.581205507276925e-06
20 2.2755363079782695e-05
21 1.4371808260915386e-05
22 1.5569458949325002e-05
23 1.5569458949325002e-05
24 1.6767109637734618e-05
25 2.8743616521830772e-05
26 3.1138917898650004e-05
27 3.8324822029107714e-05
28 5.5091931666842366e-05
29 4.9103678224794286e-05
30 7.664964405821548e-05
31 9.461440438435978e-05
32 0.00010299795920322708
33 0.00011138151402209438
34 0.00015928754155847909
35 0.00017725230188462337
36 0.00023234423355146573
37 0.0002562972473196581
38 0.00033653984344310254
39 0.0004203753916317757
40 0.00045390961090724505
41 0.0005569075701104719
42 0.0006263713100382295
43 0.0006910444472123485
44 0.0008659014477201519
45 0.0009221910300754043
46 0.001137768153989135
47 0.0012467543666344104
48 0.0013281946134462647
49 0.0015102375180845258
50 0.0016815015665271014
51 0.001879113930114688
52 0.0020384014716731654
53 0.0022336185338839337
54 0.00252464765116747
55 0.002727050617508695
56 0.002701899953052093
57 0.0028396297822191985
58 0.0032073085435609513
59 0.0034085138592137667
60 0.003504325914286535
61 0.0035570225445765583
62 0.003782180873997567
63 0.00379775033294689
64 0.003819308045338265
65 0.0037498443054105064
66 0.003903143593526937
67 0.003911527148345806
68 0.0038336798535991805
69 0.003933084860737177
70 0.003796552682258481
71 0.003827691600157131
72 0.0037019382778741227
73 0.0035330695308083662
74 0.00336899138649625
75 0.0031749719749738924
76 0.003184553180481168
77 0.0030264632896110986
78 0.0028013049601900908
79 0.002628843261059106
80 0.0025701583773270354
81 0.0023629648082321712
82 0.0021917007597895967
83 0.001976123635875865
84 0.001841986758773989
85 0.0016850945185923293
86 0.0015892824635195598
87 0.0014455643809104064
88 0.0013222063600042155
89 0.001227591955619856
90 0.001100640982648437
91 0.0010132124823945344
92 0.000897040365618802
93 0.0008718897011622002
94 0.0007461363788791904
95 0.0006742773375746138
96 0.0006251736593498199
97 0.0005233733508350029
98 0.0005221757001465933
99 0.0004239683436970046
100 0.0004515143095304258
101 0.0003760623161606198
102 0.00032336568587059675
103 0.00033414454206628333
104 0.00029222676797194665
105 0.00025629724731965814
106 0.000259890199384887
107 0.0002287512814862369
108 0.00021797242529055034
109 0.0001772523018846234
110 0.0001652757950005272
111 0.00016168284293529835
112 0.00016168284293529832
113 0.0001425204319207444
114 0.0001640781443121176
115 0.00013054392503664827
116 0.00013054392503664827
117 0.0001461133839859733
118 0.00012934627434823867
119 0.0001461133839859733
120 0.00011617211677573285
121 0.00012455567159460018
122 0.0001580898908700695
123 0.00012814862365982904
124 0.00014252043192074443
125 0.00014371808260915406
126 0.00015808989087006946
127 0.00017964760326144257
128 0.00015090398673961176
129 0.00016647344568893678
130 0.0001736593498193945
131 0.0001880311580803099
132 0.00021797242529055034
133 0.0002371348363051042
134 0.0002215653773557792
135 0.0002790526103994409
136 0.00031857508311695817
137 0.00035929520652288525
138 0.00037246936409539104
139 0.00044313075471155857
140 0.0005401404604727375
141 0.0006024182962700371
142 0.0006754749882630238
143 0.000807216563988081
144 0.0008862615094231154
145 0.0010120148317061253
146 0.0011892671335907484
147 0.0013389734696419501
148 0.0014503549836640452
149 0.0017473723543896301
150 0.002033610868919528
151 0.002295896369681232
152 0.002554588918377709
153 0.0029929290703356285
154 0.0032779699341771206
155 0.0037809832233091567
156 0.004401366279905339
157 0.0050001916241101466
158 0.005542727385959701
159 0.006151133935671786
160 0.0069846988148048765
161 0.007875750926981633
162 0.008585957785208535
163 0.00950455586321871
164 0.010477048222207321
165 0.011474691245652523
166 0.012498682584242754
167 0.013449617230839988
168 0.014384982418487891
169 0.015470053942186998
170 0.016678483486792305
171 0.017334796064040776
172 0.018495319581109688
173 0.019443858926330104
174 0.019967232277165098
175 0.0206870203408993
176 0.021369681233292782
177 0.021494236904887373
178 0.02180562608387387
179 0.022417625585651184
180 0.022194862557606995
181 0.02200683139952669
182 0.02167867511090244
183 0.02098403771162488
184 0.020727740464305214
185 0.020035498366404465
186 0.019221095898285922
187 0.018443820601508072
188 0.01754678023588928
189 0.016615008000306596
190 0.015585028408274332
191 0.014562234720372519
192 0.013505906813195242
193 0.012468741317032515
194 0.011208812792825592
195 0.010486629427714588
196 0.009520125322168036
197 0.008802732559810678
198 0.007711672782669519
199 0.006930804533826444
200 0.006306828525165035
201 0.005527157927010376
202 0.004792998055015283
203 0.004225311628709124
204 0.003858830518055783
205 0.0034324668729819583
206 0.0030156844334154106
207 0.002535426507363157
208 0.0022348161845723432
209 0.0019845071906947347
210 0.0017006639775416542
211 0.001500656312577248
212 0.001257533222830096
213 0.0012311849076850855
214 0.0009928524206915712
215 0.0008647037970317426
216 0.0008012283105460333
217 0.0007042186047848542
218 0.0005844535359438932
219 0.0005305592549654606
220 0.00044313075471155846
221 0.0004215730423201854
222 0.0003856435216678967
223 0.0003509116517040178
224 0.00030659857623286215
225 0.00027545965833421205
226 0.00024791369250079087
227 0.00023833248699351394
228 0.00019282176083394836
229 0.0001868335073919003
230 0.00017844995257303294
231 0.0001664734456889368
232 0.00014611338398597335
233 0.00012814862365982901
234 0.0001461133839859733
235 0.0001437180826091541
236 0.00013653217847869637
237 0.00010419560989163668
238 0.00012575332228300978
239 0.0001341368771018771
240 0.0001317415757250579
241 0.00014731103467438293
242 0.0001269509729714194
243 0.00014970633605120213
244 0.00014371808260915398
245 0.00016767109637734644
246 0.00016527579500052723
247 0.00015210163742802136
248 0.00015449693880484065
249 0.00018803115808030993
250 0.00017844995257303297
251 0.0002059959184064542
252 0.0002036006170296349
253 0.00023833248699351383
254 0.0002634831514501158
255 0.0003197727338053679
256 0.00032456333655900635
257 0.00031977273380536783
258 0.0003257609872474159
259 0.00040600358337086035
260 0.00048025792605225657
261 0.0004970250356899912
262 0.0005341522070306894
263 0.0005940347414511699
264 0.0006000229948932178
265 0.0007341598719950947
266 0.0008407507832635503
267 0.0009269816328290425
268 0.0009593182014161026
269 0.0010706997154381964
270 0.0012012436404748447
271 0.0012946603941707943
272 0.0013856818464899254
273 0.0015605388469977293
274 0.0016934780734111973
275 0.0018467773615276275
276 0.001944984717977216
277 0.0020563662319993104
278 0.002349790650659667
279 0.00252464765116747
280 0.002576146630769084
281 0.002749805980588477
282 0.0028336415287771497
283 0.003105508235046133
284 0.003222878002510277
285 0.0033941420509528506
286 0.003631276887257956
287 0.003567801400772243
288 0.003777390271243928
289 0.0036408580927652333
290 0.0039007482921501174
291 0.0037989479836353004
292 0.003888771785266023
293 0.0038827835318239736
294 0.003809726839830988
295 0.0038947600387080703
296 0.0037809832233091584
297 0.003651636948960917
298 0.0035713943528374757
299 0.0033797702426919354
300 0.0033055159000105376
301 0.0031677860708434332
302 0.0030252656389226896
303 0.0027665730902262115
304 0.0026120761514213716
305 0.002439614452290387
306 0.0022899081162391847
307 0.0021749336501518625
308 0.0019210317042090243
309 0.00168509451859233
310 0.0016072472238457046
311 0.0013796935930478766
312 0.0012287896063082658
313 0.001083873873010702
314 0.0008934474135535731
315 0.0008215883722489965
316 0.0007832635502198884
317 0.0006455337210527833
318 0.0005090015425740875
319 0.00045750256297247385
320 0.00035689990514606594
321 0.0003149821310517294
322 0.00028863381590671784
323 0.00023234423355146573
324 0.00018922880876871953
325 0.00014252043192074443
326 0.0001461133839859733
327 9.581205507276935e-05
328 0.00011856741815255205
329 5.389428097843275e-05
330 4.910367822479427e-05
331 4.551072615956541e-05
332 3.9522472717517324e-05
333 2.155771239137308e-05
334 3.1138917898650004e-05
335 2.8743616521830772e-05
336 1.5569458949325002e-05
337 1.4371808260915386e-05
338 1.1976506884096156e-05
339 1.3174157572505772e-05
340 9.581205507276925e-06
341 2.3953013768192313e-06
342 4.790602753638463e-06
343 4.790602753638463e-06
344 2.3953013768192313e-06
345 4.790602753638463e-06
346 3.592952065228847e-06
347 5.988253442048078e-06
348 2.3953013768192313e-06
349 4.790602753638463e-06
350 2.3953013768192313e-06
351 1.1976506884096156e-06
352 1.1976506884096156e-06
353 1.1976506884096156e-06
354 1.1976506884096156e-06
355 1.1976506884096156e-06
356 3.592952065228847e-06
357 0.0
358 0.0
