0 2.3953013768192313e-06
1 2.3953013768192313e-06
2 0.0
3 1.1976506884096156e-06
4 0.0
5 2.3953013768192313e-06
6 1.1976506884096156e-06
7 0.0
8 2.3953013768192313e-06
9 4.790602753638463e-06
10 1.1976506884096156e-06
11 3.592952065228847e-06
12 3.592952065228847e-06
13 2.3953013768192313e-06
14 1.1976506884096156e-06
15 3.592952065228847e-06
16 1.1976506884096156e-06
17 5.988253442048078e-06
18 7.185904130457693e-06
19 4.790602753638463e-06
20 4.790602753638463e-06
21 1.4371808260915386e-05
22 2.0360061702963466e-05
23 1.7964760326144234e-05
24 2.5150664456601927e-05
25 2.7545965833421156e-05
26 2.5150664456601927e-05
27 3.3534219275469236e-05
28 5.1498979601613525e-05
29 4.7906027536384656e-05
30 7.066139061616739e-05
31 7.784729474662511e-05
32 8.623084956549242e-05
33 0.00011856741815255211
34 0.00011617211677573287
35 0.00015449693880484065
36 0.0001832405553266715
37 0.0002539019459428389
38 0.0002934244186603562
39 0.00033534219275469293
40 0.0003940270764867641
41 0.0004994203370668105
42 0.0005569075701104721
43 0.0005868488373207122
44 0.0007485316802560101
45 0.000891052112176754
46 0.0010120148317061255
47 0.0011353728526123155
48 0.0013066369010548908
49 0.0014443667302219975
50 0.001583294210077513
51 0.0017856971764187376
52 0.0020599591840645393
53 0.0021797242529055017
54 0.002295896369681234
55 0.0024779392743194953
56 0.002674353987218672
57 0.0028096885150089576
58 0.003034846844429967
59 0.0030552069061329295
60 0.0031761696256622997
61 0.003382165544068756
62 0.0035917544145404384
63 0.0035127094691054014
64 0.0036097191748665825
65 0.0036049285721129446
66 0.0036492416475840984
67 0.00370672888062776
68 0.00364205574345364
69 0.003608521524178172
70 0.003541453085627234
71 0.003640858092765232
72 0.0035366624828735943
73 0.00333665481790919
74 0.0032863534889959857
75 0.0031079035364229503
76 0.003034846844429966
77 0.002940232440045607
78 0.0026060878979793233
79 0.002543810062182023
80 0.002416859089210604
81 0.002177328951528682
82 0.0020168437592817936
83 0.0019090551973249277
84 0.0017401864502591727
85 0.0016455720458748127
86 0.0015102375180845258
87 0.0013293922641346738
88 0.0012539402707648672
89 0.0011114198388441235
90 0.0009653064548581503
91 0.0009269816328290428
92 0.0008156001188069483
93 0.0007401481254371424
94 0.0007353575226835041
95 0.0006407431182991445
96 0.0005616981728641103
97 0.0005078038918856778
98 0.00044432840539996806
99 0.0004431307547115584
100 0.0003988176792404027
101 0.0003892364737331256
102 0.00035689990514606594
103 0.00030300562416763323
104 0.0002886338159067178
105 0.00023593718561669457
106 0.0002527042952544293
107 0.0002095888704716831
108 0.0002024029663412253
109 0.0001988100142759964
110 0.0001544969388048406
111 0.00017365934981939456
112 0.00016767109637734644
113 0.00015329928811643097
114 0.00012575332228300976
115 0.00011736976746414244
116 0.00012216037021778092
117 0.00013772982916710594
118 0.00013054392503664822
119 0.00012335802090619058
120 0.0001413227812323348
121 0.0001437180826091541
122 0.00012335802090619058
123 0.0001269509729714194
124 0.00015569458949325022
125 0.00012934627434823864
126 0.00015569458949325022
127 0.00012216037021778095
128 0.00019042645945712913
129 0.0001712640484425753
130 0.00017844995257303294
131 0.00020839121978327344
132 0.00020240296634122532
133 0.00023713483630510425
134 0.00029462206934876585
135 0.0002778549597110312
136 0.00031138917898650056
137 0.00036049285721129486
138 0.000422770693008595
139 0.000463490816414522
140 0.0005473263646031953
141 0.0006060112483352656
142 0.000704218604784854
143 0.0007389504747487336
144 0.000875482653227429
145 0.0010778856195686538
146 0.0011341752019239065
147 0.001288672140728747
148 0.0015353881825411276
149 0.0017449770530128114
150 0.0021114581636661528
151 0.0023150587806957867
152 0.002578541932145902
153 0.003074369317147484
154 0.0035043259142865345
155 0.003907934196280576
156 0.004285194163129604
157 0.005019354035124698
158 0.005534343831140832
159 0.006553544566977418
160 0.007102068582269021
161 0.007964377077923945
162 0.008758419484339518
163 0.009815945042205206
164 0.010860296442498396
165 0.011863927719385648
166 0.012832827126309029
167 0.013582556457253458
168 0.014982610112004288
169 0.01596109072443495
170 0.016783876747372355
171 0.017997096894731286
172 0.01880072050665415
173 0.019688179666765674
174 0.02028820266165889
175 0.020993618917132154
176 0.021888263981374133
177 0.022012819652968738
178 0.022355347749853892
179 0.022554157764129872
180 0.022908662367899114
181 0.022691887593296985
182 0.02222719912619406
183 0.02152298052140921
184 0.021033141389849682
185 0.02049180327868852
186 0.019841478954882103
187 0.018944438589263292
188 0.01790487779172375
189 0.016904839466901724
190 0.016137145375631164
191 0.01458259478207548
192 0.01384963256076879
193 0.012539402707648677
194 0.011883090130400207
195 0.010880656504201358
196 0.009648273945827863
197 0.008705722854049495
198 0.007812275440495922
199 0.0072433913635013576
200 0.00623137653179523
201 0.005492426057046502
202 0.00485886884287781
203 0.00446124881432582
204 0.003885178833200793
205 0.0034145021126558116
206 0.0030995199816040856
207 0.0026036925966025017
208 0.0023222446848262454
209 0.001979716587941095
210 0.0017521629571432685
211 0.0015377834839179468
212 0.001384484195801516
213 0.0011162104415977613
214 0.0010587232085541003
215 0.0008575178929012849
216 0.0008144024681185385
217 0.0006862538444587099
218 0.0005640934742409296
219 0.0005293616042770509
220 0.0004934320836247624
221 0.00042875894645064323
222 0.0003988176792404027
223 0.00036288815858811406
224 0.0002862385145298985
225 0.000259890199384887
226 0.00022875128148623695
227 0.00021677477460214074
228 0.00019881001427599646
229 0.00019641471289917728
230 0.00016767109637734639
231 0.00015928754155847914
232 0.00014491573329756367
233 0.00015569458949325025
234 0.00014970633605120216
235 0.0001461133839859733
236 0.00012455567159460018
237 0.00012934627434823864
238 0.00012216037021778095
239 0.00012335802090619055
240 0.000112579164710504
241 0.00010778856195686554
242 0.00012695097297141944
243 0.00012216037021778097
244 0.00013653217847869634
245 0.00013054392503664833
246 0.00014731103467438284
247 0.00014970633605120216
248 0.00016767109637734644
249 0.000178449952573033
250 0.00016886874706575601
251 0.00020000766496440617
252 0.00021797242529055034
253 0.000259890199384887
254 0.0002622855007617062
255 0.00030779622692127164
256 0.00030899387760968124
257 0.0003341445420662832
258 0.0003329468913778736
259 0.0003940270764867641
260 0.00043953780264632976
261 0.0004862461794943047
262 0.0005090015425740875
263 0.0005461287139147855
264 0.0006239760086614101
265 0.0007317645706182749
266 0.0007497293309444195
267 0.0008156001188069481
268 0.0009090168725028985
269 0.001050339653735233
270 0.001156930565003688
271 0.0012120224966705308
272 0.0013234040106926254
273 0.0014515526343524543
274 0.0015413764359831761
275 0.0017090475323605228
276 0.0018707303752958202
277 0.0019976813482672395
278 0.00230907052725374
279 0.002297094020369643
280 0.0026120761514213733
281 0.0026815398913491283
282 0.002842025083596018
283 0.0028408274329076067
284 0.003054009255444519
285 0.0031079035364229525
286 0.003336654817909189
287 0.003329468913778732
288 0.0035522319418229203
289 0.0037067288806277615
290 0.0036037309214245338
291 0.0037031359285625304
292 0.0036432533941420497
293 0.0036252886338159047
294 0.00355941784595338
295 0.003535464832185186
296 0.0035881614624752086
297 0.003486361153960391
298 0.0033869561468223936
299 0.0031941343859884443
300 0.0030887411254083993
301 0.002933046535915147
302 0.0027042952544289105
303 0.0026456103706968405
304 0.0024839275277615427
305 0.002317454082072607
306 0.0020683427388834066
307 0.002062354485441359
308 0.0017437794023244012
309 0.0016407814431211737
310 0.0014946680591352006
311 0.0013832865451131064
312 0.001083873873010702
313 0.0010311772427206792
314 0.0009269816328290425
315 0.0007245786664878173
316 0.0006359525155455064
317 0.0005197803987697741
318 0.0005078038918856779
319 0.00042157304232018534
320 0.0003365398434431025
321 0.00030659857623286193
322 0.00025150664456601967
323 0.00020120531565281574
324 0.00015928754155847909
325 0.00012934627434823867
326 0.0001353345277902867
327 8.742850025390204e-05
328 7.185904130457699e-05
329 7.066139061616738e-05
330 5.509193166684235e-05
331 4.191777409433656e-05
332 3.473186996387886e-05
333 2.2755363079782695e-05
334 2.155771239137308e-05
335 2.2755363079782695e-05
336 1.077885619568654e-05
337 1.077885619568654e-05
338 1.1976506884096156e-05
339 8.383554818867309e-06
340 3.592952065228847e-06
341 3.592952065228847e-06
342 3.592952065228847e-06
343 1.1976506884096156e-06
344 2.3953013768192313e-06
345 1.1976506884096156e-06
346 1.1976506884096156e-06
347 2.3953013768192313e-06
348 3.592952065228847e-06
349 0.0
350 4.790602753638463e-06
351 3.592952065228847e-06
352 0.0
353 0.0
354 0.0
355 1.1976506884096156e-06
356 0.0
357 1.1976506884096156e-06
358 0.0
