0 0.0
1 0.0
2 0.0
3 2.3953013768192313e-06
4 2.3953013768192313e-06
5 0.0
6 1.1976506884096156e-06
7 1.1976506884096156e-06
8 1.1976506884096156e-06
9 2.3953013768192313e-06
10 1.1976506884096156e-06
11 3.592952065228847e-06
12 0.0
13 2.3953013768192313e-06
14 3.592952065228847e-06
15 1.1976506884096156e-06
16 7.185904130457693e-06
17 0.0
18 7.185904130457693e-06
19 8.383554818867309e-06
20 1.4371808260915386e-05
21 1.3174157572505772e-05
22 1.077885619568654e-05
23 1.4371808260915386e-05
24 2.155771239137308e-05
25 2.5150664456601927e-05
26 2.5150664456601927e-05
27 3.5929520652288475e-05
28 3.952264199676657e-05
29 6.34754864857097e-05
30 6.946373992775776e-05
31 7.1859041304577e-05
32 8.02427654026936e-05
33 0.00013174174500430716
34 0.00015689240946090908
35 0.00017365951909864368
36 0.0002527044645336785
37 0.00026228617787870317
38 0.0003269594843320718
39 0.0004203758994695235
40 0.00046828192700590815
41 0.0004982231942161484
42 0.0006395459754484828
43 0.0007078122339670803
44 0.0008838673930010407
45 0.001016806450135259
46 0.0011617235376668164
47 0.001213222686547679
48 0.001459939405477057
49 0.0016431792836867326
50 0.001858756069041963
51 0.001947382389263525
52 0.002136611198032244
53 0.0023473980577508337
54 0.0025126730063551148
55 0.002740227144990691
56 0.0028599944144618904
57 0.0030492228846721136
58 0.0032420446455060613
59 0.0033929511714344113
60 0.0036169120194462574
61 0.003636073414785316
62 0.0037678166833028668
63 0.0037270943592667013
64 0.003842068994633273
65 0.003929498002724922
66 0.003941476202401513
67 0.003985787585080174
68 0.0038660220084014655
69 0.004008543455997703
70 0.0038516498615820496
71 0.0037905696764731606
72 0.003624098092855967
73 0.003585769715962623
74 0.0033881585373297823
75 0.003337857546975076
76 0.0030755713690963703
77 0.002923469731668351
78 0.0028791558098009503
79 0.002624055874611203
80 0.00251028125984253
81 0.002345003264211763
82 0.0021689467509438073
83 0.0020731368965012788
84 0.001849175032813937
85 0.0016815044442743381
86 0.0016012601553584008
87 0.0014299971225913216
88 0.001322208560634456
89 0.0011892684878247425
90 0.0010515403514501284
91 0.001006028440335819
92 0.0009281811455891933
93 0.0008144038223525326
94 0.0007377541782943169
95 0.0006934407642646629
96 0.0005616990192603565
97 0.0004910376286441895
98 0.0004347475384511895
99 0.0004239693593725001
100 0.00041199200609215767
101 0.00037606231616061985
102 0.00033055260567654984
103 0.0002994128413816536
104 0.00029821535997249317
105 0.00025270497237142613
106 0.0002622856700409555
107 0.00020360061702963487
108 0.000216775620998387
109 0.00018324072460592066
110 0.00019401991936010568
111 0.00017605498975471217
112 0.00016168335077304606
113 0.0001341370463811264
114 0.00014132311979083331
115 0.00014132278123233478
116 0.00012575332228300976
117 0.00013892764913476483
118 0.00012695097297141944
119 0.00013653251703719485
120 0.00014012529982317446
121 0.00012216037021778092
122 0.00012216037021778097
123 0.00013653217847869637
124 0.00014132311979083331
125 0.00013413738493962487
126 0.000168868747065756
127 0.00014371842116765255
128 0.0001568924094609091
129 0.0001604853615261379
130 0.00021557746247222965
131 0.0002047987755557923
132 0.00022875145076548613
133 0.00026587929922318123
134 0.0002838433824323286
135 0.00028384321315307927
136 0.00037127188268623064
137 0.0003652837985234318
138 0.0004419341196986443
139 0.0004730721912010482
140 0.0005341530534269356
141 0.0005952330692565766
142 0.0007018238112457828
143 0.0008048222782867573
144 0.0008587167285444388
145 0.0009485401916166619
146 0.0011976525504813576
147 0.0012838827229298528
148 0.001527006320514753
149 0.0017162352985627212
150 0.0019845087142079765
151 0.0023006898501821077
152 0.0026947162495518755
153 0.0029522116553976907
154 0.0033821696067707356
155 0.0037929634543367357
156 0.004478020833061782
157 0.004804980655952353
158 0.0054337462516919005
159 0.0060074205928816096
160 0.006894883477136619
161 0.007424244912134422
162 0.008581175815696609
163 0.009454266553132197
164 0.01056928069827555
165 0.011162116265525067
166 0.012372945004929917
167 0.013479576103092156
168 0.014478417454342767
169 0.015266474823622022
170 0.016407830343461157
171 0.01747494184665312
172 0.018401922125248157
173 0.019042671676158775
174 0.0201984054368703
175 0.02072537123193278
176 0.02130862407016178
177 0.021550550017058256
178 0.022097877228057707
179 0.02204997136980057
180 0.021823612342664667
181 0.022052367179015143
182 0.021724212413904143
183 0.02100681863587131
184 0.020616378755955286
185 0.019895392025857203
186 0.0192750147247555
187 0.01827976327854362
188 0.01742104570360294
189 0.016812638138215357
190 0.015472466510047246
191 0.01434068576310392
192 0.013278364862665612
193 0.012389712791684653
194 0.011309425776686208
195 0.010381246154610252
196 0.009469834488568278
197 0.008357216321918753
198 0.007789529557054094
199 0.0070326133063037255
200 0.0061786883654676725
201 0.005488838521917247
202 0.004924745047676315
203 0.004261246058459641
204 0.0037330834591049944
205 0.00340612211270118
206 0.0029797584676273586
207 0.0026228578853642955
208 0.002299492368772949
209 0.00196414932962201
210 0.0017282126518430641
211 0.0014707162303217534
212 0.001298254869749267
213 0.0011617223527120718
214 0.0010287822799023587
215 0.0008862623558193618
216 0.0007736830218296088
217 0.0007281722956700434
218 0.0006287671192527964
219 0.0005173852666722039
220 0.00045391011874499276
221 0.00041678277812504534
222 0.0003760624854398692
223 0.00032456367511750486
224 0.00027426200764580234
225 0.00026587912994393203
226 0.00023354188423987542
227 0.00024072778837033311
228 0.00021917024525820925
229 0.0002119843411277515
230 0.00017246186841023413
231 0.00015569458949325025
232 0.00016886891634500527
233 0.00014012563838167294
234 0.000135334697069536
235 0.00013772982916710602
236 0.00014252077047924292
237 0.0001233581901854398
238 0.00013293922641346748
239 0.00012695148080916712
240 0.00011856758743180134
241 0.00011976506884096173
242 0.0001485088546420418
243 0.00015928771083772834
244 0.0001437180826091541
245 0.00015210197598651985
246 0.0001449157332975637
247 0.00014970650533045136
248 0.00018803132735955913
249 0.00017246169913098485
250 0.0001928220993924469
251 0.00021318199181616113
252 0.00020839138906252267
253 0.00023713500558435354
254 0.0002323445721099643
255 0.0002742623462043008
256 0.0003485168581649464
257 0.0003461217260673764
258 0.0003916321136684434
259 0.0004143876460274753
260 0.0004910376286441894
261 0.00047067705910347815
262 0.000602419481224782
263 0.000602418973387034
264 0.0007054169325902607
265 0.0006742780146916108
266 0.00079883385556546
267 0.0008659024633956477
268 0.00092099439506249
269 0.001087468010030676
270 0.0011892679799869945
271 0.0012886733256834916
272 0.0014575424113077457
273 0.0014647286539967025
274 0.001755758786955735
275 0.001906661927299099
276 0.0019521733305756623
277 0.0021138570199072068
278 0.0023174574676575912
279 0.0024384190022322164
280 0.002632440614384816
281 0.002735438404308792
282 0.002922272250259191
283 0.0030695817614203318
284 0.0032647984850726008
285 0.0034731905512521196
286 0.003440855506178304
287 0.0036324779235313498
288 0.0037630235413604906
289 0.0038540449936796217
290 0.00396782299403328
291 0.00393548388625748
292 0.003953450508655367
293 0.0039043461533135753
294 0.0039211125858343125
295 0.003899555550559937
296 0.0039019506826575077
297 0.0036384658384148987
298 0.00368038665953572
299 0.003521097763743248
300 0.003450435696010084
301 0.0032276730065243934
302 0.0029653869979249406
303 0.0028587964252149833
304 0.0027126820255535143
305 0.0025569864203847706
306 0.0022683524351988045
307 0.0021473909006241767
308 0.0020048702994241835
309 0.001743780756558394
310 0.0015282048175994081
311 0.0013904734649190598
312 0.0012719070624420037
313 0.0011461542479967411
314 0.000947343218045249
315 0.0008335658948085885
316 0.0007185905823250188
317 0.0005904424665029381
318 0.0005521176444738305
319 0.0004634909856937712
320 0.0003664819570495892
321 0.00031019169757734016
322 0.00023114675214230541
323 0.00023354205351912465
324 0.00018204290463826183
325 0.00017006639775416567
326 0.00012695097297141944
327 0.00010898621264527517
328 9.94053456964967e-05
329 7.185904130457698e-05
330 5.030132891320388e-05
331 3.952247271751733e-05
332 3.5929520652288475e-05
333 3.3534219275469236e-05
334 2.9941267210240388e-05
335 2.2755363079782695e-05
336 1.7964760326144234e-05
337 1.3174157572505772e-05
338 1.3174157572505772e-05
339 1.1976506884096156e-05
340 5.988253442048078e-06
341 7.185904130457693e-06
342 9.581205507276925e-06
343 2.3953013768192313e-06
344 5.988253442048078e-06
345 1.1976506884096156e-06
346 8.383554818867309e-06
347 1.1976506884096156e-06
348 2.3953013768192313e-06
349 0.0
350 1.1976506884096156e-06
351 1.1976506884096156e-06
352 2.3953013768192313e-06
353 0.0
354 0.0
355 1.1976506884096156e-06
356 1.1976506884096156e-06
357 2.3953013768192313e-06
358 1.1976506884096156e-06
