0 4.790772032887708e-06
1 4.790602753638463e-06
2 7.186073409706938e-06
3 1.3174157572505772e-05
4 9.581205507276925e-06
5 1.077885619568654e-05
6 1.0779025474935785e-05
7 1.1976676163345402e-05
8 1.19766761633454e-05
9 9.581205507276925e-06
10 1.9162918852301582e-05
11 3.233673786630886e-05
12 3.5930197769285455e-05
13 3.1139256457148494e-05
14 4.5511741835060894e-05
15 5.1499318160111995e-05
16 7.305703055148509e-05
17 8.263840533801127e-05
18 9.581357858601256e-05
19 0.00013294007280971365
20 0.00015210349949976306
21 0.0001676719427735926
22 0.00019521960139950626
23 0.0002419271318512351
24 0.000249114559494936
25 0.0002934281428038395
26 0.0003377400333202506
27 0.00037965882309008275
28 0.000423972914236734
29 0.0004551111550183872
30 0.0005473324586561676
31 0.000570088329573698
32 0.0006371567681246363
33 0.0006814691664787954
34 0.0007940505318195391
35 0.0008407584008297662
36 0.0008647122609942048
37 0.0009832813719392488
38 0.0009533397661705104
39 0.0011258007881844979
40 0.0011365789672631876
41 0.0011545467746158179
42 0.001282696752509641
43 0.001178497079916022
44 0.001321023098051993
45 0.0012611376858842744
46 0.0012491630410719195
47 0.001283891864009312
48 0.0013653349885684029
49 0.0013102447496940533
50 0.001281498763262733
51 0.001394077758693987
52 0.00137611384476409
53 0.0013617413593861776
54 0.0012946734286729859
55 0.0013737205747382613
56 0.0013557566608083636
57 0.0014216279565086398
58 0.0014132430474557787
59 0.0014671366513172147
60 0.0015210326250881397
61 0.0016803201666466185
62 0.0016372082967281065
63 0.0016527750472094438
64 0.0017557768998354031
65 0.0018587741819216332
66 0.0019677607331254066
67 0.002080343283420895
68 0.0023210736109799675
69 0.0024073037834284614
70 0.0025869568036258794
71 0.0026827681815816515
72 0.002698338825485722
73 0.0028384637867503986
74 0.002845651383673347
75 0.0030624264968339876
76 0.003061232401009812
77 0.0030959610546679537
78 0.0030372780330076266
79 0.003275609335046395
80 0.0030947659431682832
81 0.0031342889237235493
82 0.0031330861946576617
83 0.0032552511354151724
84 0.003151049770029061
85 0.003212133510002187
86 0.003068414242438288
87 0.002945057237207592
88 0.002954637427039373
89 0.002946250655914771
90 0.002761813804133685
91 0.0027977412934349806
92 0.002735460241331946
93 0.002730673870559539
94 0.0025486294424080336
95 0.0025570089345249196
96 0.0023701752578537704
97 0.002360593205950248
98 0.0022959207458931245
99 0.0021222593647227395
100 0.0021078897570920643
101 0.002094713906727066
102 0.0019390142388563385
103 0.0018527847435248401
104 0.001754580264822489
105 0.0015557668649615083
106 0.0016587636392099896
107 0.001493484627903727
108 0.0013318038163194206
109 0.0012886861909064341
110 0.0012467696017668425
111 0.001165327831441745
112 0.0011497556640244326
113 0.0010275959709236482
114 0.0009473521898454591
115 0.0008754931485408822
116 0.0008623156053833917
117 0.0008790862698853608
118 0.0007389579230356999
119 0.0007209923163133096
120 0.0007401555737241097
121 0.0006635059296658939
122 0.0007114109415267833
123 0.0007341666431650641
124 0.0007665037195898715
125 0.0007629097518491475
126 0.0007844698341500101
127 0.0007724924808696675
128 0.0008850729998141651
129 0.0010204065119289564
130 0.0010731050042907216
131 0.0011916737766772669
132 0.0011749086983905237
133 0.0014180321266961742
134 0.0015485789294800588
135 0.0016743334367178145
136 0.0017785336171491789
137 0.0020204583790909246
138 0.0022108889012500362
139 0.002374967214841402
140 0.002595336634301264
141 0.002715100179628983
142 0.00308518169063452
143 0.003224109170490036
144 0.003582208249837754
145 0.003909172473988804
146 0.004103193747582904
147 0.004533156438774929
148 0.004681662077111236
149 0.005078096812360013
150 0.005260137008530289
151 0.005648182264186474
152 0.005827832237357407
153 0.006135630495629666
154 0.006479359120950464
155 0.0068578285880353486
156 0.007179996623217538
157 0.00733090281058739
158 0.0077249273478854135
159 0.007881818233833073
160 0.008404000874428889
161 0.008523771360205828
162 0.008790848140838166
163 0.009139377356388303
164 0.009459146196770947
165 0.009558544771297469
166 0.009708259232752633
167 0.00999449977863353
168 0.010353811235964336
169 0.010407697560818054
170 0.010483155986799336
171 0.010892755738541158
172 0.011128686322267128
173 0.011169416094590262
174 0.011240064281424992
175 0.011258030903822876
176 0.011395778845869651
177 0.01146163169013176
178 0.011508348869500697
179 0.011544279913666227
180 0.011631712984459856
181 0.011601768500943885
182 0.01157901246074711
183 0.011544289054745692
184 0.011317922748602065
185 0.011292779193873934
186 0.010972993425566374
187 0.011147851272470428
188 0.011139468394768554
189 0.010798133039473586
190 0.010637653433441922
191 0.01017295819516902
192 0.009982531058594896
193 0.010035227181047168
194 0.009905872104177971
195 0.009566942037735521
196 0.009301057490855622
197 0.008657907898749203
198 0.008726174495826298
199 0.008305795041492543
200 0.008297411994511424
201 0.007875836074444004
202 0.007741697673828883
203 0.0073273032566314395
204 0.0070458512821531954
205 0.006830276697428206
206 0.006435045029803813
207 0.0061488112550928935
208 0.005795501424264816
209 0.005496073517029979
210 0.00526492388714044
211 0.004930774266696682
212 0.004651723010531235
213 0.004399019053835306
214 0.004075650151658972
215 0.0037151530624664497
216 0.003449273932522514
217 0.0031929719453838773
218 0.003091168420563327
219 0.0027474440272237596
220 0.002554615325940593
221 0.002330652954415501
222 0.00209231572760301
223 0.002034826971046105
224 0.0017162495180196584
225 0.0015330099783684818
226 0.0014120470895598622
227 0.001355752428827132
228 0.0012216177523554955
229 0.0010862783154669804
230 0.0010347795051446167
231 0.0009126179499720912
232 0.0008695045565403356
233 0.000814412286314995
234 0.00075333091625136
235 0.0007281795746777607
236 0.000744946176477748
237 0.0007126113006831809
238 0.0006539232006453743
239 0.0006922488690707278
240 0.000741352547295522
241 0.0007233874484108793
242 0.000737762134419032
243 0.0007736908086750742
244 0.0008503433304805269
245 0.0008359676287968786
246 0.0009245941182976889
247 0.0009557343904303327
248 0.0010419660863920709
249 0.0010551407518023246
250 0.0011749068363187815
251 0.001280301281853573
252 0.0012814958855154955
253 0.0012982670578552122
254 0.0014228230680083107
255 0.0014898906601630035
256 0.001614449717342589
257 0.0016731322311651713
258 0.0018396085546013425
259 0.0018360186495626006
260 0.0019857226157043127
261 0.0019605777067421863
262 0.0019953072067965746
263 0.0020599794975744478
264 0.0021857314656234645
265 0.0023102928927125387
266 0.0023114864806989665
267 0.0023222687224796383
268 0.002517485953969655
269 0.0025773723818128683
270 0.002511499393320099
271 0.002705524391057683
272 0.002628871022855982
273 0.0027234915212933147
274 0.0028384631096333994
275 0.002832472147723365
276 0.0029199062341924934
277 0.0029199058956339945
278 0.0028755902809741007
279 0.0029534365600452296
280 0.0029139164572372016
281 0.0028851735178323677
282 0.002771394163244715
283 0.0028684067467531315
284 0.0027151023802592243
285 0.0027007307412775564
286 0.0025486277496155427
287 0.0024839557973961664
288 0.002394126070991722
289 0.002245617724187429
290 0.002180942555662318
291 0.0021019001494160224
292 0.0020036917772909397
293 0.0017797253430638655
294 0.0018144594136579846
295 0.0016863118056736515
296 0.0015449856388563322
297 0.0015593601555852355
298 0.001559357785675746
299 0.001470730788337188
300 0.0014395903469252942
301 0.0014336049712304834
302 0.0013725254632385897
303 0.0013749183947059204
304 0.0013222229493706414
305 0.0013593477508018507
306 0.00141564241153458
307 0.0013006645598622715
308 0.0013341967477867504
309 0.0013485678789306678
310 0.0013521640473016328
311 0.001376116383952828
312 0.001291080984445505
313 0.001267131694820797
314 0.001306653828979815
315 0.0012084429176659926
316 0.0011270014858993942
317 0.0011365848920369115
318 0.0011042481541706027
319 0.0010539464866989
320 0.0009916683123431013
321 0.0009174131232654589
322 0.0008970528922832463
323 0.0008479470134282115
324 0.0007617163331419685
325 0.0007126124856379252
326 0.000645540492222753
327 0.0006108096379343697
328 0.0006000316281349296
329 0.0005042180495489174
330 0.0003736719238820287
331 0.0004036135296507676
332 0.0003269618542415612
333 0.0003113929031299839
334 0.0002790559959844257
335 0.0002299516406426344
336 0.00020959140966042165
337 0.00017725416395636507
338 0.00012096441232186372
339 0.00013533605130352993
340 0.00011257984182750094
341 8.743036232564371e-05
342 8.144126248734944e-05
343 5.9883042258228555e-05
344 4.311610189974316e-05
345 4.4313244750405057e-05
346 2.9941436489489633e-05
347 4.431409114665125e-05
348 2.3953521605940046e-05
349 2.7546642950418133e-05
350 1.9162580293803095e-05
351 1.4371977540164631e-05
352 1.6767109637734618e-05
353 1.4372146819413876e-05
354 7.185904130457693e-06
355 7.185904130457693e-06
356 7.186073409706938e-06
357 4.790602753638463e-06
358 7.186411968205431e-06
