0 2.3953013768192313e-06
1 0.0
2 0.0
3 0.0
4 2.3953013768192313e-06
5 1.1976506884096156e-06
6 1.1976506884096156e-06
7 0.0
8 0.0
9 2.3953013768192313e-06
10 2.3953013768192313e-06
11 1.1976506884096156e-06
12 1.1976506884096156e-06
13 1.1976506884096156e-06
14 1.1976506884096156e-06
15 8.383554818867309e-06
16 3.592952065228847e-06
17 3.592952065228847e-06
18 9.581205507276925e-06
19 3.592952065228847e-06
20 1.1976506884096156e-05
21 1.5569458949325002e-05
22 2.395301376819231e-05
23 2.155771239137308e-05
24 1.7964760326144234e-05
25 3.473186996387886e-05
26 4.551072615956541e-05
27 3.7127340619947326e-05
28 7.305669199298663e-05
29 7.066139061616736e-05
30 9.102145231913089e-05
31 0.00010539359913854479
32 0.00017006707487116264
33 0.00016886874706575604
34 0.0002083915583417719
35 0.000298215190693244
36 0.00028384355171157783
37 0.000374865173309958
38 0.0005006184955929678
39 0.0006275692992851375
40 0.0007078125725255786
41 0.000839553978971387
42 0.000964109989124485
43 0.0011880715142533298
44 0.0012731038667341662
45 0.0013521493200069489
46 0.001649166690732534
47 0.001905463599493693
48 0.002019242446243598
49 0.0023581784374597644
50 0.0025557894468133577
51 0.0028025061657427335
52 0.003065989317192851
53 0.0033558209530672265
54 0.0034240868730273264
55 0.00376302337208124
56 0.003936681536945889
57 0.004166631484796029
58 0.004364243848383618
59 0.004570243321654306
60 0.004663657874720018
61 0.004881630977127562
62 0.0050181634941647586
63 0.004930734316793859
64 0.004903188181681191
65 0.004880432987880653
66 0.004916364370604686
67 0.004815759173589538
68 0.004759470268351285
69 0.004631322152529203
70 0.004615751847183632
71 0.004460057596248882
72 0.004318734307178797
73 0.00414387392108601
74 0.004060039896410578
75 0.0038708114262003593
76 0.003735476390572323
77 0.003449239060997171
78 0.0032121018547825774
79 0.0029845502553357394
80 0.0027797501255459535
81 0.0026168699704807456
82 0.0024563852860716054
83 0.002250388182710407
84 0.0020911003025934293
85 0.0019318130995934497
86 0.0017318045882327969
87 0.0015485643714646248
88 0.001453949967080265
89 0.001355743118468424
90 0.0011940587520198821
91 0.001098247204784861
92 0.0010431562887935136
93 0.0009138091680490296
94 0.0008359611961854074
95 0.0006898481507579327
96 0.0007233820314749034
97 0.000625174505746066
98 0.0005030139662490364
99 0.0005018163155606268
100 0.00046708376847975084
101 0.00038684168019405415
102 0.0003425282661643998
103 0.00031258750679190707
104 0.0003377380019692599
105 0.0003030059627261316
106 0.0002562977551574058
107 0.0002562977551574059
108 0.00023114675214230547
109 0.00019641505145767576
110 0.00022156554663502849
111 0.0001712642177218245
112 0.00019162427942478793
113 0.00017006673631266413
114 0.00015569458949325022
115 0.00012814862365982907
116 0.0001425206011999937
117 0.00014731103467438293
118 0.0001305440943158975
119 0.00011018403261293404
120 0.00011737010602264097
121 0.00011018454045068171
122 0.00011018386333368477
123 0.00010419577917088592
124 0.00012455601015309866
125 9.581205507276931e-05
126 0.00014012597694017142
127 0.00012335819018543983
128 0.00014371825188840326
129 0.00013413687710187703
130 0.00013892764913476483
131 0.00016527596427977638
132 0.0001640783135913668
133 0.00018084542322910146
134 0.00019042645945712916
135 0.00024432090971481115
136 0.00027066922485982273
137 0.0002622858393202047
138 0.00028384355171157783
139 0.00035690058226306296
140 0.0003868421880318019
141 0.0004203757301902742
142 0.0004946300728716703
143 0.0005628959928317692
144 0.0006790691252829969
145 0.0006958358963622333
146 0.0007880548300905242
147 0.0009162037923088515
148 0.0011018393104538428
149 0.001219209416476484
150 0.0014479612058004691
151 0.001631202776802636
152 0.0018479775514047764
153 0.0022647620223223137
154 0.0025066867842640575
155 0.0029282589801879967
156 0.003353424466735663
157 0.003931891272750751
158 0.00432711904695241
159 0.005124752204802972
160 0.005809810599203513
161 0.006312826596803543
162 0.007114053383836335
163 0.008015884013650275
164 0.008762022931718202
165 0.009895000313674445
166 0.01092857421200594
167 0.011966939220928823
168 0.013103514125490033
169 0.01423888494675134
170 0.015272460537875336
171 0.016221003437959985
172 0.017429431289772784
173 0.018422285064698358
174 0.019132493107880007
175 0.01977922397178346
176 0.02055530246426912
177 0.020588839730571077
178 0.021097840257469677
179 0.021671515275776387
180 0.02134455342153482
181 0.021108616066638882
182 0.020960108058393084
183 0.02050260769605086
184 0.0197612619199253
185 0.01885343745045408
186 0.01785579645835986
187 0.01720906593301491
188 0.016078481313246754
189 0.015226949980995018
190 0.01416702488977128
191 0.013042433601822629
192 0.01168669132975045
193 0.010872286661001679
194 0.009770446334872344
195 0.00886621684881735
196 0.00801708352641042
197 0.007351188220141433
198 0.006306836989127496
199 0.005531954962375485
200 0.004928341893164276
201 0.004292384468520544
202 0.0038827899644354453
203 0.0033222865645125077
204 0.0029629894959178815
205 0.002582137931237618
206 0.0021964942402904735
207 0.0019210345819562615
208 0.0016695269217147468
209 0.001479099615861371
210 0.0012551394449665204
211 0.0010467472095077519
212 0.0009257849978161281
213 0.0008766813195913341
214 0.0007341605491120921
215 0.0005988258520425561
216 0.0005724773676182955
217 0.0004778629632339359
218 0.00043714250126951045
219 0.0003868416801940542
220 0.00037127239052397846
221 0.0002634834900086143
222 0.00024671621109163046
223 0.0002443212482733096
224 0.00023713551342210122
225 0.00019521757004851533
226 0.00018443820601508106
227 0.00016527613355902566
228 0.0001652757950005272
229 0.00014850868536279256
230 0.00013653217847869637
231 0.00011377681539891368
232 0.0001341372156603756
233 0.00011377681539891366
234 0.00011736976746414243
235 0.00012335819018543983
236 0.00012814879293907824
237 0.00011138168330134363
238 0.00013413687710187714
239 0.00011377749251591062
240 0.00011736976746414247
241 0.00011497463536657247
242 0.00010898655120377363
243 0.00013653251703719485
244 0.0001293464436274879
245 0.00014731103467438293
246 0.00017006656703341493
247 0.0001580898908700695
248 0.0001736593498193945
249 0.0001760546511962137
250 0.00018443837529433035
251 0.0002598907072226346
252 0.0002682737542037542
253 0.00023833299483126154
254 0.000326958976494324
255 0.00030180797347922363
256 0.0003461212182296287
257 0.00037606265471911836
258 0.0004754676618571166
259 0.0004790602753638471
260 0.0005018158077228791
261 0.0005760701504042749
262 0.000606011925452263
263 0.0006323604098765238
264 0.0006982308591805541
265 0.0008156009652031945
266 0.0009305752620112682
267 0.0010096208845632997
268 0.0011245956892091213
269 0.0013114285194840247
270 0.0013749048523659805
271 0.0014479610365212205
272 0.0016611426897788807
273 0.0017246186841023406
274 0.0019078595779875097
275 0.002049183374895339
276 0.002355781274011203
277 0.0024887208389831697
278 0.002679146959881799
279 0.002948618364773963
280 0.00313305724790604
281 0.003327078182941642
282 0.0034204947673583436
283 0.0035570254223237954
284 0.003930694299179338
285 0.0040444707760197525
286 0.004371429583234828
287 0.004470834251814329
288 0.004516345655090891
289 0.004610960398033747
290 0.004767853823170152
291 0.004748690227200851
292 0.004916362339253694
293 0.005021755091995993
294 0.0049127693871884644
295 0.004976243350160929
296 0.004985825063505957
297 0.004778630817294097
298 0.004923544688519918
299 0.004495987116901169
300 0.004614553519378226
301 0.0043534651614671824
302 0.004210945914501182
303 0.004009738736776625
304 0.0037594304200160122
305 0.00356421200357125
306 0.0032360538528752743
307 0.003095929568727595
308 0.0028719700749497415
309 0.0025713602599966756
310 0.0023342228845028325
311 0.002122238712654333
312 0.0018755233479589484
313 0.0016994686967627343
314 0.0014539506441972627
315 0.0012886734949627404
316 0.0010778864659649005
317 0.0009509360008312288
318 0.0008251831863859668
319 0.0006874521722641167
320 0.000572477706176794
321 0.0004982230249368994
322 0.00036049336504904257
323 0.0003281569657412321
324 0.00028743667305605584
325 0.00024072795764958232
326 0.00019521706221076762
327 0.00016407814431211755
328 0.00013054392503664825
329 9.940534569649673e-05
330 6.946390920700701e-05
331 5.988253442048084e-05
332 6.467347573261779e-05
333 3.9522811276015814e-05
334 2.6348315145011543e-05
335 2.395301376819231e-05
336 2.2755363079782695e-05
337 1.9162580293803095e-05
338 8.383554818867309e-06
339 1.6767109637734618e-05
340 9.581205507276925e-06
341 7.185904130457693e-06
342 4.790602753638463e-06
343 5.988253442048078e-06
344 7.185904130457693e-06
345 2.3953013768192313e-06
346 3.592952065228847e-06
347 3.592952065228847e-06
348 4.790602753638463e-06
349 2.3953013768192313e-06
350 2.3953013768192313e-06
351 1.1976506884096156e-06
352 1.1976506884096156e-06
353 1.1976506884096156e-06
354 1.1976506884096156e-06
355 2.3953013768192313e-06
356 1.1976506884096156e-06
357 2.3953013768192313e-06
358 0.0
