0 1.1976506884096156e-06
1 1.1976506884096156e-06
2 0.0
3 2.3953013768192313e-06
4 0.0
5 1.1976506884096156e-06
6 1.1976506884096156e-06
7 1.1976506884096156e-06
8 0.0
9 1.1976506884096156e-06
10 2.3953013768192313e-06
11 1.1976506884096156e-06
12 2.3953013768192313e-06
13 2.3953013768192313e-06
14 4.790602753638463e-06
15 1.1976506884096156e-06
16 2.3953013768192313e-06
17 1.1976506884096156e-06
18 2.3953013768192313e-06
19 2.3953013768192313e-06
20 5.988253442048078e-06
21 8.383554818867309e-06
22 1.3174326851755015e-05
23 1.3174157572505772e-05
24 9.581205507276925e-06
25 1.3174157572505772e-05
26 1.5569458949325002e-05
27 2.5150664456601927e-05
28 2.5150664456601927e-05
29 4.431324475040504e-05
30 5.149897960161351e-05
31 6.467313717411931e-05
32 8.383571746792243e-05
33 0.00010898638192452441
34 0.00011497446608732322
35 0.00014132345834933183
36 0.0001796481110991903
37 0.00019521740076926613
38 0.00023833282555201234
39 0.0003233663629875936
40 0.00035809823295147246
41 0.00042516633294391266
42 0.0004886419887088714
43 0.0006120001788943111
44 0.0007138008259676264
45 0.0008060204368129144
46 0.0008742865260522629
47 0.0010180046086614165
48 0.0011138171715719331
49 0.0013497545264678779
50 0.001485088546420416
51 0.0015665291317907679
52 0.0018168388027853754
53 0.0019809171163767416
54 0.002146192403539521
55 0.002259969557496934
56 0.0023246430332295506
57 0.0025581849174694253
58 0.0027090882270920415
59 0.0028623883616047175
60 0.002991736159466198
61 0.0030600008944715535
62 0.003103115472858053
63 0.003137848697055927
64 0.003221685091640845
65 0.003105511789910368
66 0.0032947421221923307
67 0.0032971355614974064
68 0.0033151009989405493
69 0.003135452210724362
70 0.00318695220600147
71 0.003207312098425185
72 0.002881549587664526
73 0.002906701437075872
74 0.0028587945631432412
75 0.002747413726238145
76 0.0026252533560203644
77 0.0024192570990554103
78 0.0023988968680731977
79 0.0023976993866640386
80 0.0021581702646576106
81 0.0019569634254915534
82 0.0017641408182613586
83 0.0016144354978856513
84 0.0015425762873018255
85 0.0014311934190457368
86 0.0012790921201762146
87 0.0012287902834252633
88 0.0010539332829174587
89 0.000996446219153046
90 0.0009629130155530732
91 0.0008227867000544031
92 0.0008132061716641229
93 0.0007197885715719266
94 0.0006491276887935077
95 0.0005976283706333958
96 0.0005724773676182956
97 0.0005102000396587433
98 0.0004587005522193819
99 0.00040241096986412994
100 0.00038444637881723484
101 0.00033893565265766945
102 0.000342528435443649
103 0.0002994130106609029
104 0.00029222778364744207
105 0.00027665747830187085
106 0.00024192543905874272
107 0.00023474021204528196
108 0.00022515866797950652
109 0.00021198417184850225
110 0.00020719407693261152
111 0.0001916242794247879
112 0.00015689291729865685
113 0.00017246186841023416
114 0.00016767160421509412
115 0.00016048536152613797
116 0.00012934644362748793
117 0.0001305440943158975
118 0.0001389276491347648
119 0.00013413704638112636
120 0.00012814862365982901
121 0.0001592878801169776
122 0.0001281486236598291
123 0.00016048519224688866
124 0.00015210197598651985
125 0.0001568925787401583
126 0.00015809006014931868
127 0.00017006656703341487
128 0.00019042645945712913
129 0.00017246186841023413
130 0.00019282176083394834
131 0.00020958903975093232
132 0.0002562977551574058
133 0.0002562979244366551
134 0.0003030059627261316
135 0.0003269593150528225
136 0.0003784579560959377
137 0.00041917892589811076
138 0.00047666548182477553
139 0.0005437340896549633
140 0.0005952332385358259
141 0.0006539174451508999
142 0.000809613050319645
143 0.0009066225868015745
144 0.0010072257524657302
145 0.0011713035582193482
146 0.00128508105073526
147 0.0015054482695648814
148 0.0016815032593195934
149 0.001917441629891032
150 0.0021893091825562613
151 0.0025617788852101506
152 0.0028444234319993243
153 0.003282765446028984
154 0.0037869777400834272
155 0.004122318747883376
156 0.004729528324024047
157 0.005408598295703289
158 0.0060026348992262
159 0.006906859306903719
160 0.0075667688989194005
161 0.008443449372114484
162 0.009305758037048664
163 0.010219563819512702
164 0.010998042861031926
165 0.012357375376701346
166 0.01322207934301234
167 0.014248470892077598
168 0.015387436019638148
169 0.016278491855958387
170 0.01721504843096248
171 0.018100118891587906
172 0.019230700802888107
173 0.019710961945246082
174 0.02092298088705238
175 0.021354135811996848
176 0.022126621013858778
177 0.022330225693590413
178 0.022597299257917
179 0.022960187077946632
180 0.022612870240379574
181 0.02268113531394343
182 0.022505083709773707
183 0.022061949569477154
184 0.021568514608105157
185 0.02075890443553276
186 0.019903782859683784
187 0.018830683780166786
188 0.018137244031577612
189 0.017188705194194947
190 0.016314417652467193
191 0.015167069647204781
192 0.01424008361311526
193 0.013090341322151512
194 0.012022028444127678
195 0.011047141122320747
196 0.010224355945779588
197 0.00922072162186584
198 0.008096129487520956
199 0.007626648217034146
200 0.006691281336593745
201 0.0062349771014266735
202 0.005342727000003015
203 0.004846898937884433
204 0.004278012660259629
205 0.003752243500210061
206 0.003316297464674213
207 0.00291987542536913
208 0.002527046338129274
209 0.0022216445661885757
210 0.0018934879390058435
211 0.001771326553112567
212 0.0014467645707875547
213 0.001280290109423122
214 0.0011713035582193488
215 0.0010623176841325721
216 0.0008659024633956482
217 0.0008120085209757139
218 0.0007030221390511888
219 0.0006323599020387759
220 0.0005317579213293656
221 0.0004706772283827274
222 0.00040600375265010955
223 0.0003988178485196518
224 0.0003557027622954041
225 0.0002874363344975574
226 0.0002838435517115779
227 0.00023234457210996424
228 0.0002275539693563258
229 0.00021318199181616116
230 0.00018084559250835069
231 0.00017725264044312182
232 0.00015689224018165985
233 0.00015210180670727065
234 0.00017126438700107376
235 0.00014132278123233483
236 0.00013772999844635517
237 0.00016048586936388568
238 0.00013174174500430713
239 0.00012096271952937134
240 0.0001640783135913668
241 0.00014012513054392523
242 0.00014731137323288138
243 0.0001437182518884033
244 0.00013413721566037556
245 0.00017845046041078068
246 0.00018324055532667143
247 0.00016288049362370795
248 0.00019521773932776462
249 0.0001856361952619892
250 0.00021078685971859113
251 0.00021797276384904882
252 0.00026947174345066244
253 0.00026827493915849895
254 0.00028264590102316823
255 0.0003221683737406856
256 0.0003353427005924406
257 0.0003341448806247818
258 0.0003652841370819303
259 0.0004036086205525396
260 0.0004203762380280219
261 0.0004898396393972813
262 0.0005197812451660202
263 0.0005401409683104851
264 0.0005892448158145283
265 0.0007257778406894701
266 0.0007126026674414695
267 0.0008335664026463354
268 0.0008383563282829771
269 0.000928180129913698
270 0.0010850722008161084
271 0.0011233975306829645
272 0.0012539417942781105
273 0.0013689160910861846
274 0.0014659268125228597
275 0.0016371910302446831
276 0.0017222232134462717
277 0.0019054642766106902
278 0.0018886971669729552
279 0.0020815182506899055
280 0.0021905039554974337
281 0.0024444075942327646
282 0.0024803379612813
283 0.002613277695532513
284 0.0028264593487901763
285 0.002929457815831151
286 0.0029126886748424264
287 0.0031246735238079247
288 0.003131859935776129
289 0.003179766809708761
290 0.003270787077073147
291 0.0033546224559825705
292 0.003321087559590104
293 0.0032947394137243418
294 0.0031917424701966113
295 0.0033222870723502553
296 0.003202521495671547
297 0.0031929387666510267
298 0.003111499027676922
299 0.003027664156605245
300 0.002789329638260739
301 0.002809691562035445
302 0.0025917171053939044
303 0.002401290815216024
304 0.0023677571037783026
305 0.0021617620317680953
306 0.0020120540029244004
307 0.0017749193358985466
308 0.0016491665214532845
309 0.0014874838477972351
310 0.0013473577015778145
311 0.0011689080875632804
312 0.0010203995714797365
313 0.0009401568060770439
314 0.0007976362048770504
315 0.0007413462839632996
316 0.00066709278767815
317 0.0005185827480813644
318 0.00042516633294391266
319 0.0003856436909471461
320 0.0003149824696102277
321 0.0002574950672873169
322 0.00021318199181616108
323 0.0001676712656565957
324 0.00014731120395363215
325 0.00012934644362748787
326 9.341675369595012e-05
327 7.784729474662509e-05
328 4.9103847504043514e-05
329 5.03013289132039e-05
330 5.0301498192453117e-05
331 3.473186996387885e-05
332 2.5150833735851172e-05
333 2.2755363079782695e-05
334 2.7545965833421156e-05
335 8.383724098116554e-06
336 4.790602753638463e-06
337 4.790602753638463e-06
338 5.988253442048078e-06
339 8.383554818867309e-06
340 3.592952065228847e-06
341 2.3953013768192313e-06
342 1.1976506884096156e-06
343 3.592952065228847e-06
344 1.1976506884096156e-06
345 2.3953013768192313e-06
346 2.3953013768192313e-06
347 1.1976506884096156e-06
348 1.1976506884096156e-06
349 0.0
350 0.0
351 0.0
352 0.0
353 0.0
354 0.0
355 1.1976506884096156e-06
356 0.0
357 0.0
358 0.0
