0 0.0
1 3.592952065228847e-06
2 0.0
3 0.0
4 1.1976506884096156e-06
5 0.0
6 0.0
7 0.0
8 0.0
9 2.3953013768192313e-06
10 3.592952065228847e-06
11 2.3953013768192313e-06
12 3.592952065228847e-06
13 2.3953013768192313e-06
14 2.3953013768192313e-06
15 2.3953013768192313e-06
16 3.592952065228847e-06
17 3.592952065228847e-06
18 4.790602753638463e-06
19 7.185904130457693e-06
20 1.6767109637734618e-05
21 1.077885619568654e-05
22 1.916241101455385e-05
23 1.1976506884096156e-05
24 2.0360061702963466e-05
25 3.473186996387886e-05
26 3.7127171340698085e-05
27 3.233656858705962e-05
28 5.389428097843275e-05
29 7.784729474662509e-05
30 7.425434268139625e-05
31 9.581205507276937e-05
32 0.00011617211677573283
33 0.0001245556715946002
34 0.00018204290463826183
35 0.00021198417184850227
36 0.0002407277883703331
37 0.0002886338159067178
38 0.0003748646654722103
39 0.0003796552682258487
40 0.00045510726159565454
41 0.00062397600866141
42 0.0006634984813789274
43 0.0008000306598576238
44 0.0009066215711260798
45 0.0010024336261988485
46 0.0012072318939168926
47 0.0013210087093158069
48 0.0015186210729033931
49 0.0018156384436289782
50 0.0019306129097163005
51 0.002124632321238658
52 0.0023042799245001004
53 0.0024539862605513028
54 0.002667168083088215
55 0.002903105268704909
56 0.0031174847419302276
57 0.003353421927546925
58 0.003445641030554463
59 0.003525883626677908
60 0.0039055388949037575
61 0.003822900997403494
62 0.003953444922440141
63 0.004061233484397008
64 0.004008536854106982
65 0.004204951567006163
66 0.0041366854777668115
67 0.004137883128455222
68 0.0040863841488536085
69 0.003961828477259009
70 0.003946259018309685
71 0.003919910703164672
72 0.0038169127439614432
73 0.00360852152417817
74 0.003631276887257955
75 0.003323480660336684
76 0.0032911440917496237
77 0.002903105268704907
78 0.0029581972003717492
79 0.0027965143574364528
80 0.002524647651167468
81 0.00237015071236263
82 0.002216851424246199
83 0.002020436711347022
84 0.0018348008546435319
85 0.001662339155512547
86 0.0015461670387368139
87 0.0014779009494974656
88 0.0012575332228300972
89 0.0011736976746414235
90 0.0011126174895325332
91 0.0010287819413438595
92 0.0008874591601115246
93 0.0008024259612344428
94 0.0007509269816328293
95 0.0007317645706182754
96 0.0005880464880091218
97 0.0005425357618495568
98 0.000519780398769774
99 0.0005125944946393164
100 0.00044552605608837756
101 0.0004131894875013179
102 0.0003533069530808371
103 0.0003557022544576564
104 0.0003137844803633197
105 0.0002586925486964773
106 0.0002562972473196581
107 0.0002455183911239716
108 0.00021677477460214068
109 0.00019042645945712913
110 0.00020360061702963498
111 0.00019162411014553876
112 0.00018922880876871956
113 0.00016407814431211758
114 0.0001772523018846234
115 0.00015449693880484062
116 0.00016168284293529835
117 0.00014012513054392517
118 0.0001389274798555156
119 0.00014252043192074443
120 0.00012096271952937132
121 0.00013174157572505793
122 0.0001401251305439252
123 0.00014970633605120218
124 0.00013413687710187714
125 0.00017246169913098488
126 0.0001365321784786963
127 0.00013892747985551557
128 0.00016647344568893678
129 0.0001736593498193945
130 0.0001904264594571292
131 0.00023713483630510423
132 0.00022396067873259846
133 0.0002335418842398754
134 0.00026468080213852546
135 0.00029581972003717545
136 0.0003305515900010543
137 0.00040720123405927
138 0.00044911900815360664
139 0.00042516599438541415
140 0.0005101991932624971
141 0.0005928370907627603
142 0.0006706843855093851
143 0.0007688917419589737
144 0.0008970403656188023
145 0.0010263866399670403
146 0.001132977551235496
147 0.001328194613446264
148 0.0015341905318527187
149 0.001776115970911462
150 0.0019437870672888067
151 0.00227553630797827
152 0.0026024949459140935
153 0.00307796226921271
154 0.003330666564467141
155 0.003912724799034212
156 0.004267229402803461
157 0.004882821856646004
158 0.005516379070814691
159 0.0062313765317952305
160 0.007006256527196251
161 0.007772752967778409
162 0.008516494045280777
163 0.009444673328798232
164 0.010443514002931845
165 0.011259114121738798
166 0.012176514549060562
167 0.013201703538339188
168 0.014102336856023225
169 0.015023330235410217
170 0.016203016163493695
171 0.016924001877916272
172 0.017921644901361493
173 0.018921683226183518
174 0.019785189372526848
175 0.020201971812093402
176 0.020355271100209828
177 0.020975654156806016
178 0.021582863055829692
179 0.02136728593191596
180 0.02154573588448897
181 0.021469086240430767
182 0.021027153136407625
183 0.020831936074196856
184 0.019921721551005554
185 0.019527694474518794
186 0.01857675982792155
187 0.017953981469948546
188 0.016997058569909265
189 0.016197027910051644
190 0.015331126462331486
191 0.01411072041084209
192 0.013218470647976936
193 0.012024412911632545
194 0.010976468559274125
195 0.01041357273572161
196 0.009333291814776138
197 0.008274568606222037
198 0.007657778501691081
199 0.006958350499659864
200 0.006073286640925158
201 0.005434938824002837
202 0.004836113479798028
203 0.004406156882658976
204 0.003797750332946891
205 0.003419292715409452
206 0.0028983146659512693
207 0.0025414147608052036
208 0.0022324208831955234
209 0.0020695403895718174
210 0.0017677324160925933
211 0.0015509576414904518
212 0.001366519435475372
213 0.0011796859280834718
214 0.000979678263119066
215 0.0008527272901476465
216 0.0007425434268139619
217 0.0006742773375746142
218 0.0005820582345670737
219 0.0005449310632263759
220 0.00041199183681290836
221 0.0003952247271751738
222 0.00033773749413151203
223 0.0003533069530808371
224 0.00029462206934876585
225 0.0002622855007617062
226 0.0002766573090226216
227 0.00022994893217464648
228 0.0002131818225369119
229 0.0001952170622107676
230 0.00019042645945712916
231 0.00018204290463826186
232 0.00015210163742802136
233 0.0001329392264134675
234 0.0001449157332975637
235 0.0001329392264134675
236 0.00015689224018165988
237 0.00011856741815255209
238 0.0001269509729714194
239 0.000137729829167106
240 0.00012216037021778092
241 0.0001568922401816599
242 0.00011736976746414246
243 0.0001580898908700695
244 0.00018683350739190035
245 0.00015928754155847906
246 0.0001461133839859733
247 0.0001664734456889368
248 0.0001748570005078041
249 0.0002227630280441889
250 0.00020000766496440611
251 0.00021917007597896
252 0.00024911134318920036
253 0.0002539019459428389
254 0.00028983146659512744
255 0.00029462206934876585
256 0.000337737494131512
257 0.00038923647373312564
258 0.00041199183681290836
259 0.000428758946450643
260 0.0004167824395665468
261 0.0004994203370668105
262 0.000600022994893218
263 0.000633557214168687
264 0.0006718820361977946
265 0.0007629034885169254
266 0.0008706920504737909
267 0.0009677017562349696
268 0.0010215960372134025
269 0.0011162104415977623
270 0.0012036389418516639
271 0.0012886721407287462
272 0.0014874821550047432
273 0.001570120052505007
274 0.001686292169280739
275 0.0018779162794262786
276 0.0020515756292456733
277 0.0022887104655507757
278 0.0022659551024709935
279 0.0025318335552979286
280 0.0025869254869647696
281 0.0028048979122553197
282 0.0029270582824730993
283 0.003212099146314588
284 0.0033510266261701054
285 0.0035366624828735965
286 0.003674392312040702
287 0.003669601709287062
288 0.003669601709287062
289 0.00388517883320079
290 0.004163033792911823
291 0.004068419388527464
292 0.00402051336099108
293 0.004042071073382454
294 0.004152254936716138
295 0.003945061367621273
296 0.00395344492244014
297 0.004000153299288116
298 0.0037761926205555183
299 0.003631276887257955
300 0.0035594178459533794
301 0.0034528269346849223
302 0.0032743769821118878
303 0.0031486236598288796
304 0.0029534065976181117
305 0.002756991884718935
306 0.002453986260551302
307 0.0021940960611664174
308 0.0021270276226154775
309 0.001861149169788543
310 0.0016623391555125472
311 0.001602456621092066
312 0.001311427503808529
313 0.0012192084008009888
314 0.0010419560989163657
315 0.0008575178929012847
316 0.000825181324314225
317 0.0006263713100382298
318 0.0005593028714872911
319 0.00046708376847975073
320 0.00043115424782746227
321 0.0003628881585881141
322 0.0002970173707255851
323 0.00022276302804418886
324 0.00019042645945712916
325 0.0001976123635875869
326 0.00013054392503664822
327 9.461440438435974e-05
328 9.461440438435978e-05
329 6.706843855093854e-05
330 6.347548648570969e-05
331 5.2696630290023134e-05
332 3.3534219275469236e-05
333 3.8324822029107714e-05
334 2.6348315145011543e-05
335 2.0360061702963466e-05
336 1.7964760326144234e-05
337 8.383554818867309e-06
338 5.988253442048078e-06
339 9.581205507276925e-06
340 7.185904130457693e-06
341 7.185904130457693e-06
342 5.988253442048078e-06
343 8.383554818867309e-06
344 4.790602753638463e-06
345 3.592952065228847e-06
346 1.1976506884096156e-06
347 0.0
348 1.1976506884096156e-06
349 1.1976506884096156e-06
350 1.1976506884096156e-06
351 2.3953013768192313e-06
352 0.0
353 0.0
354 1.1976506884096156e-06
355 0.0
356 0.0
357 0.0
358 1.1976506884096156e-06
