0 0.058122193026550674
1 0.05709362155660609
2 0.05498295437253642
3 0.05218889852146401
4 0.04805272239730991
5 0.04363463509079962
6 0.038948878403779176
7 0.03390508567181885
8 0.029120365534459295
9 0.02432688352002144
10 0.020209916960959515
11 0.016405513031048962
12 0.01315749167601015
13 0.010402902782851525
14 0.0077338179613236895
15 0.005818452853626277
16 0.0044975559775750585
17 0.003243711785816635
18 0.002234820324441887
19 0.0016010481330128246
20 0.0010735480281516708
21 0.0007516417977693873
22 0.0005031742094573336
23 0.0003142119327297791
24 0.00022563109439057314
25 0.00014076312846178577
26 9.249717742130503e-05
27 5.0665711390598e-05
28 3.4225441457112624e-05
29 2.7895551521195402e-05
30 1.1434685407959643e-05
31 6.3282883882230744e-06
32 5.055936531054338e-06
33 0.0
34 0.0
35 1.262224645693542e-06
36 0.0
37 0.0
38 0.0
39 0.0
40 0.0
41 0.0
42 0.0
43 0.0
44 1.2644846719168072e-06
45 0.0
46 0.0
47 0.0
48 0.0
49 0.0
50 0.0
51 0.0
52 0.0
53 0.0
54 0.0
55 0.0
56 0.0
57 0.0
58 0.0
59 0.0
60 0.0
61 0.0
62 0.0
63 0.0
64 0.0
65 0.0
66 0.0
67 0.0
68 0.0
69 0.0
70 0.0
71 0.0
72 0.0
73 0.0
74 0.0
75 0.0
76 0.0
77 0.0
78 0.0
79 0.0
80 0.0
81 0.0
82 0.0
83 0.0
84 0.0
85 0.0
86 0.0
87 0.0
88 0.0
89 0.0
90 0.0
91 0.0
92 0.0
93 0.0
94 0.0
95 0.0
96 0.0
97 0.0
98 0.0
99 0.0
100 0.0
101 0.0
102 0.0
103 0.0
104 0.0
105 0.0
106 0.0
107 0.0
108 0.0
109 0.0
110 0.0
111 0.0
112 0.0
113 0.0
114 0.0
115 0.0
116 0.0
117 0.0
118 0.0
119 0.0
120 0.0
121 0.0
122 0.0
123 0.0
124 0.0
125 0.0
126 0.0
127 0.0
128 0.0
129 0.0
130 0.0
131 0.0
132 0.0
133 0.0
134 0.0
135 0.0
136 0.0
137 0.0
138 0.0
139 0.0
140 0.0
141 0.0
142 0.0
143 0.0
144 0.0
145 0.0
146 0.0
147 0.0
148 0.0
149 0.0
150 0.0
151 0.0
152 0.0
153 0.0
154 0.0
155 0.0
156 0.0
157 0.0
158 0.0
159 0.0
160 0.0
161 0.0
162 0.0
163 0.0
164 0.0
165 0.0
166 0.0
167 0.0
168 0.0
169 0.0
170 0.0
171 0.0
172 0.0
173 0.0
174 0.0
175 0.0
176 0.0
177 0.0
178 0.0
179 0.0
180 0.0
181 0.0
182 0.0
183 0.0
184 0.0
185 0.0
186 0.0
187 0.0
188 0.0
189 0.0
190 0.0
191 0.0
192 0.0
193 0.0
194 0.0
195 0.0
196 0.0
197 0.0
198 0.0
199 0.0
200 0.0
201 0.0
202 0.0
203 0.0
204 0.0
205 0.0
206 0.0
207 0.0
208 0.0
209 0.0
210 0.0
211 0.0
212 0.0
213 0.0
214 0.0
215 0.0
216 0.0
217 0.0
218 0.0
219 0.0
220 0.0
221 0.0
222 0.0
223 0.0
224 0.0
225 0.0
226 0.0
227 0.0
228 0.0
229 0.0
230 0.0
231 0.0
232 0.0
233 0.0
234 0.0
235 0.0
236 0.0
237 0.0
238 0.0
239 0.0
240 0.0
241 0.0
242 0.0
243 0.0
244 0.0
245 0.0
246 0.0
247 0.0
248 0.0
249 0.0
250 0.0
251 0.0
252 0.0
253 0.0
254 0.0
255 0.0
256 0.0
257 0.0
258 0.0
259 0.0
260 0.0
261 0.0
262 0.0
263 0.0
264 0.0
265 0.0
266 0.0
267 0.0
268 0.0
269 0.0
270 0.0
271 0.0
272 0.0
273 0.0
274 0.0
275 0.0
276 0.0
277 0.0
278 0.0
279 0.0
280 0.0
281 0.0
282 0.0
283 0.0
284 0.0
285 0.0
286 0.0
287 0.0
288 0.0
289 0.0
290 0.0
291 0.0
292 0.0
293 0.0
294 0.0
295 0.0
296 0.0
297 0.0
298 0.0
299 0.0
300 0.0
301 0.0
302 0.0
303 0.0
304 0.0
305 0.0
306 0.0
307 0.0
308 0.0
309 0.0
310 0.0
311 0.0
312 0.0
313 0.0
314 0.0
315 0.0
316 0.0
317 0.0
318 0.0
319 0.0
320 0.0
321 0.0
322 0.0
323 0.0
324 0.0
325 0.0
326 1.2631653407641138e-06
327 5.0769183230787064e-06
328 1.0150178485864432e-05
329 1.0142990201950665e-05
330 1.773461049450864e-05
331 3.92622976446735e-05
332 6.083009566248857e-05
333 8.492990531412197e-05
334 0.0001559043268953684
335 0.00021674906027312573
336 0.00030797873747412895
337 0.0004689841118291152
338 0.0007173712930300617
339 0.001145803371812745
340 0.0016440142787536684
341 0.0022197527529313112
342 0.0032248721973037503
343 0.004499387154820811
344 0.005836107015632216
345 0.007859259449881991
346 0.010148694305306129
347 0.013027947957540555
348 0.016262895605220106
349 0.02005176189927035
350 0.02470707882868453
351 0.029545617607669147
352 0.03372412374505905
353 0.03866858479562502
354 0.04377878779873262
355 0.048229698422950634
356 0.05179409416009045
357 0.05522112088329311
358 0.05739295080404479
