0 1.1976506884096156e-06
1 0.0
2 1.1976506884096156e-06
3 0.0
4 1.1976506884096156e-06
5 1.1976506884096156e-06
6 3.592952065228847e-06
7 0.0
8 1.1976506884096156e-06
9 3.592952065228847e-06
10 2.3953013768192313e-06
11 2.3953013768192313e-06
12 3.592952065228847e-06
13 2.3953013768192313e-06
14 3.592952065228847e-06
15 2.3953013768192313e-06
16 2.3953013768192313e-06
17 8.383554818867309e-06
18 8.383554818867309e-06
19 4.790602753638463e-06
20 4.790602753638463e-06
21 1.7964760326144234e-05
22 2.0360061702963466e-05
23 2.7545965833421156e-05
24 1.4371808260915386e-05
25 2.395301376819231e-05
26 2.155771239137308e-05
27 3.952247271751733e-05
28 3.5929520652288475e-05
29 5.748723304366158e-05
30 5.7487233043661605e-05
31 9.700970576117897e-05
32 0.0001041956098916367
33 0.00012934627434823864
34 0.00016527579500052713
35 0.00017844995257303294
36 0.00023473953492828505
37 0.00029581972003717545
38 0.0003305515900010543
39 0.00041798009025495643
40 0.00047786262467543737
41 0.0005365475084075086
42 0.0006239760086614101
43 0.000707811556850083
44 0.0008611108449665136
45 0.0010359678454743176
46 0.0011317799005470873
47 0.0013581358806565046
48 0.0015222140249686216
49 0.0017581512105853158
50 0.0019389964645351691
51 0.0019461823686656259
52 0.0022827222121087278
53 0.0024695557195006275
54 0.002598901993848866
55 0.0028456180356612464
56 0.003016882084103823
57 0.003178564927039122
58 0.003445641030554463
59 0.0035282789280547274
60 0.003777390271243928
61 0.003904341244215348
62 0.003980990888273563
63 0.004010932155483803
64 0.004243276389035267
65 0.004145069032585683
66 0.004224113978020714
67 0.004060035833708598
68 0.004161836142223415
69 0.004189382108056837
70 0.004008536854106981
71 0.0039007482921501187
72 0.0038911670866428423
73 0.0037330771957727734
74 0.0035977426679824863
75 0.0035043259142865336
76 0.00333425951653237
77 0.0031713790229086596
78 0.0029857431662051706
79 0.0027725613436682586
80 0.002576146630769084
81 0.002438416801601977
82 0.002315058780695789
83 0.0020491803278688526
84 0.0018910904369987833
85 0.001806057238121702
86 0.0016228166827950289
87 0.0014874821550047426
88 0.0014551455864176836
89 0.0012287896063082658
90 0.0011090245374673039
91 0.0010120148317061253
92 0.0009772829617422465
93 0.000885063858734706
94 0.0008167977694953576
95 0.0007305669199298657
96 0.0006515219744948315
97 0.0005712793783713871
98 0.0005533146180452431
99 0.0004982226863784008
100 0.0004622931657261123
101 0.0004107941861244989
102 0.0003784576175374392
103 0.0003700740627185719
104 0.00033174924068946396
105 0.00030899387760968124
106 0.000265878452826935
107 0.0002550995966312485
108 0.00023713483630510423
109 0.00022396067873259844
110 0.00018324055532667152
111 0.0002012053156528157
112 0.0001856358567034907
113 0.00015569458949325025
114 0.0001544969388048406
115 0.00016168284293529837
116 0.00015928754155847909
117 0.00015329928811643097
118 0.00013892747985551557
119 0.00013772982916710594
120 0.00012096271952937133
121 0.00015210163742802136
122 0.0001509039867396118
123 0.00014970633605120218
124 0.000153299288116431
125 0.00014371808260915398
126 0.0001748570005078041
127 0.00020000766496440606
128 0.00018563585670349072
129 0.00021198417184850225
130 0.0002143794732253215
131 0.00023593718561669462
132 0.000244320740435562
133 0.000259890199384887
134 0.0003137844803633197
135 0.00031498213105172936
136 0.00035570225445765645
137 0.00038803882304471604
138 0.0004167824395665468
139 0.0005557099194220622
140 0.000554512268733653
141 0.0006323595634802778
142 0.0006670914334441563
143 0.0008263789750026346
144 0.0009269816328290432
145 0.0010742926675034248
146 0.0011641164691341464
147 0.0014275996205842618
148 0.0016084448745341145
149 0.0018144407929405677
150 0.002070738040260225
151 0.0023964990275076405
152 0.002691121096856406
153 0.0030444280499372423
154 0.0035198953732358596
155 0.003954642573128553
156 0.004492387732224469
157 0.005067260062661084
158 0.005830163551178011
159 0.006302037922411396
160 0.006987094116181695
161 0.00794760996828621
162 0.008702129901984266
163 0.009877025227314097
164 0.010454292859127532
165 0.011382472142644987
166 0.012372929261959742
167 0.013417280662252923
168 0.014361029404719693
169 0.015470053942186998
170 0.01620660911555892
171 0.01728329708443916
172 0.018109676059441807
173 0.018768383938067096
174 0.019818723591802312
175 0.020490605628000126
176 0.021000804821262604
177 0.021088233321516506
178 0.021484655699380094
179 0.02159483956271378
180 0.02167029155608359
181 0.021384053041553698
182 0.021010386026769894
183 0.020858284389341872
184 0.020320539230245946
185 0.019406731754989418
186 0.01887976545208918
187 0.017847390558680093
188 0.016864119343495795
189 0.016359908403675353
190 0.01531435935269376
191 0.014343064644393558
192 0.013410094758122468
193 0.012392091672974302
194 0.011344147320615882
195 0.01042435159191729
196 0.009678215213038098
197 0.008717699360933591
198 0.00787694857767004
199 0.006996675321688975
200 0.006370304011650744
201 0.0056349464889672435
202 0.005031330542008793
203 0.004389389773021243
204 0.003880388230447155
205 0.003389351448199212
206 0.0029031052687049095
207 0.002589320788341588
208 0.0022659551024709922
209 0.002026424964789071
210 0.0017533606078316783
211 0.0015401787852947657
212 0.001346159373772408
213 0.001194057736344387
214 0.0010479443523584138
215 0.000910214523191308
216 0.0007533222830096482
217 0.0007090092075384926
218 0.0006203830565961816
219 0.0005485240152916047
220 0.0004766649739870278
221 0.00042995659713905267
222 0.0004048059326824507
223 0.0003401327955083313
224 0.0002982150214139947
225 0.0002634831514501158
226 0.00025749489800806774
227 0.00022396067873259844
228 0.00019641471289917723
229 0.0002000076649644061
230 0.00016407814431211758
231 0.00016168284293529832
232 0.00015689224018165985
233 0.00017725230188462342
234 0.00015928754155847914
235 0.00015569458949325025
236 0.00013653217847869642
237 0.00013772982916710592
238 0.00013533452779028674
239 0.00012934627434823864
240 0.00010898621264527514
241 0.00014132278123233478
242 0.0001341368771018771
243 0.00012934627434823864
244 0.000153299288116431
245 0.00014252043192074446
246 0.00015090398673961176
247 0.00014252043192074443
248 0.00017485700050780408
249 0.00020719356909486384
250 0.00022994893217464648
251 0.00019162411014553873
252 0.00021078652116009267
253 0.00029102911728353704
254 0.00027306435695739273
255 0.00025749489800806774
256 0.0003030056241676332
257 0.0003173774324285487
258 0.00034133044619674095
259 0.00045151430953042573
260 0.0004407354533347392
261 0.0004778626246754373
262 0.000568884076994568
263 0.0005664887756177487
264 0.0006024182962700371
265 0.000674277337574614
266 0.000798833009169214
267 0.0008275766256910443
268 0.0008850638587347056
269 0.0010275842906554502
270 0.001083873873010702
271 0.0012180107501125787
272 0.0013234040106926259
273 0.0013988560040624311
274 0.0016240143334834386
275 0.0017341981968171244
276 0.0018803115808030972
277 0.002061156834752949
278 0.0022839198627971386
279 0.0022875128148623653
280 0.002542612411493615
281 0.002670761035153444
282 0.0028647804466758017
283 0.0029402324400456077
284 0.0032336568587059615
285 0.0031594025160245663
286 0.0033677937358078387
287 0.003328271263090321
288 0.0035833708597215698
289 0.003679182914794339
290 0.003737867798526411
291 0.0037833785246859752
292 0.0037175077368234457
293 0.0038528422646137337
294 0.003774994969867109
295 0.0035749873049027033
296 0.0036803805654827483
297 0.0034719893456994764
298 0.003486361153960392
299 0.003482768201895164
300 0.003285155838307576
301 0.0030767646185243026
302 0.003016882084103822
303 0.002815676768451007
304 0.0025450077128704326
305 0.0025030899387760964
306 0.0022935010683044154
307 0.002074330992325455
308 0.0019054622452596996
309 0.001774918320223051
310 0.001571317703193416
311 0.0013641241340985526
312 0.0011916624349675683
313 0.0010623161606193292
314 0.0009413534410899579
315 0.0008623084956549231
316 0.0007892518036619372
317 0.0006287666114150484
318 0.0004622931657261123
319 0.00043235189851587177
320 0.0003760623161606198
321 0.00031258682967491016
322 0.0002730643569573926
323 0.0002203677266673696
324 0.0001880311580803099
325 0.00017006639775416562
326 9.700970576117898e-05
327 0.00010299795920322706
328 6.108018510889046e-05
329 6.946373992775779e-05
330 5.269663029002312e-05
331 6.467313717411931e-05
332 2.8743616521830772e-05
333 2.9941267210240388e-05
334 1.7964760326144234e-05
335 1.6767109637734618e-05
336 1.6767109637734618e-05
337 2.0360061702963466e-05
338 5.988253442048078e-06
339 1.077885619568654e-05
340 5.988253442048078e-06
341 7.185904130457693e-06
342 9.581205507276925e-06
343 2.3953013768192313e-06
344 4.790602753638463e-06
345 2.3953013768192313e-06
346 0.0
347 1.1976506884096156e-06
348 0.0
349 0.0
350 1.1976506884096156e-06
351 0.0
352 2.3953013768192313e-06
353 2.3953013768192313e-06
354 0.0
355 0.0
356 0.0
357 1.1976506884096156e-06
358 2.3953013768192313e-06
