0 0.00038100720327215924
1 0.0003510583162464262
2 0.00031870396007218233
3 0.00028156442684493124
4 0.00031271977613402325
5 0.0002839634577292616
6 0.0002971443909275525
7 0.00030313586412231917
8 0.00030913275688824457
9 0.00025400829985166884
10 0.00025282183471738394
11 0.00029714726752327474
12 0.0002863513041625941
13 0.0002827671631919917
14 0.000265999548159052
15 0.00025281302568413245
16 0.0002360374482052599
17 0.00026120538742671216
18 0.00023124006910914317
19 0.00025161283221335207
20 0.00021926237573641932
21 0.00024442371077147815
22 0.0002516163879866746
23 0.00023124853594342186
24 0.00021926695087273702
25 0.0002240524692631842
26 0.000219264580056071
27 0.00023483979430540423
28 0.00021446702952554242
29 0.00024322741498841797
30 0.00021686673508328967
31 0.00019530004854732122
32 0.0002492144835710533
33 0.00021687131151486405
34 0.00028635316575448044
35 0.0002300535948226718
36 0.00023244330529094203
37 0.00025521103284441597
38 0.0002300442789573929
39 0.00022405196037132743
40 0.00027796706959116275
41 0.0002480166596757427
42 0.00023843308239038114
43 0.0002420226444642961
44 0.0002588028013931653
45 0.0002923488718404207
46 0.00027557126099944066
47 0.0002803737246518536
48 0.0003103127856289143
49 0.00029953680746615995
50 0.00032469560177989784
51 0.00035105526323170615
52 0.00028156340944474447
53 0.00032230165602544544
54 0.0003270937795143614
55 0.00037381874931715107
56 0.0003498542275335605
57 0.0003330881366854837
58 0.0003810041484381669
59 0.0003450641309890432
60 0.0003510520389253388
61 0.00038100770866679473
62 0.00036902018718349544
63 0.0003941872861449861
64 0.0004013738620255883
65 0.00036183462578031613
66 0.00038220061100918
67 0.000333082032764524
68 0.0004205435574599101
69 0.00036423162095477904
70 0.000373816719692274
71 0.00039537968045735237
72 0.0003354692010272789
73 0.00038219688116520955
74 0.00039059060615195606
75 0.0003714117625985962
76 0.00035224528691707533
77 0.00039417830395188007
78 0.00033786755560964726
79 0.00036183937067738546
80 0.00037500810384120167
81 0.0003342768055650045
82 0.00038460472434278815
83 0.000378602918266062
84 0.0003762079526188662
85 0.00031629764376053414
86 0.0003450548114827818
87 0.0003498433829821036
88 0.00036781864249974607
89 0.00033068249854449345
90 0.00033067605908555206
91 0.00037141972403838237
92 0.0003342805281736298
93 0.0003630285506977537
94 0.00030911783899978667
95 0.0003414623728614714
96 0.00036183310044778056
97 0.0003917836828527583
98 0.0003450549811934577
99 0.0003630309198882728
100 0.0004181421560914912
101 0.00037381722752888335
102 0.0004073582209451104
103 0.00036063087179366983
104 0.0003953801885835785
105 0.0004061553173811711
106 0.000352242747826617
107 0.000401377757843351
108 0.0004193369260630153
109 0.0004121545809641888
110 0.0004720535421269237
111 0.0004516811180613941
112 0.0004780329819359819
113 0.0005008057929905041
114 0.0005055933463226874
115 0.0004960199327381133
116 0.0004912249315028335
117 0.0005367468225688634
118 0.0005894700449292537
119 0.0005403621412399692
120 0.0005774796477602339
121 0.0005882768032141485
122 0.0005846818204210163
123 0.0006541572322308847
124 0.0006014318193029309
125 0.0007500158671591849
126 0.0006769242855882152
127 0.0007847628101594452
128 0.000739237518944927
129 0.0007823654746532215
130 0.0007967289828672607
131 0.0008087290367116504
132 0.0008470611345394094
133 0.0009249343401184434
134 0.0009273438685640197
135 0.0008877953152581192
136 0.0010052345237961098
137 0.0009728667892965651
138 0.0011178421386712784
139 0.00111422834964903
140 0.0012232567295351222
141 0.0012436322059488766
142 0.0013011356931018185
143 0.0013993945357703855
144 0.001373044359415205
145 0.0015120092643543732
146 0.0016078506131120313
147 0.0016821452598577695
148 0.001727651583711528
149 0.0018366860610499402
150 0.0018809959109214044
151 0.0021170387739991117
152 0.0021649642765493773
153 0.0023458721883415916
154 0.002417739863406916
155 0.002557943413061499
156 0.002654971740302595
157 0.002898197791663321
158 0.0030575559572849163
159 0.003224082571498439
160 0.0033379100441154707
161 0.003605069960196746
162 0.003758421739814529
163 0.0040579646639940245
164 0.004265219180976102
165 0.004444945361603945
166 0.00472408432719892
167 0.0049661086795015665
168 0.0052919680450450824
169 0.005361495140045664
170 0.005572341441339508
171 0.005959329585022174
172 0.006077953923687069
173 0.006357061047071946
174 0.0066206922165757305
175 0.006920145852956221
176 0.00704957986715593
177 0.007147828043327778
178 0.007549206481975832
179 0.007813982956512852
180 0.007685771331860944
181 0.008083549528372369
182 0.008203363719091191
183 0.008148266548200753
184 0.008447745067709905
185 0.008457380142659014
186 0.008561611491736877
187 0.008629852337108761
188 0.008571189471599775
189 0.008535247267033972
190 0.008559211621450706
191 0.008580729513901599
192 0.0084333917454266
193 0.008372272940847615
194 0.008542383380997002
195 0.008274035434488654
196 0.00850404667555116
197 0.008112263005347814
198 0.008030787686833447
199 0.007994860909773376
200 0.00787029845790033
201 0.008102701954794699
202 0.007642567825752337
203 0.007815162665431155
204 0.007701311811636034
205 0.0073897946096659626
206 0.007350289076691237
207 0.007256867615141019
208 0.007020796107319848
209 0.006990853822519817
210 0.006909386991444793
211 0.006877022136940946
212 0.006833895367625112
213 0.0066350108405995485
214 0.006652986601387288
215 0.006517602289654729
216 0.0064864237396885585
217 0.00649601714162995
218 0.006548731890448593
219 0.006372621522777591
220 0.006466116183509689
221 0.0064013871537330486
222 0.006462486305928226
223 0.006015629165876494
224 0.006080349239580004
225 0.006128177312014505
226 0.006185692670466395
227 0.006068333077332366
228 0.006085084595218933
229 0.005973654984869958
230 0.006028757760657902
231 0.005972461564434979
232 0.005768820333861125
233 0.005855037434589147
234 0.005816730243850048
235 0.005791552809898423
236 0.005834693129454084
237 0.005535180720710444
238 0.00558785954942519
239 0.0054225741217934125
240 0.005572310416385498
241 0.005543610849056269
242 0.005347094517090092
243 0.00524405390048796
244 0.0052692331973211185
245 0.005277608952167939
246 0.005107436875034636
247 0.0051482020421375315
248 0.005117022296566002
249 0.0050703215568343105
250 0.004993625660167178
251 0.004951719244788346
252 0.004833122878935603
253 0.004703708000798338
254 0.004763614426300294
255 0.004715672333860963
256 0.0046522046424074225
257 0.004600689748215554
258 0.0044964641587495685
259 0.004447321183078952
260 0.004447338977518991
261 0.004296368265455365
262 0.004431725638891529
263 0.004328712784313902
264 0.004128653299834965
265 0.0041238652321959075
266 0.0043107759826986345
267 0.004214901764213753
268 0.004181375686002212
269 0.0040879118273184755
270 0.004211323730613818
271 0.004135831266293681
272 0.004061527446455793
273 0.004141838654605242
274 0.004075944643777332
275 0.004017224374704602
276 0.004137004676518342
277 0.0042460564392169595
278 0.004150229654977532
279 0.004111882466966042
280 0.004125054759833784
281 0.004299971039303751
282 0.004240090717683001
283 0.004409007894510095
284 0.004369470337639695
285 0.004420988456326221
286 0.004349112650969795
287 0.004394609137743589
288 0.004502473932310162
289 0.004495316319892511
290 0.004652261562048495
291 0.0044461524904421765
292 0.0045851373916921305
293 0.0044833127013593115
294 0.004547998033201457
295 0.004524061787273056
296 0.0043742578952317415
297 0.004381466323800929
298 0.004344356612844882
299 0.004235296039912867
300 0.004240105950707625
301 0.003996914120278515
302 0.004010070650536184
303 0.003853137955210705
304 0.0038003928667996504
305 0.0036338689602907074
306 0.0035763515777307913
307 0.0033894439005996723
308 0.0033535145573258484
309 0.003093547986515931
310 0.0029749111314605237
311 0.0028814701549289465
312 0.002782038066713664
313 0.002671768490708588
314 0.0024789127061890493
315 0.0024525698255637093
316 0.0023195687840159938
317 0.0020931242382593966
318 0.001998464092747333
319 0.001939777351589898
320 0.001813959169453352
321 0.0017780042340239332
322 0.0016797907885422506
323 0.0015300106178756019
324 0.0014018015338950784
325 0.0013646860510093033
326 0.0012532481381734917
327 0.0012280839295094523
328 0.0012316675564601762
329 0.0010639280488644936
330 0.001020815002951478
331 0.0009381413644420383
332 0.0009980379532081136
333 0.0008986007711865746
334 0.0008494801579503105
335 0.0007835795653994446
336 0.0007116990172063252
337 0.000758437381338828
338 0.0006685639471240365
339 0.0006805431614682857
340 0.000698532827443658
341 0.0006206416611645288
342 0.0006098485767487525
343 0.0006014633300006323
344 0.0005343818572377282
345 0.0005092152742583978
346 0.00047807584866604624
347 0.0004996388152300551
348 0.0004720767573313166
349 0.00047806839841917575
350 0.00043852271494793706
351 0.00043492434614312984
352 0.0003870164646306012
353 0.00042294784083758414
354 0.00035585027208291013
355 0.0003905868822502702
356 0.0003594530476593413
357 0.0003666408206179864
358 0.00035106187244981276
