0 6.108475574433915e-05
1 6.347921091643161e-05
2 6.826947492005217e-05
3 6.94689884462e-05
4 8.623558995894834e-05
5 8.025021493433364e-05
6 0.00010779618014541815
7 0.00010300303758070434
8 0.00011258407419168973
9 0.0001317491936742315
10 0.00011498039119614487
11 0.00012456328978315283
12 0.00017127149749545723
13 0.00019882017117452976
14 0.00022517085709074645
15 0.00020480825591180573
16 0.0002754745558176393
17 0.0002982314428894232
18 0.0003808742500623922
19 0.0003976400050831751
20 0.0004335712190544925
21 0.000498246048111529
22 0.0005832878827675291
23 0.0006862927826593542
24 0.0007521634007160974
25 0.0008611521510659773
26 0.0009186463258034501
27 0.0010360211717887298
28 0.001140213564465056
29 0.0013426348181354113
30 0.0015570229219694382
31 0.0016576350599602583
32 0.001899569979183575
33 0.002112763314480809
34 0.0023714572153526684
35 0.002597834528237931
36 0.002825397640061888
37 0.003062540260818749
38 0.003372747703855696
39 0.0035895289100640122
40 0.004106924165217216
41 0.004429125552863498
42 0.004788437518654394
43 0.005095052174548763
44 0.005487897516139047
45 0.005854403683663859
46 0.006419703604699271
47 0.0066640514357508415
48 0.007084444433621106
49 0.007449756502592855
50 0.007677304717986865
51 0.008177945556238296
52 0.008618707247282193
53 0.00879117046805949
54 0.009012765476416908
55 0.00908101513800508
56 0.009518185404949314
57 0.009593637736542189
58 0.009606822731625105
59 0.009719411545396319
60 0.00976730047424456
61 0.00945828915709024
62 0.009394812149054342
63 0.009255879422403496
64 0.009124122439011574
65 0.008791156754285972
66 0.00847975640373082
67 0.008059370345256292
68 0.007856951297482187
69 0.007337137716389448
70 0.006925143510576219
71 0.0065059339438895665
72 0.006213699049316924
73 0.005649573581393767
74 0.005146548273770213
75 0.0048447186326428865
76 0.004581213979712072
77 0.004065016884712901
78 0.0038781718639382635
79 0.0034002760593811023
80 0.003236185556295698
81 0.002731966153422445
82 0.002566679523640309
83 0.002305579993586055
84 0.0021175400332242443
85 0.0017450522166854727
86 0.0016037255410728084
87 0.0014755706547510358
88 0.001343826031425176
89 0.0011222484637134027
90 0.00100606771541939
91 0.0008515670511785329
92 0.0007545529446834912
93 0.0006731086342600805
94 0.0006132264386374774
95 0.0005641153118384779
96 0.00047908465258095115
97 0.00041440372769973216
98 0.0003820676669504201
99 0.0002934347447902793
100 0.0002766689894343981
101 0.00026588776352074156
102 0.00022277335412625222
103 0.00021678306942893237
104 0.00017606294597514576
105 0.00015809700074211633
106 0.00016528307405610425
107 0.00012216714172284883
108 0.00011497869806855432
109 0.00012456142723265307
110 0.00011378003170464924
111 9.222384292223844e-05
112 0.00010659497401829734
113 7.785000321461299e-05
114 7.78518654777929e-05
115 8.503675383703602e-05
116 6.587434272676305e-05
117 9.222248864038496e-05
118 7.904748462377337e-05
119 9.342098596441976e-05
120 8.863055234637066e-05
121 6.347836428080641e-05
122 6.347836423294684e-05
123 8.982854149755965e-05
124 8.38392723321565e-05
125 9.342081668517051e-05
126 8.623491231533382e-05
127 8.383994959273217e-05
128 9.940991671490301e-05
129 0.00010060756702035498
130 0.00011737501516872856
131 0.00012216443296762233
132 0.00011977184068112766
133 0.00014013224036811255
134 0.00013653793411674928
135 0.00015091075795744104
136 0.00017845773956207686
137 0.00020840103817116774
138 0.00022876262348309363
139 0.00023115843298489913
140 0.00027307586832921773
141 0.00033775408397653363
142 0.00035811346841892145
143 0.0004335695249694671
144 0.0004671042516517856
145 0.0005174077813866679
146 0.0005677072478931132
147 0.0006192133377017903
148 0.0006539504563755496
149 0.0007832946979846266
150 0.0008827064772020884
151 0.0009018688879771817
152 0.001087512870563475
153 0.0011605654994714409
154 0.0012743516257076588
155 0.00139172985751714
156 0.0014719756699941792
157 0.0016324637401321264
158 0.0018636223414386787
159 0.0018216935640496441
160 0.0020708209896770154
161 0.002252874728953062
162 0.002402581233517679
163 0.002507975678382355
164 0.0026708642973620037
165 0.0027678807763515203
166 0.003003820500295238
167 0.0030050279697068035
168 0.0032074338149441378
169 0.0032289900029126924
170 0.0034230180482032156
171 0.0034062517849139493
172 0.0035224162824959164
173 0.003546373698721241
174 0.0035344027792969615
175 0.003642185922642603
176 0.0035032633533211856
177 0.0034541551030248304
178 0.003287679796126032
179 0.0032493456622063872
180 0.003142751874243843
181 0.0032780960498023834
182 0.002991842299996555
183 0.0029355586432767444
184 0.002806200179242707
185 0.0026349305449679464
186 0.0024169503335500666
187 0.0023702409401170224
188 0.002190584364480892
189 0.0020564471490120365
190 0.001991772827314071
191 0.001852834512772828
192 0.0018097207809261535
193 0.0016097090532119062
194 0.0014504105078800534
195 0.0013797511495722307
196 0.0011988974305589019
197 0.001143799913011852
198 0.0010467927468223689
199 0.0010144522843338996
200 0.0009042597876149253
201 0.0007665262339693195
202 0.0007305978985110734
203 0.0006659213755605307
204 0.000582084134866604
205 0.0005904659970366391
206 0.000494652418019728
207 0.0004934547672834589
208 0.00042997471054525817
209 0.00039284787776305835
210 0.0003724868003366586
211 0.00033655575621898646
212 0.0002563084197501082
213 0.00029343423700039096
214 0.0002658886096297492
215 0.00022397134346887956
216 0.00021079701700008207
217 0.00020720050959194231
218 0.000196423346428046
219 0.00016528256621835643
220 0.00019163240492447086
221 0.0001449211503292586
222 0.00013653996585069784
223 0.00015809733920489578
224 0.0001604909478370821
225 0.00013174902444284178
226 0.0001521101015819218
227 0.00011018809545849451
228 0.00013414144768946623
229 0.0001281547178085209
230 0.00012575924720031192
231 0.00011019012680948549
232 0.00011857232758587823
233 0.00012216646441433237
234 0.0001185718194130324
235 0.00011617651808407275
236 8.863055239423022e-05
237 0.00012455990362369074
238 0.00012456142713693398
239 0.00013653691839339425
240 0.00013174716232324055
241 0.00011976913163866266
242 0.00016767736009252614
243 0.00014731865281499473
244 0.00017127031177479728
245 0.00017486258677088876
246 0.00017246813212541378
247 0.00019283039412351937
248 0.0001928314102776916
249 0.00021199619129745405
250 0.00023235252885701535
251 0.0002551083992957879
252 0.000235950052371549
253 0.00030182185533509634
254 0.0003269716728688345
255 0.00035332032685958314
256 0.0003844600912023389
257 0.00044195155756770533
258 0.00046470759709420765
259 0.0005497407955883326
260 0.0006000458492194974
261 0.0006766993874185007
262 0.0008108489607991685
263 0.0008994766348716845
264 0.0010240358620007151
265 0.0010911078546499726
266 0.001275552663369468
267 0.0014001112136209617
268 0.001645637560965285
269 0.001796554245372021
270 0.0021331032292243855
271 0.0022217331046450353
272 0.002713994456476658
273 0.002954729521365362
274 0.003370334796144342
275 0.0038110798993538013
276 0.00413206501190826
277 0.004647079693409984
278 0.005189634075450336
279 0.005757343356178571
280 0.006202903782417134
281 0.006855650325394468
282 0.00744370934016367
283 0.008355161468063272
284 0.008884545075770335
285 0.009793610196928058
286 0.010472691850790377
287 0.010972157054421753
288 0.011872818305097343
289 0.012532753119576936
290 0.01306093281718915
291 0.013524454787208819
292 0.014057420855545249
293 0.014591621986815784
294 0.014686231144788
295 0.015074263191109495
296 0.015158128879573832
297 0.015335379993487983
298 0.015746200760523413
299 0.015207228322226788
300 0.014874262976777736
301 0.014944927925752952
302 0.014420369284535469
303 0.013954452694994558
304 0.013229816298203766
305 0.012744753205254552
306 0.01218902348322415
307 0.011574601081520789
308 0.010917062584380107
309 0.0102248165957855
310 0.009669055884498129
311 0.00886420990041419
312 0.007987498112090305
313 0.007344330915085957
314 0.006708357914261779
315 0.005975351336861049
316 0.0055813098715902345
317 0.004868683841458367
318 0.0042949822434850855
319 0.003951223820612368
320 0.0034230414145324066
321 0.0030852891929148527
322 0.0026397572152122946
323 0.002303196883091604
324 0.0019750192632236783
325 0.0017258994553060192
326 0.0014767757555934219
327 0.0013354468782975255
328 0.001074349380695355
329 0.0009138536919861409
330 0.000804863584817038
331 0.0007078433825455924
332 0.0005832878802303232
333 0.00045034035918150233
334 0.00044914457027759577
335 0.0003641030767173812
336 0.0002886476971881134
337 0.000239546051223804
338 0.0002359510668980903
339 0.00020001934595065965
340 0.00015690121274778514
341 0.0001712716662960298
342 0.00012576077147955173
343 0.00011019080483605761
344 8.982989630603071e-05
345 8.982854144970008e-05
346 7.785169610282454e-05
347 7.066460754423969e-05
348 5.509531753906578e-05
349 8.264094457460951e-05
350 4.910638702788028e-05
351 5.509599470392233e-05
352 4.671040819896599e-05
353 4.790772061611565e-05
354 4.551292678980559e-05
355 5.629296851471395e-05
356 5.988541221557753e-05
357 4.7907889608126335e-05
358 5.6293815198198724e-05
