0 1.1976506884096156e-06
1 0.0
2 1.1976506884096156e-06
3 0.0
4 0.0
5 2.3953013768192313e-06
6 2.3953013768192313e-06
7 1.1976506884096156e-06
8 1.1976506884096156e-06
9 0.0
10 1.1976506884096156e-06
11 2.3953013768192313e-06
12 0.0
13 1.1976506884096156e-06
14 1.1976506884096156e-06
15 1.1976506884096156e-06
16 0.0
17 2.3953013768192313e-06
18 2.3953013768192313e-06
19 0.0
20 2.3953013768192313e-06
21 4.790602753638463e-06
22 4.790602753638463e-06
23 3.592952065228847e-06
24 8.383554818867309e-06
25 1.3174157572505772e-05
26 8.383554818867309e-06
27 1.077885619568654e-05
28 2.2755363079782695e-05
29 1.4371808260915386e-05
30 2.5150664456601927e-05
31 4.191777409433656e-05
32 3.1138917898650004e-05
33 5.5091931666842346e-05
34 8.26378975002636e-05
35 8.742850025390201e-05
36 0.00010180030851481746
37 0.0001425204319207444
38 0.00013533452779028666
39 0.00018803115808030993
40 0.00019761236358758685
41 0.0002742620076458023
42 0.0003101915282980908
43 0.00042516599438541426
44 0.0004634908164145219
45 0.0006455337210527833
46 0.0007521246323212387
47 0.0009114121738797174
48 0.0011461517088080019
49 0.0013114275038085298
50 0.001491075107069972
51 0.0018276149505130745
52 0.0020994816567820565
53 0.0025581818704429387
54 0.002927058282473103
55 0.0033354571672207793
56 0.003857632867367373
57 0.004434900499180806
58 0.005038516446139255
59 0.0057415374002356976
60 0.0062720966552011585
61 0.006734389820927269
62 0.007474537946364411
63 0.008088932749518545
64 0.008894951662818215
65 0.009288978739304978
66 0.009988406741336199
67 0.010383631468511375
68 0.010885447106954998
69 0.011138151402209423
70 0.011613618725508042
71 0.011856741815255199
72 0.012133399124277817
73 0.011948960918262731
74 0.011847160609747921
75 0.011691466020254674
76 0.011437564074311839
77 0.011175278573550124
78 0.010859098791809983
79 0.01029261001619224
80 0.009753667206407909
81 0.009260235122783143
82 0.00869135104578858
83 0.008154803537381074
84 0.007551187590422627
85 0.007052964904044228
86 0.006518812697013537
87 0.00594394036657692
88 0.005270860679690717
89 0.0050073775282406035
90 0.004395378026463289
91 0.003840865757729639
92 0.003586963811786797
93 0.003345038372728058
94 0.0028815475563135364
95 0.0025186593977254237
96 0.002324639986203065
97 0.0020767262937022744
98 0.001694675724099606
99 0.0016036542717804748
100 0.001359333531344914
101 0.0011940577363443862
102 0.0010826762223222922
103 0.0009593182014161026
104 0.0008922497628651637
105 0.0007641011392053346
106 0.0007042186047848544
107 0.00062517365934982
108 0.0005664887756177489
109 0.0005185827480813645
110 0.00043953780264632965
111 0.0004012129806172218
112 0.0003676787613417527
113 0.00033174924068946407
114 0.00031737743242854857
115 0.00027306435695739273
116 0.00026348315145011586
117 0.0002395301376819234
118 0.00026228550076170615
119 0.00021318182253691185
120 0.00022396067873259846
121 0.0002071935690948638
122 0.00019282176083394834
123 0.00018922880876871958
124 0.00019641471289917725
125 0.00018084525394985218
126 0.00021917007597895997
127 0.00022396067873259846
128 0.00023114658286305616
129 0.00020360061702963498
130 0.00023234423355146576
131 0.0002562972473196581
132 0.0002467160418123812
133 0.00024791369250079087
134 0.0003329468913778736
135 0.00034252809688515066
136 0.00031857508311695817
137 0.0003736670147838006
138 0.0004299565971390526
139 0.0005185827480813644
140 0.0005030132891320393
141 0.0006179877552193622
142 0.0006419407689875545
143 0.0007185904130457695
144 0.0008096118653649006
145 0.0009102145231913076
146 0.0010084218796408964
147 0.0011701047225761948
148 0.0013317875655114934
149 0.0014755056481206468
150 0.001703059278918474
151 0.0019306129097163005
152 0.0021390041294995737
153 0.0023066752258769207
154 0.002670761035153443
155 0.00302766094029951
156 0.0033079112013873584
157 0.0036468463462072795
158 0.004189382108056835
159 0.00457742093110155
160 0.005032528192697203
161 0.005408590508857825
162 0.006068496038171523
163 0.00644455835433214
164 0.006966734054478734
165 0.0074158530626323394
166 0.00823504613350452
167 0.00868895574441176
168 0.0089548341972387
169 0.009809956788763157
170 0.010444711653620261
171 0.01068304414061377
172 0.011204022190071956
173 0.011563317396594847
174 0.01209627195293712
175 0.012393289323662708
176 0.012550181563844357
177 0.012878337852468601
178 0.012963371051345684
179 0.013016067681635698
180 0.013022055935077747
181 0.012605273495511209
182 0.012778932845330599
183 0.012483113125293422
184 0.011911833746922042
185 0.011691466020254674
186 0.01143995937568865
187 0.010792030353259046
188 0.010224343926952886
189 0.009729714192639717
190 0.009208736143181535
191 0.008672188634774022
192 0.008239836736258156
193 0.007673347960640408
194 0.007015837732703529
195 0.006560730471107875
196 0.006073286640925162
197 0.005497216659800138
198 0.004969052706211497
199 0.004705569554761379
200 0.004004943902041754
201 0.003445641030554463
202 0.0033043182493221286
203 0.0028719663508062596
204 0.0025869254869647696
205 0.0022551762462753064
206 0.002075528643013865
207 0.0017749183202230507
208 0.0015329928811643084
209 0.0013341828668883124
210 0.0012419637638807718
211 0.0010599208592425098
212 0.0009281792835174523
213 0.0008299719270678638
214 0.00068625384445871
215 0.0006311619127918678
216 0.0005928370907627603
217 0.0005365475084075086
218 0.00046109551503770255
219 0.0003772599668490295
220 0.00035929520652288525
221 0.0003137844803633197
222 0.00025150664456601967
223 0.00022635598010941767
224 0.00024432074043556195
225 0.00019881001427599646
226 0.00019881001427599646
227 0.0001628804936237079
228 0.00016168284293529832
229 0.0001413227812323348
230 0.00014731103467438293
231 0.000143718082609154
232 0.00012216037021778095
233 0.00012575332228300978
234 0.00012814862365982904
235 0.00011377681539891363
236 0.00010898621264527516
237 0.00011018386333368476
238 0.00012934627434823867
239 0.00011497446608732325
240 9.700970576117898e-05
241 0.0001329392264134675
242 0.00011856741815255207
243 0.00015090398673961176
244 0.00011736976746414251
245 0.00015689224018165983
246 0.00019521706221076754
247 0.00017006639775416564
248 0.00019641471289917723
249 0.00023953013768192343
250 0.00023473953492828507
251 0.0002598901993848869
252 0.00029821502141399466
253 0.00032216803518218703
254 0.0003592952065228852
255 0.00037725996684902945
256 0.0004467237067767873
257 0.0004838508781174854
258 0.0005916394400743505
259 0.0006407431182991447
260 0.0007245786664878174
261 0.0008156001188069485
262 0.0008910521121767537
263 0.0010515373044236423
264 0.0011425587567427734
265 0.0012671144283373733
266 0.0014767032988090563
267 0.0016503626486284513
268 0.001791685429860786
269 0.002043192074426805
270 0.0021976890132316446
271 0.0025270429525442893
272 0.0026348315145011546
273 0.002946220693487655
274 0.003224075653198687
275 0.003407316208525355
276 0.003741460750591641
277 0.003917515401787853
278 0.004330704889289172
279 0.004524724300811526
280 0.004740301424725257
281 0.0050097728296174225
282 0.005173850973929538
283 0.00542535761849556
284 0.005593028714872907
285 0.005555901543532208
286 0.005570273351793125
287 0.005709200831648636
288 0.005651713598604979
289 0.005688840769945671
290 0.005612191125887459
291 0.005567878050416305
292 0.0053127784537850544
293 0.005187025131502045
294 0.005058876507842215
295 0.004903181918348967
296 0.004480411225340372
297 0.004390587423709651
298 0.0039821885389619725
299 0.003734274846461183
300 0.0035570225445765587
301 0.0031641931187782048
302 0.0028947217138860417
303 0.0026408197679432042
304 0.002373743664427859
305 0.002064749786818177
306 0.001917438752143794
307 0.0016419790938095836
308 0.0013713100382290097
309 0.0011976506884096157
310 0.0010826762223222922
311 0.0009365628383363198
312 0.0007605081871401063
313 0.0006431384196759638
314 0.0005497216659800141
315 0.0004766649739870277
316 0.00034851635032719867
317 0.0003233656858705966
318 0.00027186670626898313
319 0.00022755363079782727
320 0.0001988100142759964
321 0.00016767109637734639
322 0.0001209627195293713
323 0.00011377681539891362
324 0.00010539326058004625
325 7.664964405821547e-05
326 5.5091931666842366e-05
327 5.1498979601613505e-05
328 4.0720123405926946e-05
329 2.8743616521830772e-05
330 1.916241101455385e-05
331 2.7545965833421156e-05
332 1.4371808260915386e-05
333 1.6767109637734618e-05
334 1.1976506884096156e-05
335 1.077885619568654e-05
336 7.185904130457693e-06
337 4.790602753638463e-06
338 1.1976506884096156e-06
339 3.592952065228847e-06
340 5.988253442048078e-06
341 5.988253442048078e-06
342 3.592952065228847e-06
343 0.0
344 0.0
345 1.1976506884096156e-06
346 1.1976506884096156e-06
347 1.1976506884096156e-06
348 2.3953013768192313e-06
349 1.1976506884096156e-06
350 0.0
351 0.0
352 0.0
353 0.0
354 1.1976506884096156e-06
355 1.1976506884096156e-06
356 0.0
357 0.0
358 0.0
