0 0.0
1 1.1976506884096156e-06
2 0.0
3 0.0
4 1.1976506884096156e-06
5 0.0
6 2.3953013768192313e-06
7 1.1976506884096156e-06
8 1.1976506884096156e-06
9 1.1976506884096156e-06
10 0.0
11 1.1976506884096156e-06
12 2.3953013768192313e-06
13 0.0
14 0.0
15 1.1976506884096156e-06
16 1.1976506884096156e-06
17 0.0
18 3.592952065228847e-06
19 7.185904130457693e-06
20 8.383554818867309e-06
21 9.581374786526168e-06
22 1.3174326851755015e-05
23 9.581205507276925e-06
24 1.6767278916983863e-05
25 2.2755363079782695e-05
26 2.6348315145011543e-05
27 2.7546304391919646e-05
28 3.592968993153772e-05
29 3.8324822029107714e-05
30 5.509193166684235e-05
31 6.467347573261779e-05
32 8.742866953315128e-05
33 0.00010659091126845593
34 0.00012335835946468903
35 0.00015809022942856797
36 0.00020240296634122532
37 0.00023354239207762313
38 0.00028144841961400777
39 0.00037247004121238807
40 0.0004371433476657566
41 0.0004838518937929809
42 0.0005760716739175181
43 0.0006311627591881142
44 0.000783265920129378
45 0.0008515320093687263
46 0.0009605183912932506
47 0.0010922604748560556
48 0.0013569416155530794
49 0.0014359862224296166
50 0.001579704135759521
51 0.0018216300826560112
52 0.0018815143098689844
53 0.0020731370657805287
54 0.0021976944301676203
55 0.002418063172510486
56 0.002561781085840389
57 0.0027701724749029113
58 0.0029893457671876077
59 0.0031150957038856334
60 0.0031354569505433394
61 0.0032540247072543917
62 0.003323489970695392
63 0.003333069821968675
64 0.0034049293711109993
65 0.003427684226353035
66 0.003533074439906597
67 0.0035474487873562496
68 0.0035282856992246976
69 0.003454035249966033
70 0.003333069314130929
71 0.0033522317251454803
72 0.003238455586863562
73 0.003173782280410196
74 0.0030097044746565777
75 0.003049224577464604
76 0.002779753341851691
77 0.0027162765011319867
78 0.002528246189447924
79 0.002408479935652218
80 0.0021773347070231553
81 0.002080323139190236
82 0.0019330131201913483
83 0.001802468856596202
84 0.0016587509432662967
85 0.0013784994972237024
86 0.0014252082126301748
87 0.001283884923560093
88 0.0011976552589493454
89 0.001074295375971413
90 0.0009389603403433791
91 0.0009197977600495756
92 0.0008467410680565887
93 0.0007988353790787032
94 0.0006670941419121441
95 0.0006838595587573862
96 0.0006395463140069817
97 0.0005628980241827603
98 0.0004994208449045582
99 0.00041798076737195345
100 0.0003976203671104914
101 0.0003976212135067378
102 0.0003509126673795133
103 0.00034971467813260524
104 0.0003125880146296548
105 0.0003401343190215746
106 0.0002539024537805866
107 0.00027905345679568713
108 0.0002527053109299247
109 0.00023713534414285194
110 0.00021318233037465964
111 0.00020120548493206492
112 0.000189229147327218
113 0.00014731120395363213
114 0.00018084559250835074
115 0.00015449727736333913
116 0.0001437185904469018
117 0.00014611406110297026
118 0.00014731120395363213
119 0.00012695148080916718
120 0.0001401251305439252
121 0.00017126455628032299
122 0.00015329962667492948
123 0.00013772982916710594
124 0.00012455601015309872
125 0.00018324106316441923
126 0.00017246186841023413
127 0.00018084559250835069
128 0.0001820434124760096
129 0.00019042679801562764
130 0.0002155772931929804
131 0.00022875145076548615
132 0.0002215655466350285
133 0.00024551906824096857
134 0.0002970182171218313
135 0.00033654068983934865
136 0.0003616910157374522
137 0.000425167179340159
138 0.00046588645634983964
139 0.0005293626199525463
140 0.0005389443332975709
141 0.0006766736546269287
142 0.000831172286224261
143 0.0009138084909320321
144 0.0009700999353590261
145 0.00117370072166791
146 0.0012755011994619765
147 0.0014623358918086202
148 0.0016312039617573802
149 0.0019390015429126457
150 0.002091103011061417
151 0.002422853944543374
152 0.0028384392412592577
153 0.0031438416903169526
154 0.0036708079932171846
155 0.004042079875903413
156 0.004657674361096948
157 0.005158295565157901
158 0.00572358635152874
159 0.006496069860598205
160 0.00725178947633566
161 0.008189554366620869
162 0.00903389505492316
163 0.009951301068460146
164 0.010696244028632161
165 0.011671132196835333
166 0.012632849593050995
167 0.013934694706397497
168 0.014922759402082666
169 0.015986278968884878
170 0.016725230628588356
171 0.017740840782269195
172 0.018801958107245383
173 0.01955528343728151
174 0.020425978704061033
175 0.021067921165841084
176 0.021495488217097788
177 0.022041613545427597
178 0.022045211237311797
179 0.02237216852101364
180 0.02202484779002387
181 0.02233982805900384
182 0.02168351615887238
183 0.021296674647957568
184 0.020978101257633098
185 0.020314600067786185
186 0.01964032036030208
187 0.01881992709955275
188 0.01780192181377435
189 0.016810260780438954
190 0.016241382628218108
191 0.014894021202496813
192 0.014042487500335597
193 0.012801720032909235
194 0.011855569217895677
195 0.011019614285042488
196 0.009915373579158856
197 0.009051863370113539
198 0.008199136418524391
199 0.007405092150037069
200 0.006523617857782614
201 0.006050546512977814
202 0.005433754884933615
203 0.004643302552836031
204 0.00434508702358429
205 0.003739075944528275
206 0.0031582124829023723
207 0.0027797553732026815
208 0.0025210614702722116
209 0.0021138587126996993
210 0.0018635500573805873
211 0.0017090522721795011
212 0.0015090435915395995
213 0.0013066399480813776
214 0.0011389688517040306
215 0.000988064864964419
216 0.0008575190778560294
217 0.0007521258172759835
218 0.0006551169579110509
219 0.0005904428050614365
220 0.0004886428351051177
221 0.0004706779054997243
222 0.00044792271169919097
223 0.00035450528088624376
224 0.0003293546164296418
225 0.00028623885308839704
226 0.00028623986876389257
227 0.00026707728847008935
228 0.00024312359758490014
229 0.00022994910145389578
230 0.00019881018355524574
231 0.00020719424621186075
232 0.00017485801618329956
233 0.00016527613355902564
234 0.00014611355326522247
235 0.00014611355326522255
236 0.0001293464436274879
237 0.0001305440943158975
238 0.00016647395352668455
239 0.00012814930077682595
240 0.00015090449457735947
241 0.0001257536608415083
242 0.00015449693880484062
243 0.00016527596427977638
244 0.0001772529790016204
245 0.00017246203768948336
246 0.0001556949280517487
247 0.00022156588519352697
248 0.00018922948588571655
249 0.0001856367030997369
250 0.00019761337926308233
251 0.00021437998106306925
252 0.00024671638037087966
253 0.0002503093324361085
254 0.0002706697326975705
255 0.0003101925439735864
256 0.00030659993046685597
257 0.0003604940421660396
258 0.00036288866642586183
259 0.0004455270717638732
260 0.00041678328596279305
261 0.00045510844655039943
262 0.0005365490319207518
263 0.0006060131104070074
264 0.0006072105918161684
265 0.0006503261858781631
266 0.000752126325113731
267 0.000886263540774107
268 0.0009006361954312683
269 0.001047946045150906
270 0.001086270867180014
271 0.0011964557461891937
272 0.0012790936436894579
273 0.001352151859195688
274 0.001538985028029089
275 0.001713842197816142
276 0.0018527717090226492
277 0.001966547847304566
278 0.0021725451199450132
279 0.0021881128861018463
280 0.0024060886969773814
281 0.002574955074133646
282 0.0026947206508123552
283 0.0027797552039234325
284 0.0028851498187374724
285 0.0031402468761799816
286 0.003203725240412929
287 0.0033330730382744103
288 0.0033917569063309843
289 0.0034240934749180463
290 0.003437268986724546
291 0.003559425294240344
292 0.0036815898964393566
293 0.0034037340903320798
294 0.0034205001842943176
295 0.003546255030090573
296 0.0034923600719951415
297 0.003427684395632284
298 0.003248038146604836
299 0.003189351400801023
300 0.003014493723176222
301 0.0029594034843018705
302 0.00292227495872718
303 0.002675557731960055
304 0.0025258530887013434
305 0.0023270427358668506
306 0.0022288331787870225
307 0.0019641515302522513
308 0.0017461807977541932
309 0.0016707276194296425
310 0.0015365888802560234
311 0.0013246052162452697
312 0.0011509458664258748
313 0.0010108198894857039
314 0.0008503343586803168
315 0.0007820677616032211
316 0.0006623021849245117
317 0.0005664904684102415
318 0.0005054099447428526
319 0.0003952257428506692
320 0.0003341452191832801
321 0.00026707711919084014
322 0.0002251588372587557
323 0.00018803149663880844
324 0.0001437185904469018
325 0.00014491607185606212
326 0.00010539342985929555
327 7.545216264905511e-05
328 4.910401678329276e-05
329 4.910384750404353e-05
330 3.233656858705962e-05
331 3.952247271751733e-05
332 3.473186996387886e-05
333 2.7545965833421156e-05
334 1.7964760326144234e-05
335 7.185904130457693e-06
336 4.790602753638463e-06
337 1.1976506884096156e-05
338 8.383554818867309e-06
339 5.988253442048078e-06
340 3.592952065228847e-06
341 4.790602753638463e-06
342 4.790602753638463e-06
343 4.790602753638463e-06
344 5.988253442048078e-06
345 1.1976506884096156e-06
346 4.790602753638463e-06
347 0.0
348 2.3953013768192313e-06
349 2.3953013768192313e-06
350 1.1976506884096156e-06
351 1.1976506884096156e-06
352 4.790602753638463e-06
353 3.592952065228847e-06
354 1.1976506884096156e-06
355 2.3953013768192313e-06
356 0.0
357 0.0
358 1.1976506884096156e-06
