0 3.592952065228847e-06
1 1.1976506884096156e-06
2 2.3953013768192313e-06
3 0.0
4 2.3953013768192313e-06
5 1.1976506884096156e-06
6 0.0
7 2.3953013768192313e-06
8 2.3953013768192313e-06
9 1.1976506884096156e-06
10 2.3953013768192313e-06
11 0.0
12 2.3953013768192313e-06
13 2.3953013768192313e-06
14 3.592952065228847e-06
15 3.592952065228847e-06
16 7.185904130457693e-06
17 5.988253442048078e-06
18 8.383554818867309e-06
19 1.077885619568654e-05
20 7.185904130457693e-06
21 1.7964760326144234e-05
22 2.0360061702963466e-05
23 1.916241101455385e-05
24 2.395301376819231e-05
25 2.8743616521830772e-05
26 3.233656858705962e-05
27 5.509193166684237e-05
28 5.389428097843275e-05
29 5.628958235525196e-05
30 8.263789750026355e-05
31 0.000112579164710504
32 0.00012096271952937133
33 0.00015569458949325022
34 0.00016527579500052723
35 0.0002203677266673696
36 0.0002742620076458024
37 0.00032216803518218703
38 0.00036887641203016224
39 0.00047666497398702766
40 0.0006048135976468568
41 0.0006491266731180122
42 0.000863506146343333
43 0.0010168054344597633
44 0.001154535263626869
45 0.0013102298531201197
46 0.001583294210077512
47 0.001868335073919001
48 0.0020970863554052375
49 0.002443207404355615
50 0.0029270582824731015
51 0.00314263540638683
52 0.0036600205037797865
53 0.004076802943346332
54 0.004555863218710179
55 0.00511396843950906
56 0.005515181420126279
57 0.006068496038171521
58 0.006583485834187657
59 0.007009849479261476
60 0.007487712103936919
61 0.007990725393068955
62 0.008403914880570275
63 0.008718897011622002
64 0.008996751971333037
65 0.009148853608761057
66 0.009345268321660232
67 0.00954407833593623
68 0.009518927671479624
69 0.009454254534305501
70 0.009020704985101227
71 0.008882975155934123
72 0.008648235621005834
73 0.007924854605206422
74 0.007694905673031781
75 0.00718350882908088
76 0.006754749882630231
77 0.006369106360962335
78 0.005770281016757529
79 0.005285232487951637
80 0.004802579260522558
81 0.004345076697550085
82 0.0038252962987803136
83 0.003333061865843962
84 0.003013289132038593
85 0.002523450000479061
86 0.0023545812534133057
87 0.0018898927863103732
88 0.0017114428337373403
89 0.0015066445660192962
90 0.0012970556955476146
91 0.001116210441597762
92 0.0009221910300754041
93 0.0007904494543503462
94 0.0007185904130457694
95 0.0006048135976468566
96 0.0005185827480813644
97 0.0004275612957622334
98 0.00037246936409539094
99 0.000356899905146066
100 0.0002838432131530793
101 0.0002682737542037542
102 0.00017126404844257525
103 0.00016048519224688872
104 0.00017246169913098488
105 0.00013533452779028668
106 0.00013653217847869634
107 9.10214523191309e-05
108 9.341675369595012e-05
109 0.00010060265782640786
110 8.383554818867319e-05
111 6.46731371741193e-05
112 4.3115424782746185e-05
113 5.509193166684236e-05
114 5.8684883732071214e-05
115 4.6708376847975033e-05
116 4.3115424782746185e-05
117 3.473186996387886e-05
118 3.5929520652288475e-05
119 6.108018510889046e-05
120 4.072012340592695e-05
121 4.3115424782746185e-05
122 5.030132891320388e-05
123 4.191777409433656e-05
124 4.191777409433657e-05
125 6.58707878625289e-05
126 5.6289582355251976e-05
127 4.551072615956543e-05
128 7.066139061616739e-05
129 6.706843855093855e-05
130 7.425434268139625e-05
131 6.108018510889046e-05
132 8.742850025390203e-05
133 8.862615094231166e-05
134 0.00010419560989163668
135 0.00010299795920322708
136 0.00015210163742802136
137 0.00016288049362370798
138 0.00016288049362370795
139 0.00018324055532667146
140 0.00022036772666736957
141 0.00023234423355146568
142 0.0002407277883703331
143 0.0003401327955083313
144 0.0003844458709794872
145 0.00042396834369700466
146 0.0005125944946393161
147 0.000633557214168687
148 0.0007006256527196258
149 0.0008024259612344423
150 0.0009856665165611138
151 0.0011485470101848215
152 0.0013605311820333232
153 0.001552155292178862
154 0.001762941813338955
155 0.002052773279934081
156 0.0024875204798267716
157 0.0028743616521830773
158 0.0031306588995027355
159 0.003639660442076821
160 0.004054047580266548
161 0.004630117561391573
162 0.005125944946393156
163 0.005761897461938661
164 0.00632599093617959
165 0.00707811556850083
166 0.007917668701075966
167 0.008638654415498557
168 0.009466231041189604
169 0.009878222878002515
170 0.01092137662760728
171 0.011578886855544165
172 0.012304663172720387
173 0.012701085550583973
174 0.013571777601057761
175 0.013826877197689007
176 0.014533491103850688
177 0.014655651474068464
178 0.014868833296605377
179 0.015286813386860335
180 0.014770625940155784
181 0.01477302124153261
182 0.014892786310373565
183 0.01460295484377844
184 0.013828074848377427
185 0.013481953799427045
186 0.012656772475112824
187 0.01225076889174196
188 0.011548945588333928
189 0.01098006151133936
190 0.010087811748474193
191 0.009241072711768591
192 0.008706920504737908
193 0.007763171762271128
194 0.007189497082522923
195 0.00644934895708578
196 0.005694829023387728
197 0.005244512364545708
198 0.004531910204941987
199 0.004012129806172214
200 0.0035749873049027046
201 0.0031773672763507083
202 0.002801304960190091
203 0.0024060802330149195
204 0.0021461900336300324
205 0.0017928830805491955
206 0.001535388182541127
207 0.0013030439489896625
208 0.0012395684625039522
209 0.00102878194134386
210 0.000770089392647383
211 0.0007102068582269023
212 0.0006251736593498198
213 0.0005437334125379664
214 0.00047786262467543737
215 0.0004000153299288122
216 0.00031737743242854857
217 0.0002994126721024043
218 0.0002491113431892004
219 0.0002167747746021408
220 0.0001808452539498522
221 0.00015569458949325022
222 0.00014970633605120216
223 0.00013653217847869634
224 0.00010778856195686553
225 9.700970576117897e-05
226 9.700970576117898e-05
227 7.305669199298662e-05
228 6.706843855093854e-05
229 5.628958235525197e-05
230 7.066139061616739e-05
231 5.868488373207122e-05
232 5.988253442048084e-05
233 5.8684883732071214e-05
234 4.0720123405926946e-05
235 4.6708376847975033e-05
236 4.6708376847975033e-05
237 4.43130754711558e-05
238 4.670837684797503e-05
239 4.191777409433657e-05
240 3.952247271751733e-05
241 4.5510726159565424e-05
242 3.71271713406981e-05
243 3.9522472717517324e-05
244 4.7906027536384656e-05
245 5.2696630290023114e-05
246 6.467313717411931e-05
247 7.425434268139625e-05
248 6.347548648570968e-05
249 7.664964405821547e-05
250 5.988253442048083e-05
251 9.700970576117896e-05
252 0.00012575332228300978
253 0.00010898621264527516
254 0.00015449693880484062
255 0.0001712640484425753
256 0.0001760546511962137
257 0.00021198417184850225
258 0.00022635598010941764
259 0.0002838432131530793
260 0.0003113891789865006
261 0.0003904341244215352
262 0.0004862461794943047
263 0.0005305592549654605
264 0.0006323595634802776
265 0.0007233810157994077
266 0.0007904494543503462
267 0.0010335725440974981
268 0.0012228013528662177
269 0.0012491496680112292
270 0.0015785036073238745
271 0.0017988713339912434
272 0.0020922957526515987
273 0.0023785342671814977
274 0.00273782947370438
275 0.0030731716664590724
276 0.0034911517567140296
277 0.003979793237585153
278 0.00446124881432582
279 0.004861264144254629
280 0.005444520029510114
281 0.005789443427772082
282 0.006492464381868526
283 0.00695715284897146
284 0.007401481254371427
285 0.008091328050895366
286 0.008421879640896416
287 0.008826685573578866
288 0.009166818369087202
289 0.009438685075356185
290 0.009583600808653742
291 0.00959198436347261
292 0.009700970576117882
293 0.009660250452711964
294 0.009660250452711959
295 0.009229096204884496
296 0.009178794875971298
297 0.008636259114121737
298 0.0084697856684328
299 0.0077476023033218
300 0.007185904130457694
301 0.006687681444079297
302 0.00631640973067231
303 0.005679259564438394
304 0.005207385193205012
305 0.004561851472152227
306 0.004319926033093483
307 0.0038803882304471534
308 0.0033749796399382965
309 0.002843222734284428
310 0.0025426124114936127
311 0.00221086317080415
312 0.0018922880876871934
313 0.0016731180117082335
314 0.0013365781682651316
315 0.0011844765308371094
316 0.0009641088041697402
317 0.0008443437353287791
318 0.0006730796868862045
319 0.0005772676318134354
320 0.000525768652211822
321 0.0003545046037692468
322 0.0003221680351821869
323 0.0002527042952544292
324 0.00022635598010941764
325 0.00017246169913098485
326 0.00015808989087006948
327 0.00012216037021778095
328 0.00010180030851481746
329 7.664964405821547e-05
330 4.431307547115581e-05
331 5.1498979601613525e-05
332 4.0720123405926946e-05
333 3.3534219275469236e-05
334 2.6348315145011543e-05
335 2.7545965833421156e-05
336 1.6767109637734618e-05
337 2.0360061702963466e-05
338 7.185904130457693e-06
339 2.155771239137308e-05
340 1.1976506884096156e-05
341 5.988253442048078e-06
342 3.592952065228847e-06
343 7.185904130457693e-06
344 5.988253442048078e-06
345 2.3953013768192313e-06
346 2.3953013768192313e-06
347 2.3953013768192313e-06
348 4.790602753638463e-06
349 3.592952065228847e-06
350 2.3953013768192313e-06
351 1.1976506884096156e-06
352 1.1976506884096156e-06
353 1.1976506884096156e-06
354 0.0
355 1.1976506884096156e-06
356 2.3953013768192313e-06
357 0.0
358 2.3953013768192313e-06
