0 0.038543467842693226
1 0.03724677887099493
2 0.03637474540651709
3 0.03570109532116963
4 0.03341229447083773
5 0.03173179634356855
6 0.029789209213674058
7 0.02796665430237857
8 0.025608791416525646
9 0.023266044148539042
10 0.021363513017832084
11 0.019189925146077876
12 0.016946574852597634
13 0.015053200408169825
14 0.013292464373599834
15 0.011444790802191887
16 0.01000434260731477
17 0.008354807392554871
18 0.006988489943252062
19 0.005962896482307841
20 0.005124006353773304
21 0.004117174705682168
22 0.0034551813058420963
23 0.0027296305247041836
24 0.0023374226923503286
25 0.001844551049085835
26 0.0014735356409492702
27 0.0011587303502522386
28 0.0009607537973465612
29 0.0007182252081606739
30 0.0005799352055669707
31 0.0004369139184841949
32 0.00033846730841324835
33 0.000262550967910596
34 0.00019915676348423767
35 0.00014558773812245668
36 0.00014680939160624518
37 7.22147894117822e-05
38 6.59631200938872e-05
39 4.232859039972131e-05
40 3.731817252078022e-05
41 3.611601050444445e-05
42 2.3645394048341928e-05
43 9.967011988280558e-06
44 1.3693714932856654e-05
45 1.1216571634134922e-05
46 2.4919730695117515e-06
47 2.494546032787363e-06
48 6.223631340504553e-06
49 2.485765598786675e-06
50 2.4812118802553347e-06
51 3.732403264017602e-06
52 0.0
53 1.24772913297798e-06
54 0.0
55 0.0
56 0.0
57 0.0
58 0.0
59 0.0
60 0.0
61 1.2492005116725294e-06
62 0.0
63 0.0
64 0.0
65 0.0
66 0.0
67 0.0
68 0.0
69 0.0
70 0.0
71 0.0
72 0.0
73 0.0
74 0.0
75 0.0
76 0.0
77 0.0
78 0.0
79 0.0
80 0.0
81 0.0
82 0.0
83 0.0
84 0.0
85 0.0
86 0.0
87 0.0
88 0.0
89 0.0
90 0.0
91 0.0
92 0.0
93 0.0
94 0.0
95 0.0
96 0.0
97 0.0
98 0.0
99 0.0
100 0.0
101 0.0
102 0.0
103 0.0
104 0.0
105 0.0
106 0.0
107 0.0
108 0.0
109 0.0
110 0.0
111 0.0
112 0.0
113 0.0
114 0.0
115 0.0
116 0.0
117 0.0
118 0.0
119 0.0
120 0.0
121 0.0
122 0.0
123 0.0
124 0.0
125 0.0
126 0.0
127 0.0
128 0.0
129 0.0
130 0.0
131 0.0
132 0.0
133 0.0
134 0.0
135 0.0
136 0.0
137 0.0
138 0.0
139 0.0
140 0.0
141 0.0
142 0.0
143 0.0
144 0.0
145 0.0
146 0.0
147 0.0
148 0.0
149 0.0
150 0.0
151 0.0
152 0.0
153 0.0
154 0.0
155 0.0
156 0.0
157 0.0
158 0.0
159 0.0
160 0.0
161 0.0
162 0.0
163 0.0
164 0.0
165 0.0
166 0.0
167 0.0
168 0.0
169 0.0
170 0.0
171 0.0
172 0.0
173 0.0
174 0.0
175 0.0
176 0.0
177 0.0
178 0.0
179 0.0
180 0.0
181 0.0
182 0.0
183 0.0
184 0.0
185 0.0
186 0.0
187 0.0
188 0.0
189 0.0
190 0.0
191 0.0
192 0.0
193 0.0
194 0.0
195 0.0
196 0.0
197 0.0
198 0.0
199 0.0
200 0.0
201 0.0
202 0.0
203 0.0
204 0.0
205 0.0
206 0.0
207 0.0
208 0.0
209 0.0
210 0.0
211 0.0
212 0.0
213 0.0
214 0.0
215 0.0
216 0.0
217 0.0
218 0.0
219 0.0
220 0.0
221 0.0
222 0.0
223 0.0
224 0.0
225 0.0
226 0.0
227 0.0
228 0.0
229 0.0
230 0.0
231 0.0
232 0.0
233 0.0
234 0.0
235 0.0
236 0.0
237 0.0
238 0.0
239 0.0
240 0.0
241 0.0
242 0.0
243 0.0
244 0.0
245 0.0
246 0.0
247 0.0
248 0.0
249 0.0
250 0.0
251 0.0
252 0.0
253 0.0
254 0.0
255 0.0
256 0.0
257 0.0
258 0.0
259 0.0
260 0.0
261 0.0
262 0.0
263 0.0
264 0.0
265 0.0
266 0.0
267 0.0
268 0.0
269 0.0
270 0.0
271 0.0
272 0.0
273 0.0
274 0.0
275 0.0
276 0.0
277 0.0
278 0.0
279 0.0
280 0.0
281 0.0
282 0.0
283 0.0
284 0.0
285 0.0
286 0.0
287 0.0
288 0.0
289 0.0
290 0.0
291 0.0
292 0.0
293 0.0
294 0.0
295 0.0
296 0.0
297 0.0
298 0.0
299 0.0
300 0.0
301 0.0
302 0.0
303 0.0
304 0.0
305 0.0
306 0.0
307 0.0
308 0.0
309 6.208870993795556e-06
310 6.2185270688778465e-06
311 4.982304882503319e-06
312 7.472820791556448e-06
313 7.466973643359478e-06
314 1.3686814391904891e-05
315 1.6177872770613628e-05
316 2.115237489397273e-05
317 3.234105163210009e-05
318 4.60637815592872e-05
319 4.478480355087091e-05
320 7.092694704657844e-05
321 9.332524757107035e-05
322 0.00012442738605907266
323 0.00018045599829083495
324 0.00021033220019564826
325 0.00028120764124089253
326 0.0003832897760521599
327 0.0005214068736457186
328 0.0007005021705021183
329 0.0008524041445312113
330 0.0010876776042560324
331 0.0013489727312466647
332 0.0017260391417968752
333 0.0021653832163132944
334 0.002876046538385491
335 0.0034806674793531173
336 0.004190374559504661
337 0.005126018571296365
338 0.006133739387759295
339 0.0074989421395790035
340 0.008823367174819545
341 0.010082775722288155
342 0.011721576654023081
343 0.013818301175631478
344 0.015815944104976647
345 0.017526796509547565
346 0.01991367380439263
347 0.021953681177592912
348 0.02430378862650001
349 0.02711381031071437
350 0.028727124789319353
351 0.0308071363804103
352 0.03251611894861427
353 0.03440673763882173
354 0.03582207274306898
355 0.03717892733346991
356 0.037703781410989144
357 0.03861713208333341
358 0.039283172339785004
