0 1.1976506884096156e-06
1 2.3953013768192313e-06
2 1.1976506884096156e-06
3 0.0
4 2.3953013768192313e-06
5 1.1976506884096156e-06
6 0.0
7 0.0
8 3.592952065228847e-06
9 0.0
10 4.790602753638463e-06
11 4.790602753638463e-06
12 1.1976506884096156e-06
13 1.1976506884096156e-06
14 4.790602753638463e-06
15 4.790602753638463e-06
16 3.592952065228847e-06
17 7.185904130457693e-06
18 1.077885619568654e-05
19 1.1976506884096156e-05
20 1.1976506884096156e-05
21 1.077885619568654e-05
22 2.0360061702963466e-05
23 2.155771239137308e-05
24 2.9941267210240388e-05
25 2.7545965833421156e-05
26 2.5150664456601927e-05
27 4.191777409433656e-05
28 6.587078786252891e-05
29 7.904494543503471e-05
30 8.503319887708281e-05
31 9.700970576117897e-05
32 0.00014252043192074438
33 0.00013892747985551557
34 0.00017365934981939453
35 0.00021557712391373114
36 0.00024312308974715235
37 0.00029102911728353704
38 0.0003736670147838007
39 0.00043714250126951045
40 0.0004958273850015816
41 0.0006203830565961816
42 0.0007425434268139617
43 0.0008012283105460333
44 0.0009233886807638134
45 0.0011269892977934487
46 0.0012515449693880477
47 0.001431192572649492
48 0.0015773059566354635
49 0.0017581512105853164
50 0.002019239060658613
51 0.0021881078077243673
52 0.002354581253413305
53 0.002609680850044552
54 0.002786933151929175
55 0.002978557262074715
56 0.0032659934272930217
57 0.0032372498107711917
58 0.003704333579250942
59 0.0037007406271857115
60 0.003854039915302142
61 0.004001350949976526
62 0.004160638491535004
63 0.004218125724578667
64 0.004384599170267604
65 0.004307949526209388
66 0.004384599170267601
67 0.004339088444108038
68 0.004412145136101023
69 0.004310344827586207
70 0.004232497532839582
71 0.004062431135085418
72 0.0041019536078029314
73 0.0038755976276935162
74 0.003763018462983012
75 0.003601335620047715
76 0.0034288739209167294
77 0.003246831016278468
78 0.003104310584357724
79 0.0027989096588132713
80 0.002792921405371224
81 0.0025486006649356615
82 0.0023497906506596655
83 0.0021785266022170914
84 0.00199648369757883
85 0.0018671374232305921
86 0.0017306052447518957
87 0.001548562340113633
88 0.0014659244426133702
89 0.0013126251544969385
90 0.001130582249858677
91 0.0010443514002931849
92 0.0009605158521045114
93 0.0008958427149303931
94 0.0007832635502198888
95 0.0006623008306905179
96 0.0006479290224296026
97 0.0006167901045309525
98 0.0005365475084075086
99 0.0004575025629724739
100 0.00047187437123338925
101 0.00038085291891425837
102 0.0003820505696026681
103 0.0003401327955083313
104 0.0003449233982619698
105 0.0003042032748560428
106 0.000285040863841489
107 0.0002407277883703331
108 0.0002527042952544292
109 0.0002143794732253215
110 0.00019282176083394836
111 0.00018922880876871958
112 0.00018922880876871956
113 0.00018084525394985223
114 0.00015449693880484068
115 0.0001449157332975637
116 0.00016407814431211755
117 0.0001485086853627925
118 0.00015569458949325025
119 0.00013054392503664827
120 0.00012814862365982904
121 0.0001329392264134675
122 0.0001401251305439252
123 0.0001317415757250579
124 0.00012216037021778095
125 0.00013413687710187714
126 0.00014731103467438287
127 0.00014731103467438287
128 0.0001724616991309849
129 0.00017964760326144257
130 0.00018443820601508112
131 0.00020839121978327344
132 0.00020240296634122524
133 0.00026587845282693507
134 0.00023713483630510425
135 0.00029581972003717545
136 0.0003185750831169583
137 0.0003856435216678969
138 0.0004275612957622334
139 0.0004682814191681606
140 0.0005245710015234124
141 0.0005844535359438932
142 0.0007197880637341795
143 0.000785658851596708
144 0.0009030286190608503
145 0.0009976430234452096
146 0.001195255387032796
147 0.0012467543666344098
148 0.001499458661888839
149 0.001734198196817124
150 0.0019006716425060603
151 0.0021952937118548256
152 0.0025054852401529162
153 0.0029785572620747145
154 0.0033138994548294054
155 0.003689961770990026
156 0.004197765662875703
157 0.004739103774036849
158 0.005359486830633032
159 0.006025380613388775
160 0.006582288183499249
161 0.007382318843356874
162 0.008160791790823121
163 0.009110528786731947
164 0.010112962412930799
165 0.011180069176303764
166 0.011848358260436329
167 0.013075950216056186
168 0.01388196912935585
169 0.014841287330771965
170 0.015743118299144397
171 0.01642338389016106
172 0.017609058071686574
173 0.018449808854950126
174 0.01914803920629293
175 0.020031905414339222
176 0.020092985599448113
177 0.02059599888858016
178 0.020807983060428675
179 0.020849900834523004
180 0.021285845685104107
181 0.02067025323126156
182 0.020618754251659946
183 0.020010347701947855
184 0.02006064903086107
185 0.019234270055858423
186 0.018479750122160375
187 0.017613848674440213
188 0.016685669390922774
189 0.015864081018673773
190 0.015019737283344983
191 0.01368675206714509
192 0.012986126414425465
193 0.01190345019210317
194 0.010873470600070904
195 0.010011162104415976
196 0.009082982820898523
197 0.008294928667924993
198 0.007526036925966022
199 0.006673309635818381
200 0.00598585814067126
201 0.005389428097843272
202 0.0047618591371166325
203 0.0041223136695058985
204 0.0036863688189247975
205 0.003279167584865528
206 0.0029210700290310514
207 0.0024791369250079056
208 0.002297094020369642
209 0.0019150434507669753
210 0.0017006639775416549
211 0.001420413716453804
212 0.0012467543666344096
213 0.0011844765308371102
214 0.0010311772427206792
215 0.0008970403656188018
216 0.000728171618553046
217 0.000671882036197795
218 0.0005209780494581836
219 0.0005006179877552201
220 0.000428758946450643
221 0.0004155847888781373
222 0.0003736670147838006
223 0.0003425280968851506
224 0.0003065985762328621
225 0.000275459658334212
226 0.000244320740435562
227 0.00020719356909486378
228 0.0002287512814862369
229 0.0001928217608339484
230 0.00014731103467438298
231 0.00016288049362370795
232 0.00017725230188462342
233 0.0001652757950005272
234 0.00011617211677573288
235 0.00014371808260915406
236 0.00013533452779028674
237 0.00014252043192074443
238 0.00012814862365982904
239 0.00012695097297141938
240 0.00012216037021778095
241 0.00015329928811643094
242 0.0001664734456889368
243 0.00015569458949325028
244 0.00017126404844257522
245 0.00016407814431211755
246 0.00014012513054392517
247 0.00018563585670349072
248 0.0001832405553266715
249 0.000184438206015081
250 0.00020000766496440603
251 0.00023833248699351383
252 0.00027066905558057353
253 0.000259890199384887
254 0.00024551839112397155
255 0.0003257609872474159
256 0.0003964223778635834
257 0.0004143871381897276
258 0.00044911900815360664
259 0.00043834015195792
260 0.000479060275363847
261 0.0005640934742409297
262 0.000590441789385941
263 0.0006311619127918676
264 0.0006611031800021082
265 0.0007425434268139618
266 0.0009473416945320058
267 0.0009078192218144889
268 0.0010084218796408968
269 0.0011162104415977617
270 0.0012731026817794212
271 0.0013569382299680947
272 0.0014108325109465276
273 0.0016659321075777754
274 0.0018407891080855798
275 0.0019282176083394813
276 0.0021485853350068497
277 0.002324639986203064
278 0.0024743463222542663
279 0.002589320788341588
280 0.00295460424830652
281 0.0031102988377997723
282 0.0031689837215318427
283 0.0034384551264240062
284 0.003537860133562002
285 0.003673194661352291
286 0.0037378677985264114
287 0.003976200285519924
288 0.004242078738346858
289 0.004136685477766812
290 0.004408552184035797
291 0.004301961272767339
292 0.004319926033093484
293 0.004348669649615318
294 0.0043223213344703035
295 0.004333100190665986
296 0.004057640532331775
297 0.0040348851692519954
298 0.004024106313056308
299 0.0037630184629830134
300 0.0036696017092870637
301 0.003564208448707016
302 0.003409711509902175
303 0.0032444357149016495
304 0.0029546042483065246
305 0.0028360368301539682
306 0.0025869254869647696
307 0.0023713483630510394
308 0.0021785266022170922
309 0.0019761236358758665
310 0.0018060572381217008
311 0.0016886874706575582
312 0.0014527502850408638
313 0.0012311849076850853
314 0.001101838633336846
315 0.0008886568107999354
316 0.0008347625298215023
317 0.000676672638951433
318 0.0006096042004004948
319 0.0005473263646031952
320 0.0004155847888781372
321 0.0003604928572112949
322 0.0003161797817401389
323 0.00025509959663124853
324 0.00020360061702963498
325 0.00017605465119621374
326 0.00015928754155847914
327 0.00012934627434823867
328 0.0001101838633336848
329 7.545199336980587e-05
330 6.108018510889046e-05
331 4.311542478274619e-05
332 4.790602753638464e-05
333 2.9941267210240388e-05
334 2.155771239137308e-05
335 3.233656858705962e-05
336 1.5569458949325002e-05
337 2.155771239137308e-05
338 1.4371808260915386e-05
339 1.916241101455385e-05
340 1.1976506884096156e-05
341 3.592952065228847e-06
342 2.3953013768192313e-06
343 4.790602753638463e-06
344 7.185904130457693e-06
345 0.0
346 3.592952065228847e-06
347 0.0
348 4.790602753638463e-06
349 2.3953013768192313e-06
350 0.0
351 4.790602753638463e-06
352 1.1976506884096156e-06
353 0.0
354 3.592952065228847e-06
355 2.3953013768192313e-06
356 1.1976506884096156e-06
357 0.0
358 0.0
