0 1.19766761633454e-05
1 1.1976506884096156e-05
2 1.3174496131004262e-05
3 1.7964760326144234e-05
4 5.988253442048078e-06
5 1.3174157572505772e-05
6 9.581205507276925e-06
7 1.1976506884096156e-05
8 1.077885619568654e-05
9 1.5569628228574247e-05
10 5.988253442048078e-06
11 1.4371977540164633e-05
12 1.077885619568654e-05
13 5.988253442048078e-06
14 7.186073409706938e-06
15 9.581205507276925e-06
16 1.0779025474935785e-05
17 4.790602753638463e-06
18 9.581205507276925e-06
19 9.581205507276925e-06
20 1.1976506884096156e-05
21 1.19766761633454e-05
22 1.19766761633454e-05
23 1.19766761633454e-05
24 1.6767278916983863e-05
25 7.185904130457693e-06
26 4.790602753638463e-06
27 1.796492960539348e-05
28 8.383554818867309e-06
29 1.4371808260915386e-05
30 1.4371808260915386e-05
31 1.796492960539348e-05
32 1.1976506884096156e-05
33 1.6767278916983863e-05
34 1.3174157572505772e-05
35 2.1557881670622324e-05
36 1.6767109637734618e-05
37 1.916241101455385e-05
38 2.8743785801080017e-05
39 2.5150664456601927e-05
40 2.275553235903194e-05
41 2.395301376819231e-05
42 3.3534896392466216e-05
43 3.712734061994734e-05
44 5.030183675095163e-05
45 4.311559406199543e-05
46 4.910384750404351e-05
47 5.3895127374678945e-05
48 5.748774088140934e-05
49 8.862733589705636e-05
50 8.623152668248939e-05
51 8.982498658546598e-05
52 9.461491222210746e-05
53 0.00010419628700863366
54 0.0001305452792706422
55 0.0001676726198905896
56 0.00016168436644854153
57 0.0002275578627790584
58 0.00023234643418170592
59 0.00023474071988302967
60 0.0003341480969305174
61 0.00033654289046958886
62 0.00037965899236933195
63 0.00045032021370625027
64 0.00048505225294937854
65 0.0005832604557952129
66 0.0006754800666405005
67 0.0007030299258966548
68 0.0008611169390194866
69 0.0009353733130518738
70 0.0010695106979914982
71 0.0011138263126513927
72 0.0012910784452567665
73 0.0014156371638778529
74 0.0015425874597322763
75 0.0016815166323802839
76 0.001843199136757083
77 0.001998895588322074
78 0.0021102808264876526
79 0.0022264514197501413
80 0.0024528092619313007
81 0.0026216798710687983
82 0.002803725822733546
83 0.0030169091687837005
84 0.0031785921809982486
85 0.0033306946648225147
86 0.0034768119422312217
87 0.0037750235780602288
88 0.0037762241064958776
89 0.004032522877328779
90 0.004122346340401002
91 0.004333134554353586
92 0.004399007204287857
93 0.004737949458836247
94 0.004890049064913275
95 0.005069700730876702
96 0.005069695144661478
97 0.005215807005134205
98 0.005496063529554279
99 0.005667335195563068
100 0.005941591616993647
101 0.0061356142448217394
102 0.006293702950737066
103 0.006509286168703768
104 0.006339220786625097
105 0.00667815491576952
106 0.006851818666849398
107 0.006868582560181396
108 0.006996736262218703
109 0.006999130209361527
110 0.0072410566640957645
111 0.007342859511799319
112 0.007316506456835332
113 0.0073608235950084686
114 0.007227880983010016
115 0.007350040337552299
116 0.007524906648418812
117 0.007443456075572757
118 0.0073560328229755785
119 0.007365614536320605
120 0.007280579306092531
121 0.007262613022253142
122 0.00717278989773942
123 0.007015890039991549
124 0.007140453159873114
125 0.006826668848789044
126 0.006860196635453041
127 0.0068266673252757966
128 0.006480536965966717
129 0.006300888685588273
130 0.006318855985103157
131 0.006448201582334397
132 0.005928417628700392
133 0.0059044664770039395
134 0.005809848009917596
135 0.005668525905802261
136 0.005569117343800026
137 0.005106822146722926
138 0.0054505506027644765
139 0.005122395160536482
140 0.004861305448391444
141 0.004836149366998869
142 0.00451158653827761
143 0.00470920008681994
144 0.004422959540939053
145 0.0042696590678678766
146 0.004157080241715871
147 0.004000185293066223
148 0.0037522705848899393
149 0.003717532959431584
150 0.003633703843854384
151 0.0034600402620537573
152 0.003543879365106666
153 0.003403752372490998
154 0.0032468596244715916
155 0.0032576354336407917
156 0.002994152451469924
157 0.002980975246870931
158 0.00302648766582299
159 0.0029366677576150003
160 0.0027725838578084097
161 0.0028037249763373006
162 0.0026001202966056854
163 0.002620480358308647
164 0.0025881442975593354
165 0.002608505544217043
166 0.0024192736884218373
167 0.002394124886036977
168 0.002370168994521548
169 0.002311487496374461
170 0.0023031020794838535
171 0.0023234601098358256
172 0.0022599842847916165
173 0.002194111465578097
174 0.00226836868600673
175 0.0020923142040897664
176 0.002167767043855818
177 0.002213276923619138
178 0.0021378242531323345
179 0.002088715665809312
180 0.0022060878031829444
181 0.0020935089770309392
182 0.0021126737579549824
183 0.002176150937233184
184 0.002182134958694002
185 0.0021701616681156404
186 0.0021258475769689897
187 0.0022899282604698463
188 0.0022252547847372273
189 0.0022947176782687393
190 0.0023498060550713466
191 0.0023306470296417794
192 0.002430054237410017
193 0.0023917261990751737
194 0.0024803550584854726
195 0.002639644462115692
196 0.0025941323817221347
197 0.0026647937723383013
198 0.002771386207120002
199 0.0027618060172882185
200 0.0028528305166338357
201 0.002933070742847791
202 0.0029390593348483382
203 0.0031007465790441166
204 0.003206136792597675
205 0.0032995521920596315
206 0.003339079235316881
207 0.00342650756629153
208 0.003525913250546527
209 0.003633705875205374
210 0.003751074119156273
211 0.003794192083127757
212 0.00404210577562855
213 0.004286431425162338
214 0.004357092307940758
215 0.004431346142784408
216 0.00451637934166149
217 0.004712797947983398
218 0.004909212322324078
219 0.005007420186611415
220 0.005140358566628634
221 0.005418218773996393
222 0.0055080439298611054
223 0.005682902115323656
224 0.005791889343644427
225 0.00583140741510146
226 0.006149986560920404
227 0.006197891572781291
228 0.006426648609762001
229 0.006448202767289143
230 0.006647017352104868
231 0.006799124406468861
232 0.0068614005494736716
233 0.006971588475509337
234 0.007088956550180987
235 0.0071763836962008935
236 0.007346454156657041
237 0.007300939875633245
238 0.007481784113907595
239 0.007611127341229356
240 0.00772132051492174
241 0.00766862439246947
242 0.007552446350920016
243 0.007705749871017678
244 0.007497352218622931
245 0.007613531106568634
246 0.007517718374378865
247 0.00758838568976876
248 0.007463822569887194
249 0.0074003486069147235
250 0.007284173950950254
251 0.007190754827344816
252 0.007080572148965872
253 0.007049434416021967
254 0.00660989170427741
255 0.006727263164534046
256 0.006560788703169613
257 0.006279335205178128
258 0.006315270481324893
259 0.006013460307215432
260 0.005814642506093971
261 0.005663738857912852
262 0.005486481477650753
263 0.005285275315601694
264 0.005108024367951063
265 0.004945146074957597
266 0.004811003780919742
267 0.004588241599271802
268 0.004571470596211333
269 0.004305588757799415
270 0.0041474978512538495
271 0.00381454774357024
272 0.0037175387149260583
273 0.003524718985443103
274 0.0034073461709524743
275 0.003230090652762114
276 0.0030276880249793863
277 0.0028516272797302015
278 0.002630065118680158
279 0.0024743684978359177
280 0.002459997705250498
281 0.0021414183901523076
282 0.0020360239446175175
283 0.00188391942944226
284 0.0017701439682773399
285 0.0016240277065441293
286 0.0015042629762616667
287 0.0013509619953527435
288 0.001178496741357524
289 0.001083883014090162
290 0.0009317806995451432
291 0.0008599204732858217
292 0.0008359667824006323
293 0.0006790736958227267
294 0.000589250063471255
295 0.0005413428509801258
296 0.00047906433806582877
297 0.00043235579193860453
298 0.0003700771097450582
299 0.0003018101741094638
300 0.0002862417308356342
301 0.00021677562099838701
302 0.00018443922169057651
303 0.00021917193805070164
304 0.00016048620792238425
305 0.00015569729796123814
306 0.00012695198864691483
307 0.00010419594845013518
308 8.503387599407975e-05
309 7.305719983073437e-05
310 6.227817435579856e-05
311 5.509210094609161e-05
312 4.5510726159565424e-05
313 4.311559406199543e-05
314 3.832499130835695e-05
315 4.6708376847975033e-05
316 3.473237780162659e-05
317 3.1138917898650004e-05
318 3.233707642480735e-05
319 3.233707642480735e-05
320 2.6348315145011543e-05
321 2.5151003015100414e-05
322 2.5150833735851172e-05
323 1.6767448196233108e-05
324 2.0360230982212708e-05
325 1.3174157572505772e-05
326 1.3174157572505772e-05
327 1.6767109637734618e-05
328 1.4371808260915386e-05
329 1.4371808260915386e-05
330 1.1976506884096156e-05
331 5.988253442048079e-06
332 1.077885619568654e-05
333 8.383554818867309e-06
334 1.3174157572505772e-05
335 1.1976506884096156e-05
336 7.185904130457693e-06
337 2.0360061702963466e-05
338 9.581205507276925e-06
339 1.9162580293803095e-05
340 8.383724098116554e-06
341 1.4371977540164633e-05
342 1.7964760326144234e-05
343 1.4371808260915386e-05
344 1.1976845442594646e-05
345 1.1976845442594646e-05
346 1.3174326851755015e-05
347 9.581374786526168e-06
348 1.19766761633454e-05
349 1.1976506884096156e-05
350 4.790602753638463e-06
351 1.3174326851755017e-05
352 1.077885619568654e-05
353 5.988253442048078e-06
354 1.5569628228574247e-05
355 1.5569458949325002e-05
356 9.581205507276925e-06
357 9.581544065775415e-06
358 1.3174157572505772e-05
