0 1.1976506884096156e-06
1 1.1976506884096156e-06
2 3.592952065228847e-06
3 0.0
4 2.3953013768192313e-06
5 0.0
6 2.3953013768192313e-06
7 1.1976506884096156e-06
8 1.1976506884096156e-06
9 4.790602753638463e-06
10 2.3953013768192313e-06
11 1.1976506884096156e-06
12 1.1976506884096156e-06
13 2.3953013768192313e-06
14 0.0
15 1.1976506884096156e-06
16 5.988253442048078e-06
17 4.790602753638463e-06
18 2.3953013768192313e-06
19 3.592952065228847e-06
20 8.383554818867309e-06
21 1.4371808260915386e-05
22 1.4371808260915386e-05
23 1.077885619568654e-05
24 1.916241101455385e-05
25 2.6348315145011543e-05
26 3.9522472717517324e-05
27 3.832482202910771e-05
28 4.6708376847975033e-05
29 6.946373992775777e-05
30 9.341692297519936e-05
31 7.904511471428396e-05
32 0.00010539342985929555
33 0.0001341370463811264
34 0.00013772999844635523
35 0.00020000766496440614
36 0.00022396101729109692
37 0.0002898319744328751
38 0.00038324940524582225
39 0.00042995727425604964
40 0.0004934332685795071
41 0.0005952332385358259
42 0.0007353585383589999
43 0.0007832642273368857
44 0.0009138088294905302
45 0.0010455500666570901
46 0.0011509434965163857
47 0.0013533459550198633
48 0.0015114375386824249
49 0.001735398386694273
50 0.0019030694830716177
51 0.002113856850627956
52 0.0023713515793567733
53 0.002537825194324959
54 0.0027498088583357157
55 0.0029138870026478307
56 0.003152219151082848
57 0.0034288793378527047
58 0.0035594205544213623
59 0.0036708044383529496
60 0.0038372788997173835
61 0.004056447960020846
62 0.003997762568451026
63 0.00414507343384616
64 0.004113934854506009
65 0.004116330832999825
66 0.004242085678796075
67 0.004293583812001443
68 0.004181003123777699
69 0.004118725287980399
70 0.004048062712409486
71 0.004021715582219219
72 0.0038744043782655883
73 0.003675592840476346
74 0.003585771070196617
75 0.0034288795071319546
76 0.003304322142744863
77 0.003098325377942162
78 0.0029426309577281614
79 0.002789331331053231
80 0.002549801701209058
81 0.002464767655935728
82 0.0021797264535357397
83 0.0020887048319373617
84 0.0018647451688802597
85 0.0017785148271525137
86 0.0015425764565810747
87 0.0014898799955703008
88 0.0013653233083002056
89 0.001178489800908305
90 0.0011641179926473895
91 0.0010371663425589738
92 0.0009353665418819035
93 0.0008419491110689571
94 0.0007688924190759703
95 0.0007018236419665339
96 0.0006682895919703138
97 0.0006048142747638532
98 0.0005054090983466064
99 0.00044552656392612543
100 0.00043594535841884856
101 0.00037007423199782115
102 0.00035091232882101484
103 0.00033893548337842025
104 0.0003281564579034844
105 0.0002910296251212847
106 0.00025629758587815665
107 0.000255099935189747
108 0.0002359373548959439
109 0.00020479826771804455
110 0.00019761270214608537
111 0.0001796476032614426
112 0.00014970650533045136
113 0.00017246169913098488
114 0.0001544972773633391
115 0.00014252043192074443
116 0.00014012563838167294
117 0.0001568924094609091
118 0.00011737010602264098
119 0.00015329945739568022
120 0.00015928788011697754
121 0.0001341370463811264
122 0.00011617228605498208
123 0.00015928788011697754
124 0.00015449693880484062
125 0.00015928788011697754
126 0.00015449710808408985
127 0.00016048519224688874
128 0.00015808989087006943
129 0.00019761236358758688
130 0.00016527596427977644
131 0.00021437981178382002
132 0.00024791386178004
133 0.00026707627279459387
134 0.0002455183911239715
135 0.00029342577289435024
136 0.0003245641829552525
137 0.00035690075154231227
138 0.00036648127993259223
139 0.00048504903664364275
140 0.0005437339203757139
141 0.0005449320789018714
142 0.0007030218004926909
143 0.0007832643966161348
144 0.0008886578264754305
145 0.0009916559549579065
146 0.0011150139758640965
147 0.0013425679452204224
148 0.0015653319889401076
149 0.0017330039317136987
150 0.001940197670087812
151 0.0023114687063777958
152 0.0026360317043783014
153 0.0029414329684812526
154 0.0033965417535901485
155 0.0037869757087324375
156 0.004337896718193354
157 0.004925942529085477
158 0.005482850945592191
159 0.006164317234323749
160 0.006709246943316134
161 0.007609880768837909
162 0.008403925883721476
163 0.0093416870498632
164 0.010199203927088991
165 0.011115409581469586
166 0.012170540176516953
167 0.013222078327336842
168 0.014265235123968106
169 0.015490431270373396
170 0.016274893317677935
171 0.01701623994019973
172 0.017714474692803028
173 0.0188199052625296
174 0.019337290698481054
175 0.01988821120010423
176 0.020170858624640638
177 0.020675068040947837
178 0.02130862576295428
179 0.02147031114507831
180 0.021162516103111782
181 0.02121760431063514
182 0.021082269105727847
183 0.020308587776690742
184 0.019994804142723678
185 0.01933369774641582
186 0.01879834873509298
187 0.017987537864805666
188 0.016862944206947547
189 0.015901227826407384
190 0.014991013133936823
191 0.013880789083709365
192 0.01315022114810401
193 0.012169341679432294
194 0.01128787060348358
195 0.01023872606124801
196 0.009309350481276143
197 0.008383564467784512
198 0.007539220732455736
199 0.0068529648566460375
200 0.006001434370790552
201 0.005335540588034808
202 0.00486965176177548
203 0.004263641190557211
204 0.003748651902378823
205 0.003286355858905475
206 0.002858794901701742
207 0.0026048946485513927
208 0.0021473895463901826
209 0.001954567446997736
210 0.0017880956941012927
211 0.001528203463365415
212 0.0013461612358441502
213 0.0010766900002312358
214 0.001063514826983234
215 0.0009138083216527832
216 0.0007664976255368985
217 0.0007102078739023975
218 0.0006527199637417396
219 0.0005497218352592633
220 0.00047067705910347815
221 0.00040121348845496965
222 0.00034731903819728763
223 0.00034492356754121906
224 0.0003149829774479756
225 0.00027306469551589125
226 0.0002598905379433855
227 0.0002119845104070008
228 0.00021797276384904888
229 0.00019042730585337543
230 0.0001856360259827399
231 0.0001808452539498522
232 0.000184438206015081
233 0.00014491590257681292
234 0.0001544976159218376
235 0.0001521021452657691
236 0.0001497068438889499
237 0.0001269509729714194
238 0.00014132295051158403
239 0.00012455584087384943
240 0.00011976523812021096
241 0.00012335802090619055
242 0.00014611372254447175
243 0.00013892747985551563
244 0.00016527596427977644
245 0.0001640783135913668
246 0.00016886874706575601
247 0.00018683350739190035
248 0.0001556947587724995
249 0.00021917024525820928
250 0.00021198434112775153
251 0.00027186687554823233
252 0.00022156537735577915
253 0.0002682740927622528
254 0.00030180848131697134
255 0.00030180831203772203
256 0.0003521098102301753
257 0.00038803899232396535
258 0.0004119928524884039
259 0.0004850490366436428
260 0.0005173862823476996
261 0.0005377453283751674
262 0.0005688857697870605
263 0.0006623018463660133
264 0.0007341605491120914
265 0.0007940435913703201
266 0.0008299724349056113
267 0.000979679278794561
268 0.0010108185352517088
269 0.0011245951813713734
270 0.0011892678107077454
271 0.0013545442828252691
272 0.0014934722705185323
273 0.0015988658696570773
274 0.0017497695178381905
275 0.0018479775514047758
276 0.0019473827278220245
277 0.0022420041200537917
278 0.0024012914923330192
279 0.002525848010323869
280 0.002833645252920634
281 0.0028875397031783174
282 0.003055211476672659
283 0.0031234777351912576
284 0.003342646626215471
285 0.003620503447998243
286 0.0037714059112246125
287 0.0038756010132785005
288 0.003912729538853195
289 0.003929496817770179
290 0.003964228349175558
291 0.004209747755975023
292 0.004231302759898408
293 0.004137886514040208
294 0.004131899445552904
295 0.0040947724434914545
296 0.004116330325162078
297 0.003973810401079079
298 0.0037666156470294704
299 0.0038372780533211374
300 0.003566606119993324
301 0.0034444462576132926
302 0.0032839605575286568
303 0.003136650030692021
304 0.0028456226062009765
305 0.0026815437847718623
306 0.0025258478410446193
307 0.0023114692142155425
308 0.0020527749727265736
309 0.0018731282158613778
310 0.001741385963019324
311 0.0015294014526123227
312 0.0013413706330905114
313 0.0011329785669109914
314 0.001062317684132572
315 0.0008934482599498196
316 0.0007712877204527896
317 0.0006084068882705836
318 0.0005772686474889309
319 0.00048385138595523325
320 0.000392829764356853
321 0.0002958198893164247
322 0.0002802507689255982
323 0.00026108852719029357
324 0.00017485750834555187
325 0.00015210163742802134
326 0.00011617211677573287
327 0.00011018403261293401
328 7.425434268139625e-05
329 7.185921058382625e-05
330 5.2696630290023134e-05
331 4.3115424782746185e-05
332 2.9941436489489633e-05
333 2.2755363079782695e-05
334 2.5150833735851172e-05
335 2.155771239137308e-05
336 2.5150664456601927e-05
337 1.5569458949325002e-05
338 1.1976506884096156e-05
339 7.185904130457693e-06
340 1.077885619568654e-05
341 8.383554818867309e-06
342 5.988253442048078e-06
343 1.077885619568654e-05
344 4.790602753638463e-06
345 7.185904130457693e-06
346 3.592952065228847e-06
347 1.1976506884096156e-06
348 0.0
349 0.0
350 2.3953013768192313e-06
351 1.1976506884096156e-06
352 0.0
353 1.1976506884096156e-06
354 2.3953013768192313e-06
355 0.0
356 2.3953013768192313e-06
357 0.0
358 1.1976506884096156e-06
