0 0.0
1 0.0
2 0.0
3 0.0
4 0.0
5 0.0
6 0.0
7 0.0
8 0.0
9 0.0
10 0.0
11 0.0
12 0.0
13 0.0
14 0.0
15 1.1976506884096156e-06
16 0.0
17 0.0
18 0.0
19 0.0
20 1.1976506884096156e-06
21 0.0
22 0.0
23 1.1976506884096156e-06
24 1.1976506884096156e-06
25 0.0
26 0.0
27 0.0
28 2.3953013768192313e-06
29 0.0
30 0.0
31 3.592952065228847e-06
32 0.0
33 0.0
34 2.3953013768192313e-06
35 0.0
36 5.988253442048078e-06
37 1.1976506884096156e-06
38 4.790602753638463e-06
39 1.1976506884096156e-06
40 3.592952065228847e-06
41 4.790602753638463e-06
42 4.790602753638463e-06
43 7.185904130457693e-06
44 8.383554818867309e-06
45 7.185904130457693e-06
46 1.3174157572505772e-05
47 1.7964760326144234e-05
48 1.7964760326144234e-05
49 2.395301376819231e-05
50 2.7545965833421156e-05
51 2.9941267210240388e-05
52 3.5929520652288475e-05
53 3.3534219275469236e-05
54 5.269663029002311e-05
55 5.149897960161352e-05
56 6.108018510889046e-05
57 7.784729474662507e-05
58 9.461440438435971e-05
59 0.00010180030851481745
60 0.00010659091126845591
61 0.00016647344568893673
62 0.00021437947322532148
63 0.0002119841718485022
64 0.00021318182253691188
65 0.0003161797817401389
66 0.00032576098724741584
67 0.00038803882304471593
68 0.0004060035833708603
69 0.0005473263646031949
70 0.0006024182962700372
71 0.0006419407689875544
72 0.0007161951116689504
73 0.0007880541529735265
74 0.0009066215711260791
75 0.0009988406741336196
76 0.0011114198388441233
77 0.0012120224966705312
78 0.00136891473685219
79 0.0015018539632656585
80 0.0015916777648963781
81 0.0016850945185923286
82 0.001821626697071026
83 0.0019413917659119875
84 0.002059959184064539
85 0.0021533759377604894
86 0.002270745705224631
87 0.002317454082072606
88 0.002299489321746461
89 0.002591716089718408
90 0.0025366241580515652
91 0.002548600664935663
92 0.0026048902472909133
93 0.002627645610370696
94 0.002703097603740502
95 0.0027210623640666477
96 0.0027102835078709597
97 0.0026563892268925272
98 0.002751003631276887
99 0.002567763075950217
100 0.0026791445899723106
101 0.002754596583342117
102 0.0026575868775809367
103 0.002724655316131874
104 0.0026899234461679965
105 0.00280130496019009
106 0.002846815686349657
107 0.0029558018989949302
108 0.002904302919393319
109 0.003010893830661773
110 0.002942627741422425
111 0.0030791599199011203
112 0.003160600166712974
113 0.0032013202901189034
114 0.003275574632800299
115 0.003280365235553938
116 0.0032983299958800815
117 0.0033402477699744203
118 0.0033474336741048747
119 0.0033881537975108023
120 0.0035558248938881492
121 0.003470791695011068
122 0.0033773749413151164
123 0.0034420480784892343
124 0.0033462360234164656
125 0.0034875588046488007
126 0.003294737043814853
127 0.0034109091605905853
128 0.003416897414032633
129 0.003421688016786272
130 0.0033558172289237433
131 0.00327796993417712
132 0.003222878002510275
133 0.0032120991463145876
134 0.003233656858705963
135 0.0032132967970029997
136 0.0031989249887420844
137 0.0032420404135248305
138 0.0033366548179091884
139 0.003287551139684395
140 0.003327073612401913
141 0.0033749796399382974
142 0.0033701890371846586
143 0.0035091165170401738
144 0.0034504316333081046
145 0.003594149715917257
146 0.003698345325808893
147 0.0038300869015339516
148 0.003874399977005107
149 0.003906736545592166
150 0.004010932155483802
151 0.004198963313564112
152 0.004396575677151701
153 0.004485201828094011
154 0.004608559849000201
155 0.00482772992497916
156 0.004907972521102608
157 0.004970250356899905
158 0.005212175795958644
159 0.005298406645524141
160 0.0056074005231338195
161 0.0055894357628076775
162 0.005866093071830299
163 0.005834954153931649
164 0.006075681942301981
165 0.006153529237048603
166 0.006330781538933227
167 0.006500847936687397
168 0.0066505542727385986
169 0.00655234691628901
170 0.006758342834695461
171 0.00685535254045664
172 0.0071619511166895
173 0.007184706479769284
174 0.007286506788284104
175 0.007251774918320226
176 0.007321238658247983
177 0.00750208391219783
178 0.007343994021327762
179 0.00735357522683504
180 0.007170334671508371
181 0.0074386084257121255
182 0.007290099740349333
183 0.007342796370639352
184 0.007024221287522395
185 0.007020628335457166
186 0.0068553525404566416
187 0.006715227409912716
188 0.006582288183499248
189 0.006524800950455586
190 0.006520010347701949
191 0.00619664466183135
192 0.005994241695490127
193 0.006030171216142418
194 0.005799024633279357
195 0.005682852516503626
196 0.005497216659800137
197 0.005341522070306886
198 0.00525888417280662
199 0.0049918080692912805
200 0.0049355184869360235
201 0.004800183959145741
202 0.004546282013202902
203 0.004363041457876228
204 0.004403761581282157
205 0.004255252895919367
206 0.004101953607802936
207 0.004012129806172212
208 0.0038743999770051076
209 0.0037797855726207476
210 0.0038576328673673743
211 0.003716310086135036
212 0.0037917620795048412
213 0.0036037309214245338
214 0.00346480344156902
215 0.0036420557434536428
216 0.0034743846470762954
217 0.003461210489503789
218 0.0033234806603366844
219 0.003432466872981959
220 0.003398932653706489
221 0.003430071571605138
222 0.003517500071859042
223 0.0033953397016412584
224 0.003347433674104877
225 0.0035366624828735947
226 0.0034803729005183446
227 0.0036432533941420523
228 0.003554627243199741
229 0.0037055312299393507
230 0.0037127171340698073
231 0.0038193080453382653
232 0.0038779929290703357
233 0.003967816730701055
234 0.00402051336099108
235 0.004117523066752259
236 0.004252857594542546
237 0.004335495492042808
238 0.004511550143239022
239 0.0045606538214638176
240 0.0045834091845435975
241 0.004614548102442251
242 0.004785812150884825
243 0.005039714096827665
244 0.00498102921309559
245 0.005291220741393679
246 0.005434938824002835
247 0.005394218700596909
248 0.005626562934148374
249 0.005931963859692827
250 0.0058684883732071135
251 0.006030171216142411
252 0.006066100736794703
253 0.006231376531795227
254 0.006451744258462599
255 0.006633787163100861
256 0.006735587471615674
257 0.006920025677630756
258 0.00700266357513102
259 0.007300878596545017
260 0.007375132939226414
261 0.007544001686292169
262 0.007583524159009684
263 0.007736823447126117
264 0.007788322426727731
265 0.007906889844880284
266 0.007694905673031778
267 0.008030247865786475
268 0.007642209042741757
269 0.00766376675513313
270 0.007767962365024771
271 0.007486514453248508
272 0.007167939370131551
273 0.007052964904044226
274 0.006716425060601121
275 0.0065870787862528845
276 0.006314014429295492
277 0.005939149763823284
278 0.00576189746193866
279 0.005401404604727365
280 0.005054085905088577
281 0.004772637993312318
282 0.00436423910856464
283 0.00414506903258568
284 0.003917515401787855
285 0.0034073162085253568
286 0.0032120991463145897
287 0.00292586063178469
288 0.002659982178957758
289 0.0024647651167469887
290 0.0021509806363836704
291 0.001905462245259699
292 0.0017617441626505443
293 0.0014994586618888388
294 0.001325799312069445
295 0.0011868718322139283
296 0.0010623161606193286
297 0.000906621571126079
298 0.0007784729474662506
299 0.0006730796868862038
300 0.0005245710015234123
301 0.0004994203370668105
302 0.00038444587097948707
303 0.00034252809688515033
304 0.00031258682967491005
305 0.0002467160418123811
306 0.00021917007597895997
307 0.0001736593498193944
308 0.000143718082609154
309 0.00013293922641346742
310 0.00013054392503664827
311 0.00010060265782640782
312 5.389428097843274e-05
313 5.269663029002313e-05
314 5.269663029002311e-05
315 4.6708376847975033e-05
316 3.832482202910771e-05
317 3.473186996387886e-05
318 3.1138917898650004e-05
319 1.7964760326144234e-05
320 1.4371808260915386e-05
321 1.3174157572505772e-05
322 9.581205507276925e-06
323 8.383554818867309e-06
324 9.581205507276925e-06
325 8.383554818867309e-06
326 8.383554818867309e-06
327 8.383554818867309e-06
328 4.790602753638463e-06
329 3.592952065228847e-06
330 1.1976506884096156e-06
331 2.3953013768192313e-06
332 2.3953013768192313e-06
333 4.790602753638463e-06
334 2.3953013768192313e-06
335 0.0
336 3.592952065228847e-06
337 2.3953013768192313e-06
338 0.0
339 1.1976506884096156e-06
340 1.1976506884096156e-06
341 1.1976506884096156e-06
342 1.1976506884096156e-06
343 0.0
344 0.0
345 0.0
346 0.0
347 1.1976506884096156e-06
348 0.0
349 0.0
350 0.0
351 0.0
352 0.0
353 0.0
354 0.0
355 0.0
356 0.0
357 1.1976506884096156e-06
358 0.0
