0 1.1976506884096156e-05
1 1.5569628228574247e-05
2 1.1976506884096156e-05
3 9.58137478652617e-06
4 1.19766761633454e-05
5 1.5569458949325002e-05
6 1.6767278916983863e-05
7 1.077885619568654e-05
8 1.916241101455385e-05
9 1.796492960539348e-05
10 9.581205507276925e-06
11 1.6767109637734618e-05
12 7.185904130457693e-06
13 1.077885619568654e-05
14 1.077885619568654e-05
15 1.0779025474935785e-05
16 1.0779533360543077e-05
17 9.58154411363497e-06
18 9.581205507276925e-06
19 8.383554818867309e-06
20 1.3174326851755015e-05
21 7.186073409706938e-06
22 8.383554818867309e-06
23 1.19766761633454e-05
24 1.077885619568654e-05
25 1.4371977540164631e-05
26 1.5569628228574247e-05
27 1.19766761633454e-05
28 9.581205507276925e-06
29 2.0360061702963466e-05
30 1.3174157572505772e-05
31 2.036040030932151e-05
32 1.796509893250228e-05
33 2.8743785801080017e-05
34 2.6348315145011543e-05
35 1.6767109637734618e-05
36 3.1139256457148494e-05
37 2.515134162145846e-05
38 2.75461351126704e-05
39 2.75461351126704e-05
40 2.5151172342209216e-05
41 2.5151003015100414e-05
42 3.8324991308356956e-05
43 4.191845130705266e-05
44 3.47320392431281e-05
45 5.149948743936123e-05
46 5.7487910160658585e-05
47 6.227817435579856e-05
48 6.826659712495542e-05
49 8.742917737089902e-05
50 8.503421460043786e-05
51 0.00010539461486189984
52 0.00012455685659720447
53 0.000141323627628581
54 0.00014611406115082982
55 0.00018204459752647336
56 0.00020599794990102372
57 0.00024552109987911676
58 0.0002730658805663551
59 0.0002946252858937993
60 0.00034253080544885764
61 0.000366486189270118
62 0.0004371463948836812
63 0.0005054131612878858
64 0.0006000289198583797
65 0.0006611111365575587
66 0.0007329706858434619
67 0.0008144139798732402
68 0.0009198080868495328
69 0.0010311906166428411
70 0.001156945970372561
71 0.0012623383843170634
72 0.0013880927227063048
73 0.001435998242261363
74 0.0015892966838858289
75 0.00176296043530072
76 0.0019929112295949676
77 0.002087526649750542
78 0.0022779536168539786
79 0.002480358784064742
80 0.002713905408793632
81 0.0028157063941861467
82 0.002850436063232626
83 0.0031558425755187584
84 0.003401365537517479
85 0.003500773084131371
86 0.0035618520843812384
87 0.0037199446835757166
88 0.003952287223903956
89 0.004155887841125027
90 0.004293624611459242
91 0.004481649505537297
92 0.004578663951117454
93 0.004941557866779408
94 0.0050720982356117555
95 0.005298457940343249
96 0.005326013386771821
97 0.005603864621525755
98 0.005632610270451488
99 0.005876927962855513
100 0.0060350249643633825
101 0.006293720560134204
102 0.00645660122318074
103 0.00670691343278977
104 0.006602714437552447
105 0.006808718143043662
106 0.00706860715737809
107 0.007086577843243707
108 0.007273412196983993
109 0.007260228558194164
110 0.007261434843560075
111 0.007578817015807597
112 0.007492583458013414
113 0.007515335773444539
114 0.007734504326053837
115 0.007703369640615011
116 0.007696185767931266
117 0.007460235715942998
118 0.007454248816591365
119 0.007459048561620952
120 0.0075345032630280105
121 0.007268623794860594
122 0.007237483014555187
123 0.007261437552219499
124 0.007007529850303593
125 0.006982376308004035
126 0.006924901771621961
127 0.006790749827709707
128 0.006509297683952215
129 0.006397923957302041
130 0.006396725290890278
131 0.006249410193178896
132 0.006031433196343566
133 0.005951191447334262
134 0.005782319483053437
135 0.00549248276908874
136 0.005540389134657169
137 0.005221809650327592
138 0.005207443767510431
139 0.0050361748093953156
140 0.004904427477840766
141 0.004819401727681387
142 0.004593042531888405
143 0.004480463027853654
144 0.004270874496179764
145 0.004252898901311639
146 0.0040241420328444195
147 0.0039822259520211735
148 0.003887612563408029
149 0.0036612567527214393
150 0.0037510837709929137
151 0.00354508599027542
152 0.003400165178265362
153 0.0031965635451773563
154 0.003167817727929565
155 0.003040866585822476
156 0.0029498402237829427
157 0.00283486711212105
158 0.00284205978833081
159 0.0027378613005004985
160 0.002712703017759788
161 0.0026336612886783475
162 0.0025414447254338613
163 0.0024372496233799716
164 0.0024504244583566314
165 0.0024480284795277978
166 0.0023246665648638597
167 0.0023019091700502083
168 0.0022887370442115696
169 0.002246819608627872
170 0.0021797479531490255
171 0.002119866096611294
172 0.0022336468054329392
173 0.0022647811523132657
174 0.0021007043623308607
175 0.0021522008025522967
176 0.0021042946057845215
177 0.002063571604535639
178 0.002083934882831496
179 0.0020683644082066755
180 0.0020959117279869335
181 0.0021270475986676592
182 0.002053992091868715
183 0.0020492040285909714
184 0.0020839369141824864
185 0.002191724121905359
186 0.0021689711285436263
187 0.002203701474898544
188 0.0021689662190625225
189 0.0022887339970893645
190 0.002300709995657118
191 0.0023162792856143513
192 0.00230669892650332
193 0.002359398942617625
194 0.0023282568082218006
195 0.0023905344744526943
196 0.0024420383638225707
197 0.002498326253193891
198 0.0027330681579359464
199 0.0027055204993578926
200 0.0027666071180354438
201 0.002838463111547783
202 0.0029211037176596127
203 0.0029654181476997795
204 0.0030899770358394146
205 0.0032372850231044336
206 0.003258840026740661
207 0.003312738370851812
208 0.0034971748836436626
209 0.0034899942276963862
210 0.0035618547922749108
211 0.0037199448531899824
212 0.003961871646530579
213 0.00407685271470006
214 0.004195414714720146
215 0.004233741061171829
216 0.004343926956095805
217 0.004460098395515241
218 0.004692445506574647
219 0.004769101245260149
220 0.004971506921026555
221 0.005027795656315524
222 0.005309246615788302
223 0.005445783364615293
224 0.005541584076973311
225 0.005673329376793991
226 0.0057655557600057375
227 0.005936820146863234
228 0.0062134823652233865
229 0.006238636754062763
230 0.006490141367517088
231 0.006429060335581215
232 0.006576372386074677
233 0.0068757901367459935
234 0.0068949484847714085
235 0.007063814015292132
236 0.007055436555387713
237 0.0070566289581322356
238 0.007123713817775399
239 0.007278201615261481
240 0.007442283314007098
241 0.007459048392389565
242 0.007618337626788391
243 0.007453057260673819
244 0.007445878128431228
245 0.00744227738870692
246 0.0072997637287219
247 0.007483004792460632
248 0.007424310258519147
249 0.007218310954479848
250 0.007239871544283441
251 0.007062618226771182
252 0.007001540750561016
253 0.00696441984374903
254 0.006843447812233728
255 0.006607507071657074
256 0.006617093356068286
257 0.006395528655542347
258 0.00623863336886066
259 0.006117666416536438
260 0.005908080255107063
261 0.005759560395925892
262 0.005578714803273961
263 0.005395474756407214
264 0.005206242392582821
265 0.005020604504289045
266 0.004893655562860052
267 0.004708016997880011
268 0.004599036879766305
269 0.0043463231039167285
270 0.004112779865203561
271 0.003954686419564977
272 0.0038037824325382087
273 0.0037642550503874453
274 0.003442088030785036
275 0.003419328774043221
276 0.0031821958002405957
277 0.0031031474692205753
278 0.0028288819060883655
279 0.0026516323131024677
280 0.0025665996220152715
281 0.0023534166145236166
282 0.002154594411040904
283 0.0019390186415047467
284 0.0018851233449943977
285 0.0017150513603549728
286 0.00152702206477714
287 0.001374916702727041
288 0.0013126378510628066
289 0.001128200322404021
290 0.0010335828706102977
291 0.0009593276817240937
292 0.000833571481263111
293 0.0007150067717699853
294 0.0006790735267349161
295 0.0005748774091012507
296 0.00048744873952024016
297 0.000458707154588698
298 0.00037007677133013843
299 0.00032336805592366477
300 0.0002970212644354751
301 0.00028384642960239357
302 0.0002311497994559491
303 0.00019282446958909365
304 0.00017006809059451762
305 0.00013294024213682254
306 0.00013054477148075403
307 0.00012455651803870596
308 7.904579187914051e-05
309 7.78478026322324e-05
310 9.58134093546229e-05
311 6.108069299449773e-05
312 7.904494543503473e-05
313 6.227851291429707e-05
314 6.467381433897585e-05
315 3.473186996387886e-05
316 3.9522641996766565e-05
317 2.6348315145011543e-05
318 2.515134162145846e-05
319 3.233656858705962e-05
320 2.5150664456601927e-05
321 2.2755701686140742e-05
322 2.8744632245185803e-05
323 1.4371977540164631e-05
324 2.1557881670622324e-05
325 1.796492960539348e-05
326 1.7965098884642724e-05
327 1.7964760326144234e-05
328 3.1138917898650004e-05
329 1.916241101455385e-05
330 1.19766761633454e-05
331 1.676761752334191e-05
332 1.4371808260915386e-05
333 1.3174157572505772e-05
334 1.3174157572505772e-05
335 1.4371977540164631e-05
336 9.581205507276925e-06
337 1.4371808260915386e-05
338 4.790602753638463e-06
339 1.796492960539348e-05
340 1.6767786850450712e-05
341 1.5569628228574247e-05
342 1.6767278916983863e-05
343 1.5569797507823492e-05
344 1.676761752334191e-05
345 1.3174157572505772e-05
346 1.3174665458113062e-05
347 9.581205507276925e-06
348 1.7964760326144234e-05
349 8.383554818867309e-06
350 8.383554818867309e-06
351 7.185904130457693e-06
352 9.58154411363497e-06
353 1.916241101455385e-05
354 1.1976845490454203e-05
355 8.383554818867309e-06
356 9.581205507276925e-06
357 1.7964760326144234e-05
358 7.186412016064984e-06
