0 0.0
1 0.0
2 1.1976506884096156e-06
3 1.1976506884096156e-06
4 0.0
5 0.0
6 0.0
7 0.0
8 0.0
9 1.1976506884096156e-06
10 0.0
11 0.0
12 1.1976506884096156e-06
13 1.1976506884096156e-06
14 2.3953013768192313e-06
15 1.1976506884096156e-06
16 0.0
17 1.1976506884096156e-06
18 1.1976506884096156e-06
19 0.0
20 2.3953013768192313e-06
21 1.1976506884096156e-06
22 2.3953013768192313e-06
23 3.592952065228847e-06
24 3.592952065228847e-06
25 8.383554818867309e-06
26 2.3953013768192313e-06
27 4.790602753638463e-06
28 7.185904130457694e-06
29 3.592952065228847e-06
30 7.185904130457694e-06
31 8.383554818867309e-06
32 8.383554818867309e-06
33 1.4371808260915388e-05
34 2.036006170296347e-05
35 1.6767109637734618e-05
36 2.754596583342116e-05
37 3.3534219275469236e-05
38 2.0360061702963466e-05
39 4.670837684797501e-05
40 5.509193166684231e-05
41 6.347548648570964e-05
42 8.144024681185387e-05
43 7.425434268139617e-05
44 7.66496440582154e-05
45 0.00011138151402209425
46 0.0001149744660873231
47 0.00014731103467438274
48 0.00015808989087006927
49 0.00016407814431211733
50 0.00022515832942100774
51 0.00021797242529055007
52 0.0002515066445660193
53 0.00026827375420375395
54 0.0003077962269212712
55 0.000320970384493777
56 0.0002958197200371751
57 0.0003089938776096808
58 0.00036528345996493283
59 0.000377259966849029
60 0.00039043412442153476
61 0.0003892364737331251
62 0.0004107941861244982
63 0.00037845761753743857
64 0.0003640858092765231
65 0.00035210930239242704
66 0.0003018079734792232
67 0.00033773749413151165
68 0.0003018079734792232
69 0.00029941267210240394
70 0.0002754596583342116
71 0.00020599591840645388
72 0.0002299489321746462
73 0.00019521706221076735
74 0.00013653217847869618
75 0.00012814862365982888
76 0.0001377298291671058
77 9.700970576117887e-05
78 9.461440438435964e-05
79 8.263789750026348e-05
80 6.467313717411925e-05
81 4.551072615956539e-05
82 4.790602753638463e-05
83 4.072012340592693e-05
84 2.994126721024039e-05
85 2.1557712391373086e-05
86 2.6348315145011547e-05
87 1.3174157572505773e-05
88 2.2755363079782695e-05
89 1.0778856195686543e-05
90 1.0778856195686543e-05
91 1.1976506884096157e-05
92 1.0778856195686543e-05
93 5.988253442048079e-06
94 3.592952065228847e-06
95 5.988253442048078e-06
96 0.0
97 2.3953013768192313e-06
98 4.790602753638463e-06
99 1.1976506884096156e-06
100 1.1976506884096156e-06
101 1.1976506884096156e-06
102 1.1976506884096156e-06
103 0.0
104 2.3953013768192313e-06
105 0.0
106 0.0
107 0.0
108 0.0
109 0.0
110 0.0
111 0.0
112 0.0
113 0.0
114 0.0
115 0.0
116 0.0
117 2.3953013768192313e-06
118 0.0
119 0.0
120 1.1976506884096156e-06
121 0.0
122 0.0
123 0.0
124 0.0
125 0.0
126 0.0
127 0.0
128 1.1976506884096156e-06
129 0.0
130 1.1976506884096156e-06
131 0.0
132 0.0
133 0.0
134 0.0
135 1.1976506884096156e-06
136 0.0
137 1.1976506884096156e-06
138 0.0
139 0.0
140 0.0
141 0.0
142 4.790602753638463e-06
143 0.0
144 2.3953013768192313e-06
145 2.3953013768192313e-06
146 1.1976506884096156e-06
147 0.0
148 5.988253442048078e-06
149 2.3953013768192313e-06
150 3.592952065228847e-06
151 4.790602753638463e-06
152 4.790602753638463e-06
153 1.1976506884096156e-05
154 8.383554818867309e-06
155 1.1976506884096156e-05
156 2.0360061702963466e-05
157 1.4371808260915386e-05
158 2.6348315145011543e-05
159 3.233656858705962e-05
160 3.71271713406981e-05
161 6.227783579730005e-05
162 6.946373992775776e-05
163 8.982380163072126e-05
164 0.00011018386333368479
165 0.00013054392503664822
166 0.000194019411522358
167 0.00021198417184850222
168 0.0002862385145298985
169 0.0003233656858705967
170 0.0004706767205449797
171 0.0005808605838786636
172 0.000621580707284591
173 0.0007964377077923946
174 0.0010539326058004621
175 0.0012515449693880484
176 0.001450354983664045
177 0.0017940807312376047
178 0.0021234346705502473
179 0.002548600664935663
180 0.0031294612488143264
181 0.0035570225445765566
182 0.004276810608310736
183 0.004916356075921472
184 0.005725967941286375
185 0.0065283939025208145
186 0.007292495041726148
187 0.008255406195207482
188 0.009117714690862404
189 0.01001235975510439
190 0.010934550785179792
191 0.012010041103371626
192 0.012638807714786676
193 0.013374165237470178
194 0.013950235218595206
195 0.014600559542401626
196 0.014967040653054972
197 0.015293999290990795
198 0.015591016661716377
199 0.01561257437410775
200 0.015591016661716382
201 0.01545208918186086
202 0.015170641270084603
203 0.01447360856943021
204 0.014049640225733202
205 0.013552615190043209
206 0.012931034482758627
207 0.012236397083481034
208 0.011673501259928522
209 0.010867482346628852
210 0.010128531871880118
211 0.009650669247204686
212 0.008956031847927107
213 0.00855242356593306
214 0.007900901591438232
215 0.007474537946364411
216 0.007044581349225361
217 0.006340362744440505
218 0.005958312174837839
219 0.0055547038928437965
220 0.005262477124871851
221 0.004909170171791017
222 0.00463969876689885
223 0.004248066991788906
224 0.004117523066752259
225 0.0038229009974034937
226 0.0034612104895037897
227 0.0032156920983798195
228 0.0031749719749738906
229 0.0030300562416763267
230 0.0029055005700817293
231 0.00277974724779872
232 0.002746213028523248
233 0.002598901993848866
234 0.0025641701238849866
235 0.0025114734935949633
236 0.0024599745139933507
237 0.002449195657797664
238 0.0025258453018558802
239 0.0025234500004790612
240 0.0024707533701890374
241 0.002509078192218146
242 0.002583332534899542
243 0.0026743539872186714
244 0.0028384321315307885
245 0.002978557262074712
246 0.0032384474614596003
247 0.0033390501192860074
248 0.003543848387004052
249 0.0038600281687441907
250 0.004196568012187293
251 0.004407354533347386
252 0.004735510821971621
253 0.005202594590451371
254 0.005546320338024929
255 0.006152331586360196
256 0.006558335169731054
257 0.0071727299728851866
258 0.007885332132488905
259 0.008534458805606923
260 0.009074599266079656
261 0.009627913884124902
262 0.010350097249235905
263 0.011150127909093525
264 0.011576491554167343
265 0.012492694330800694
266 0.01278611874946105
267 0.013272364928955364
268 0.01351548801870251
269 0.013961014074790888
270 0.014004129499573637
271 0.01430234452098763
272 0.014157428787690076
273 0.014111918061530507
274 0.013721483937108968
275 0.013469977292542954
276 0.013243621312433541
277 0.012726236215040581
278 0.012267536001379689
279 0.01171901198608809
280 0.011292648341014271
281 0.010769274990179269
282 0.010429142194670931
283 0.009969244330321649
284 0.009541683034559408
285 0.008900939916260262
286 0.008521284648034418
287 0.008242232037634974
288 0.007661371453756314
289 0.0072230313017983905
290 0.006767924040202741
291 0.006222992976976364
292 0.005632551187590423
293 0.005352300926502574
294 0.004645687020340898
295 0.004157045539469776
296 0.00380613388776576
297 0.0033342595165323707
298 0.0029869408168935827
299 0.0026492033227620677
300 0.002299489321746461
301 0.0019677400810569983
302 0.0016563509020704986
303 0.0014216113671422137
304 0.0011461517088080019
305 0.001025188989278631
306 0.0008790756052926577
307 0.0007221833651109982
308 0.0005976276935163985
309 0.0005030132891320391
310 0.00039762002855199286
311 0.00036887641203016197
312 0.00027426200764580234
313 0.0002622855007617061
314 0.00017126404844257517
315 0.0001568922401816598
316 0.0001173697674641425
317 0.00011138151402209435
318 7.425434268139624e-05
319 6.587078786252892e-05
320 5.5091931666842366e-05
321 3.952247271751733e-05
322 4.7906027536384656e-05
323 2.395301376819231e-05
324 3.473186996387886e-05
325 1.916241101455385e-05
326 1.3174157572505772e-05
327 1.4371808260915386e-05
328 1.3174157572505772e-05
329 8.383554818867309e-06
330 9.581205507276925e-06
331 7.185904130457693e-06
332 1.1976506884096156e-06
333 3.592952065228847e-06
334 5.988253442048078e-06
335 3.592952065228847e-06
336 4.790602753638463e-06
337 2.3953013768192313e-06
338 0.0
339 1.1976506884096156e-06
340 0.0
341 0.0
342 1.1976506884096156e-06
343 0.0
344 2.3953013768192313e-06
345 1.1976506884096156e-06
346 1.1976506884096156e-06
347 0.0
348 1.1976506884096156e-06
349 0.0
350 0.0
351 1.1976506884096156e-06
352 0.0
353 0.0
354 0.0
355 0.0
356 0.0
357 0.0
358 0.0
