0 1.1976506884096156e-06
1 1.1976506884096156e-06
2 1.1976506884096156e-06
3 0.0
4 0.0
5 1.1976506884096156e-06
6 0.0
7 1.1976506884096156e-06
8 0.0
9 1.1976506884096156e-06
10 3.592952065228847e-06
11 3.592952065228847e-06
12 4.790602753638463e-06
13 7.185904130457693e-06
14 3.592952065228847e-06
15 4.790602753638463e-06
16 4.790602753638463e-06
17 4.790602753638463e-06
18 1.077885619568654e-05
19 3.592952065228847e-06
20 7.185904130457693e-06
21 9.581205507276925e-06
22 1.916241101455385e-05
23 2.0360061702963466e-05
24 2.5150664456601927e-05
25 2.7545965833421156e-05
26 3.9522472717517324e-05
27 3.233656858705962e-05
28 3.8324822029107714e-05
29 7.305669199298662e-05
30 7.1859041304577e-05
31 9.221910300754052e-05
32 0.00011377681539891362
33 0.0001353345277902867
34 0.00016048519224688872
35 0.000203600617029635
36 0.0002287512814862369
37 0.00030899387760968124
38 0.0003844458709794872
39 0.0004682814191681604
40 0.000600022994893218
41 0.0006778702896398428
42 0.0008036236119228517
43 0.0009197957286985849
44 0.0011748953253298332
45 0.0013257993120694453
46 0.0015928754155847891
47 0.0018671374232305917
48 0.0021413994308763927
49 0.002402487280949689
50 0.0028599898439221616
51 0.0031725766735970725
52 0.003625288633815906
53 0.004050454628201321
54 0.004420528690919891
55 0.005185827480813635
56 0.005485240152916038
57 0.00604693832578015
58 0.0063822805185348415
59 0.007070929664370373
60 0.0074685496929223615
61 0.007891320385930954
62 0.00839074072299777
63 0.008672188634774024
64 0.008987170765825756
65 0.008935671786224144
66 0.009054239204376695
67 0.00934766362303705
68 0.0091045405332899
69 0.00912370294430445
70 0.008851836238035472
71 0.00875961713502793
72 0.008420681990208005
73 0.007965574728612352
74 0.007500886261509424
75 0.006995477671000565
76 0.006573904628680379
77 0.006044543024403327
78 0.00576069981125025
79 0.005135526151900434
80 0.004480411225340372
81 0.004194172710810474
82 0.003721100688888675
83 0.0032144944476914096
84 0.00286957104942944
85 0.0025737513293922656
86 0.0022743386572898596
87 0.001998878998955649
88 0.0016371884910559456
89 0.0014491573329756349
90 0.001227591955619856
91 0.0010647114619961482
92 0.0008958427149303924
93 0.0008191930708721776
94 0.0005964300428279891
95 0.0006311619127918678
96 0.0004910367822479432
97 0.0004347471998926912
98 0.00037246936409539104
99 0.00031857508311695817
100 0.00029701737072558506
101 0.00023354188423987536
102 0.00020120531565281574
103 0.00017844995257303297
104 0.00014970633605120213
105 0.00013054392503664827
106 0.0001041956098916367
107 0.00011856741815255211
108 9.7009705761179e-05
109 9.581205507276937e-05
110 9.102145231913092e-05
111 8.144024681185396e-05
112 5.8684883732071214e-05
113 5.5091931666842346e-05
114 5.149897960161351e-05
115 4.072012340592695e-05
116 5.149897960161352e-05
117 4.670837684797503e-05
118 3.3534219275469236e-05
119 6.227783579730006e-05
120 3.8324822029107714e-05
121 4.311542478274619e-05
122 3.71271713406981e-05
123 4.7906027536384656e-05
124 3.592952065228847e-05
125 5.988253442048084e-05
126 4.3115424782746185e-05
127 4.431307547115581e-05
128 6.706843855093854e-05
129 5.1498979601613505e-05
130 5.030132891320389e-05
131 7.664964405821547e-05
132 7.904494543503473e-05
133 8.024259612344433e-05
134 0.00010898621264527514
135 0.00010659091126845594
136 0.00015210163742802142
137 0.00014012513054392526
138 0.00017126404844257525
139 0.00019761236358758683
140 0.0002143794732253215
141 0.00026587845282693507
142 0.0002874361652183082
143 0.0003329468913778737
144 0.0003868411723563065
145 0.0004610955150377028
146 0.0005808605838786643
147 0.0005605005221757006
148 0.0007090092075384927
149 0.0008527272901476466
150 0.001014410133082944
151 0.0012311849076850842
152 0.0013689147368521907
153 0.0016623391555125465
154 0.001791685429860786
155 0.0020946910540284177
156 0.0025186593977254237
157 0.002760584836784164
158 0.0033222830096482736
159 0.0036336721886347737
160 0.0042324975328395815
161 0.004787009801573235
162 0.005349905625125752
163 0.005834954153931645
164 0.006694867348209746
165 0.007345191672016173
166 0.008061386783685126
167 0.008766803039158387
168 0.009612344425175577
169 0.010324946584779292
170 0.01119204568318786
171 0.011830393500110187
172 0.012356162152322013
173 0.013287934387904678
174 0.013672380258884169
175 0.014303542171676035
176 0.014537084055915911
177 0.015032911440917495
178 0.015208966092113708
179 0.01542574086671585
180 0.015313161702005354
181 0.015055666803997276
182 0.01491913462551858
183 0.014768230638778973
184 0.014349052897835604
185 0.013671182608195767
186 0.013043613647469119
187 0.012503473186996383
188 0.011589665711739854
189 0.011019583984056874
190 0.010417165687786839
191 0.009517730020791218
192 0.008612306100353549
193 0.007967970029989172
194 0.007207461842849063
195 0.0065164173956367205
196 0.005984660489982847
197 0.005404997556792596
198 0.004636105814833623
199 0.004124708970882717
200 0.003634869839323183
201 0.0033330618658439595
202 0.002747410679211659
203 0.0024791369250079043
204 0.0021413994308763936
205 0.0018479750122160378
206 0.0016096425252225242
207 0.0013234040106926252
208 0.0011581282156920983
209 0.000962911153481331
210 0.0008215883722489965
211 0.0007149974609805407
212 0.0006287666114150484
213 0.0005030132891320393
214 0.0004934320836247624
215 0.0003952247271751738
216 0.0003281562886242352
217 0.0002694714048921639
218 0.000244320740435562
219 0.00021797242529055031
220 0.00017605465119621374
221 0.0001736593498193945
222 0.00013653217847869634
223 0.00014252043192074443
224 0.00013533452779028674
225 9.581205507276935e-05
226 8.144024681185393e-05
227 8.623084956549241e-05
228 6.347548648570968e-05
229 6.347548648570967e-05
230 6.347548648570969e-05
231 4.0720123405926946e-05
232 5.389428097843275e-05
233 4.790602753638467e-05
234 5.030132891320389e-05
235 3.233656858705962e-05
236 4.9103678224794266e-05
237 2.5150664456601927e-05
238 4.1917774094336556e-05
239 4.6708376847975033e-05
240 4.3115424782746185e-05
241 3.7127171340698085e-05
242 5.5091931666842366e-05
243 3.952247271751733e-05
244 6.227783579730008e-05
245 5.2696630290023134e-05
246 6.108018510889045e-05
247 7.305669199298663e-05
248 7.305669199298663e-05
249 6.826608923934816e-05
250 7.066139061616738e-05
251 9.940500713799826e-05
252 0.00010419560989163667
253 0.00011736976746414251
254 0.0001461133839859733
255 0.00016048519224688874
256 0.000153299288116431
257 0.00021917007597896
258 0.00024671604181238115
259 0.0002670761035153445
260 0.00032456333655900635
261 0.00038444587097948707
262 0.00044313075471155846
263 0.000510199193262497
264 0.0006311619127918679
265 0.0007509269816328296
266 0.0008311695777562733
267 0.0008994356669956216
268 0.0010958503798947983
269 0.0012419637638807714
270 0.001426401969895852
271 0.0017449770530128103
272 0.0019401941152235788
273 0.0023066752258769207
274 0.0026384244665663826
275 0.0030707763650822542
276 0.003292341742438033
277 0.003809726839830988
278 0.0043762156154487355
279 0.004652872924471359
280 0.005364277433386668
281 0.005661294804112254
282 0.006139157428787693
283 0.006779900547086835
284 0.007172729972885186
285 0.007793113029481369
286 0.008217081373178373
287 0.008667398032020388
288 0.009112924088108763
289 0.009286583437928158
290 0.00969857527474107
291 0.00933808241752977
292 0.00950455586321871
293 0.009546473637313048
294 0.009330896513399314
295 0.009259037472094738
296 0.008978787211006886
297 0.008526075250788055
298 0.008134443475678108
299 0.007619453679661973
300 0.007233810157994076
301 0.006815830067739122
302 0.006417012388498719
303 0.005730758544040007
304 0.005282837186574814
305 0.004820544020848705
306 0.0040288969158099475
307 0.0037869714767512046
308 0.003376177290626707
309 0.002904302919393317
310 0.0025390194594283864
311 0.0022455950407680304
312 0.0018348008546435314
313 0.0015677247511281874
314 0.0013617288327217331
315 0.0012096271952937113
316 0.0010072242289524873
317 0.0007964377077923943
318 0.0007030209540964447
319 0.000596430042827989
320 0.0004898391315595335
321 0.0004143871381897276
322 0.00031857508311695817
323 0.00027426200764580234
324 0.0002131818225369119
325 0.00020360061702963498
326 0.0001796476032614426
327 0.00010180030851481747
328 0.00010299795920322709
329 8.503319887708281e-05
330 5.0301328913203875e-05
331 2.9941267210240388e-05
332 5.509193166684236e-05
333 4.551072615956541e-05
334 2.395301376819231e-05
335 2.8743616521830772e-05
336 2.155771239137308e-05
337 8.383554818867309e-06
338 5.988253442048078e-06
339 4.790602753638463e-06
340 5.988253442048078e-06
341 4.790602753638463e-06
342 4.790602753638463e-06
343 5.988253442048078e-06
344 8.383554818867309e-06
345 5.988253442048078e-06
346 2.3953013768192313e-06
347 2.3953013768192313e-06
348 2.3953013768192313e-06
349 3.592952065228847e-06
350 1.1976506884096156e-06
351 1.1976506884096156e-06
352 2.3953013768192313e-06
353 2.3953013768192313e-06
354 1.1976506884096156e-06
355 0.0
356 1.1976506884096156e-06
357 0.0
358 1.1976506884096156e-06
