0 0.0
1 0.0
2 1.1976506884096156e-06
3 0.0
4 2.3953013768192313e-06
5 3.592952065228847e-06
6 2.3953013768192313e-06
7 3.592952065228847e-06
8 0.0
9 3.592952065228847e-06
10 7.185904130457693e-06
11 0.0
12 2.3953013768192313e-06
13 2.3953013768192313e-06
14 7.185904130457693e-06
15 3.592952065228847e-06
16 3.592952065228847e-06
17 7.186073409706938e-06
18 1.077885619568654e-05
19 4.790602753638463e-06
20 4.790602753638463e-06
21 9.581205507276925e-06
22 1.5569458949325002e-05
23 9.581205507276925e-06
24 2.0360061702963466e-05
25 2.7545965833421156e-05
26 2.9941267210240388e-05
27 4.43130754711558e-05
28 3.473186996387886e-05
29 6.22780050765493e-05
30 7.904494543503471e-05
31 9.341675369595012e-05
32 9.940500713799822e-05
33 0.0001305439250366483
34 0.00017006656703341487
35 0.00016647361496818604
36 0.0002634831514501158
37 0.0002910292865627863
38 0.0003377378326900105
39 0.00039282976435685307
40 0.0004634911549730204
41 0.0005593035486042882
42 0.0006527199637417394
43 0.0007820669152069744
44 0.0009090187345746393
45 0.00101081836597246
46 0.0011233982077999611
47 0.0013174177886015684
48 0.0016036566416899657
49 0.001676712487286706
50 0.0018563607676651446
51 0.0020419974707648818
52 0.002220447931175663
53 0.0024108742213535413
54 0.0027066946185077133
55 0.0028683789849562563
56 0.0030444327897562206
57 0.003210906912562156
58 0.0033438446154623784
59 0.0035606188822267714
60 0.003644455107532444
61 0.0038528456501987197
62 0.0039019505133782574
63 0.003880392800986885
64 0.003998961065535684
65 0.004100759681258007
66 0.00409477125853671
67 0.004178607822400877
68 0.003958240942129755
69 0.004033692089103315
70 0.004044470776019752
71 0.003909136417508716
72 0.0038492530366919867
73 0.0037426617868650336
74 0.0035234925572823214
75 0.003396539214401411
76 0.003252822824584752
77 0.003113895006170736
78 0.0030037111428370504
79 0.0028480182461362944
80 0.0025893224811340807
81 0.00240248914302143
82 0.0022216440583508286
83 0.0021414012929481347
84 0.001978521645720673
85 0.0017904901490818656
86 0.0015820987600193425
87 0.0014814957636344363
88 0.0013844863964317556
89 0.0012755001837864806
90 0.0010898628035697475
91 0.0010060279324980712
92 0.0008659028019541464
93 0.0008024268076306889
94 0.0007197887408511764
95 0.0006694870733794739
96 0.0005940355878474161
97 0.0005628966699487661
98 0.0005054090983466063
99 0.0004443290825169649
100 0.00040480677907869686
101 0.00039163228294769256
102 0.00033174991780646104
103 0.0003461220646258748
104 0.00030300562416763323
105 0.0002694714048921638
106 0.0002562974165989074
107 0.00020719373837411296
108 0.00021437998106306925
109 0.0002215653773557792
110 0.00018443871385282875
111 0.00016048536152613797
112 0.00014252077047924294
113 0.00013892764913476477
114 0.00014970701316819915
115 0.00014252043192074443
116 0.00015329928811643094
117 0.000119765238120211
118 0.00012455584087384943
119 0.00013772999844635528
120 0.0001269513115299179
121 0.0001389276491347648
122 0.00012695165008841638
123 0.00011856758743180134
124 0.00014491590257681292
125 0.00012096271952937133
126 0.00015329945739568025
127 0.00017725230188462342
128 0.00015449710808408982
129 0.000197612532866836
130 0.0002012056542113142
131 0.0001868338459503988
132 0.00021917007597895994
133 0.00028025043036709955
134 0.0002479136925007908
135 0.00032097106161077445
136 0.00032336619370834446
137 0.0003437260861320587
138 0.00043474804628893725
139 0.0004610963614339489
140 0.0005473275495579397
141 0.0005581058979158784
142 0.0006994291869859605
143 0.0007317657555730202
144 0.0008790764516889042
145 0.0009653084862091408
146 0.001180885440843623
147 0.001286279039982168
148 0.0015569472491664949
149 0.0018072572587196005
150 0.0020767286636117635
151 0.0022455989341907618
152 0.0025569876053395143
153 0.002894725945867272
154 0.0033905535001481045
155 0.003886381223708179
156 0.0042540601543291845
157 0.004881628607218076
158 0.005481651263552792
159 0.0060984447536687305
160 0.006788291719471916
161 0.007704494496105272
162 0.00855004096049994
163 0.0094722304670621
164 0.010176447379054458
165 0.011279489926411935
166 0.012262761818713224
167 0.013295135696446825
168 0.014113134163657079
169 0.015197008713784786
170 0.016059318394394444
171 0.01728211873158517
172 0.018249827258990107
173 0.018886978948737268
174 0.01985826925577698
175 0.02036846760264323
176 0.02070740647160663
177 0.021203234364445968
178 0.0213756965714147
179 0.02147390206579255
180 0.021575701358631877
181 0.021267905300989848
182 0.021429591868068636
183 0.020569675796043286
184 0.02004510344028588
185 0.019239084865544702
186 0.018841464329154973
187 0.01812287662457719
188 0.017086902346491406
189 0.016103627745722122
190 0.015291623964565387
191 0.014076004960965382
192 0.013107104369087267
193 0.012110659334888958
194 0.010917799079953735
195 0.010357299234895038
196 0.00920874816200823
197 0.00832128713982496
198 0.007624254100612065
199 0.006769130154853608
200 0.006185874100318879
201 0.0054241648769053795
202 0.004876840205094677
203 0.004191783842045126
204 0.003818115303748084
205 0.0033210890831033473
206 0.0029605955487750574
207 0.0024935122881330537
208 0.002265957303101233
209 0.0020000785117158006
210 0.0016815039364365902
211 0.0015294017911708212
212 0.0013449644315519863
213 0.0011485485336980644
214 0.0010503405001314793
215 0.0008886583343131781
216 0.0007617063456662635
217 0.000669487750496471
218 0.0005281642921471398
219 0.0004994205063460597
220 0.0004467247224522829
221 0.00040480644052019846
222 0.00037845778681668826
223 0.00030659908407060986
224 0.0003006106613493125
225 0.0002910292865627863
226 0.0002634833207293651
227 0.0002634833207293651
228 0.00020120531565281577
229 0.00021198451040700076
230 0.00016168284293529832
231 0.0001640783135913668
232 0.00019282176083394836
233 0.000158090229428568
234 0.00011617211677573285
235 0.0001365323477579456
236 0.00013413721566037556
237 0.00013174174500430713
238 0.00011976523812021096
239 0.0001341372156603756
240 0.00012695097297141944
241 0.00014012529982317446
242 0.00016048536152613797
243 0.00015809022942856797
244 0.00015928821867547605
245 0.00015329996523342799
246 0.00016048553080538717
247 0.00019641505145767574
248 0.00020240347417897308
249 0.00017366002693639145
250 0.00020120548493206492
251 0.0002179724252905504
252 0.00020839155834177192
253 0.00027785512899028045
254 0.00026348332072936506
255 0.0003269598228905701
256 0.0003125871682334086
257 0.0003293547857088909
258 0.0004072014033385191
259 0.00041917824878111385
260 0.0005197815837245187
261 0.0005281649692641367
262 0.0005616991885396059
263 0.000656313423644716
264 0.0006958358963622334
265 0.0007305681048846105
266 0.0009221920457508996
267 0.0008802739330980645
268 0.0009820747494506288
269 0.0010982466969471126
270 0.0012180119350673237
271 0.0013425686223374192
272 0.0014551474484894248
273 0.0015928760927017864
274 0.0017425834444284843
275 0.0018731272001858818
276 0.002130621928914701
277 0.002328235138898533
278 0.002430035785971849
279 0.002597707390186943
280 0.002731844605847317
281 0.0028935279566203653
282 0.003113895344729234
283 0.0033162983110704594
284 0.0034157031489292096
285 0.0036037329527755235
286 0.003822905737222471
287 0.0037905683222391674
288 0.0039546464665512855
289 0.003955844963635941
290 0.0038696141140704484
291 0.003961831185726996
292 0.004033692089103317
293 0.004130701794864495
294 0.004115131489518921
295 0.004160642215678487
296 0.003924703845107049
297 0.0040205172544138116
298 0.0037546374473528834
299 0.0037318832692278463
300 0.003373785544114121
301 0.003295939434322242
302 0.0031426382841340684
303 0.003069581253582583
304 0.0028013074993788302
305 0.0026623810351988093
306 0.002437220674426811
307 0.0021665524652424834
308 0.002014450319976716
309 0.0018922891033626885
310 0.0016671311125001787
311 0.0014383796617346944
312 0.001287475167157334
313 0.0011952558948705447
314 0.0009365636847325651
315 0.0009221913686339026
316 0.0007880543222527765
317 0.0006814637495428191
318 0.0005293621121147987
319 0.0004958278928393295
320 0.0004155852967158849
321 0.0003676790999002511
322 0.0002982150214139947
323 0.00026228583932020477
324 0.0001952172314900169
325 0.0001580900601493187
326 0.00014371825188840332
327 0.00011617228605498211
328 8.742850025390204e-05
329 7.904494543503469e-05
330 6.108018510889046e-05
331 5.628958235525197e-05
332 4.551123399731315e-05
333 3.47320392431281e-05
334 3.1138917898650004e-05
335 1.916241101455385e-05
336 1.7964760326144234e-05
337 1.916241101455385e-05
338 1.3174157572505772e-05
339 5.988422721297323e-06
340 7.185904130457693e-06
341 4.790602753638463e-06
342 3.592952065228847e-06
343 2.3953013768192313e-06
344 3.592952065228847e-06
345 3.592952065228847e-06
346 3.592952065228847e-06
347 2.3953013768192313e-06
348 0.0
349 2.3953013768192313e-06
350 2.3953013768192313e-06
351 0.0
352 5.988253442048078e-06
353 2.3953013768192313e-06
354 2.3953013768192313e-06
355 0.0
356 2.3953013768192313e-06
357 2.3953013768192313e-06
358 4.790602753638463e-06
