0 0.0
1 0.0
2 0.0
3 0.0
4 0.0
5 0.0
6 0.0
7 0.0
8 0.0
9 0.0
10 0.0
11 0.0
12 0.0
13 0.0
14 0.0
15 0.0
16 0.0
17 0.0
18 0.0
19 0.0
20 0.0
21 0.0
22 0.0
23 0.0
24 0.0
25 0.0
26 0.0
27 0.0
28 0.0
29 0.0
30 0.0
31 0.0
32 0.0
33 0.0
34 0.0
35 0.0
36 0.0
37 0.0
38 0.0
39 0.0
40 0.0
41 0.0
42 0.0
43 0.0
44 0.0
45 0.0
46 0.0
47 0.0
48 0.0
49 0.0
50 0.0
51 0.0
52 0.0
53 0.0
54 0.0
55 0.0
56 0.0
57 0.0
58 0.0
59 0.0
60 0.0
61 0.0
62 0.0
63 0.0
64 0.0
65 0.0
66 0.0
67 0.0
68 0.0
69 0.0
70 0.0
71 0.0
72 0.0
73 0.0
74 0.0
75 0.0
76 0.0
77 0.0
78 0.0
79 0.0
80 0.0
81 0.0
82 0.0
83 0.0
84 0.0
85 0.0
86 0.0
87 0.0
88 0.0
89 0.0
90 0.0
91 0.0
92 0.0
93 0.0
94 0.0
95 0.0
96 0.0
97 0.0
98 0.0
99 0.0
100 0.0
101 0.0
102 0.0
103 0.0
104 0.0
105 0.0
106 0.0
107 0.0
108 0.0
109 0.0
110 0.0
111 0.0
112 0.0
113 1.1976506884096156e-06
114 0.0
115 0.0
116 0.0
117 0.0
118 0.0
119 0.0
120 0.0
121 0.0
122 0.0
123 0.0
124 1.1976506884096156e-06
125 0.0
126 0.0
127 1.1976506884096156e-06
128 1.1976506884096156e-06
129 5.988253442048078e-06
130 3.592952065228847e-06
131 1.3174157572505772e-05
132 7.185904130457693e-06
133 1.6767109637734618e-05
134 1.7964760326144234e-05
135 2.395301376819231e-05
136 4.0720123405926946e-05
137 4.431307547115581e-05
138 5.868488373207123e-05
139 7.664964405821547e-05
140 9.700970576117897e-05
141 0.00013533452779028668
142 0.00016767109637734644
143 0.00021917007597896
144 0.0003006103227908139
145 0.0003952247271751737
146 0.0005078038918856779
147 0.0006395454676107353
148 0.0008239836736258157
149 0.0011174080922861716
150 0.0012743003324678314
151 0.0016240143334834388
152 0.002121039369173429
153 0.0025270429525442897
154 0.003212099146314588
155 0.0037845761753743843
156 0.004728324917841164
157 0.005522367324256739
158 0.00659785764244857
159 0.0076194536796619725
160 0.008987170765825753
161 0.010578848530722135
162 0.012362150405764057
163 0.014242461986567156
164 0.01597186958063063
165 0.017898889538281712
166 0.02005945138017266
167 0.02217929309865768
168 0.024767416236310857
169 0.026434545994577043
170 0.02862385145298982
171 0.030185587950675958
172 0.03214374682622568
173 0.033891119180615305
174 0.035110327581416294
175 0.03609240114591217
176 0.03643373159210891
177 0.03697147675120486
178 0.037254122313669494
179 0.03662056509950084
180 0.036100784700731046
181 0.035281591629858895
182 0.03428754155847888
183 0.032917429170938296
184 0.031526956721694734
185 0.029558018989949322
186 0.027737589943566704
187 0.02555906334134961
188 0.023416466259784805
189 0.02146429563767715
190 0.019320500905423914
191 0.017068917611213843
192 0.015468856291498589
193 0.013838853704573113
194 0.011831591150798591
195 0.010570464975903263
196 0.008978787211006891
197 0.0076685573578867666
198 0.006531986854586044
199 0.005504402563930594
200 0.004688802445123645
201 0.0038049362370773474
202 0.0032288662559523226
203 0.0026264479596822873
204 0.002122237019861839
205 0.0017222216899330277
206 0.0013725076889174197
207 0.001071897366126606
208 0.0008694943997853812
209 0.0007413457761255525
210 0.0005844535359438931
211 0.00045870021366088346
212 0.0003485163503271986
213 0.0002838432131530793
214 0.0002000076649644061
215 0.00017006639775416562
216 0.00013174157572505785
217 9.461440438435974e-05
218 9.221910300754052e-05
219 5.149897960161351e-05
220 3.8324822029107714e-05
221 3.592952065228847e-05
222 2.395301376819231e-05
223 2.2755363079782695e-05
224 7.185904130457694e-06
225 9.581205507276925e-06
226 3.592952065228847e-06
227 1.077885619568654e-05
228 1.1976506884096156e-06
229 2.3953013768192313e-06
230 1.1976506884096156e-06
231 2.3953013768192313e-06
232 4.790602753638463e-06
233 0.0
234 0.0
235 0.0
236 0.0
237 0.0
238 0.0
239 0.0
240 0.0
241 0.0
242 0.0
243 1.1976506884096156e-06
244 0.0
245 0.0
246 0.0
247 0.0
248 0.0
249 0.0
250 0.0
251 0.0
252 0.0
253 0.0
254 0.0
255 0.0
256 0.0
257 0.0
258 0.0
259 0.0
260 0.0
261 0.0
262 0.0
263 0.0
264 0.0
265 0.0
266 0.0
267 0.0
268 0.0
269 0.0
270 0.0
271 0.0
272 0.0
273 0.0
274 0.0
275 0.0
276 0.0
277 0.0
278 0.0
279 0.0
280 0.0
281 0.0
282 0.0
283 0.0
284 0.0
285 0.0
286 0.0
287 0.0
288 0.0
289 0.0
290 0.0
291 0.0
292 0.0
293 0.0
294 0.0
295 0.0
296 0.0
297 0.0
298 0.0
299 0.0
300 0.0
301 0.0
302 0.0
303 0.0
304 0.0
305 0.0
306 0.0
307 0.0
308 0.0
309 0.0
310 0.0
311 0.0
312 0.0
313 0.0
314 0.0
315 0.0
316 0.0
317 0.0
318 0.0
319 0.0
320 0.0
321 0.0
322 0.0
323 0.0
324 0.0
325 0.0
326 0.0
327 0.0
328 0.0
329 0.0
330 0.0
331 0.0
332 0.0
333 0.0
334 0.0
335 0.0
336 0.0
337 0.0
338 0.0
339 0.0
340 0.0
341 0.0
342 0.0
343 0.0
344 0.0
345 0.0
346 0.0
347 0.0
348 0.0
349 0.0
350 0.0
351 0.0
352 0.0
353 0.0
354 0.0
355 0.0
356 0.0
357 0.0
358 0.0
