0 1.1976506884096156e-06
1 0.0
2 1.1976506884096156e-06
3 4.790602753638463e-06
4 2.3953013768192313e-06
5 1.1976506884096156e-06
6 1.1976506884096156e-06
7 2.3953013768192313e-06
8 0.0
9 3.592952065228847e-06
10 0.0
11 0.0
12 3.592952065228847e-06
13 1.1976506884096156e-06
14 2.3953013768192313e-06
15 4.790602753638463e-06
16 5.988253442048078e-06
17 4.790602753638463e-06
18 1.1976506884096156e-05
19 1.4371808260915386e-05
20 1.077885619568654e-05
21 1.3174157572505772e-05
22 1.6767109637734618e-05
23 2.395301376819231e-05
24 3.233656858705962e-05
25 4.0720123405926946e-05
26 4.670837684797504e-05
27 5.5091931666842346e-05
28 6.227783579730005e-05
29 8.503319887708277e-05
30 0.00010419560989163669
31 0.0001425204319207444
32 0.0001544969388048406
33 0.00020839121978327344
34 0.0002431230897471523
35 0.0002646808021385254
36 0.0003209703844937774
37 0.0004024106313056316
38 0.00046229316572611237
39 0.0005712793783713873
40 0.0006826608923934813
41 0.0007916471050387558
42 0.0008778779546042481
43 0.0010491420030468233
44 0.0012323825583734943
45 0.0013593335313449144
46 0.001572515353881826
47 0.0016791062651502816
48 0.0018024642860564718
49 0.0020671450881949967
50 0.0022683504038478117
51 0.002475543972942675
52 0.0027102835078709592
53 0.0029066982207701384
54 0.0031019152829809033
55 0.0032516216190321074
56 0.0034168974140326345
57 0.003534267181496776
58 0.0037618208122946035
59 0.003940270764867636
60 0.0039845838403387915
61 0.004185789155991606
62 0.00430315892345575
63 0.004250462293165725
64 0.004313937779651435
65 0.004340286094796446
66 0.0043283095879123505
67 0.004285194163129604
68 0.0042145327725134395
69 0.004118720717440669
70 0.00407800059403474
71 0.004026501614433127
72 0.003730681894395953
73 0.0037246936409539044
74 0.003471989345699476
75 0.0032707840300466593
76 0.0032659934272930204
77 0.003057602207509749
78 0.002876756953559897
79 0.0026635751310229846
80 0.002414463787833785
81 0.002354581253413305
82 0.0020910981019631896
83 0.0019737283344990466
84 0.0018767186287378685
85 0.0016659321075777754
86 0.0015473646894252236
87 0.0013030439489896627
88 0.0012180107501125793
89 0.0011281869484818586
90 0.0009880618179379332
91 0.0009533299479740537
92 0.0008467390367055983
93 0.0007712870433357927
94 0.0007605081871401062
95 0.0006838585430818908
96 0.0006060112483352661
97 0.0005569075701104719
98 0.00045271196021883533
99 0.0004371425012695104
100 0.00035330695308083713
101 0.0003269586379358256
102 0.0003125868296749101
103 0.0002994126721024044
104 0.00025150664456601956
105 0.00029462206934876585
106 0.00023234423355146576
107 0.00023473953492828494
108 0.00021078652116009256
109 0.00018563585670349067
110 0.0001856358567034907
111 0.000162880493623708
112 0.00013653217847869634
113 0.00015808989087006943
114 0.0001640781443121176
115 0.00015090398673961176
116 0.00014611338398597335
117 0.00010778856195686557
118 0.00011856741815255211
119 0.00011976506884096173
120 0.00012575332228300978
121 0.00012096271952937137
122 0.00012455567159460018
123 0.0001676710963773464
124 0.0001449157332975637
125 0.00012934627434823864
126 0.00016288049362370798
127 0.0001485086853627925
128 0.0001676710963773464
129 0.00017844995257303297
130 0.0001808452539498522
131 0.00024072778837033311
132 0.00022156537735577915
133 0.00024072778837033311
134 0.0002622855007617062
135 0.0003185750831169583
136 0.0003329468913778737
137 0.0003844458709794872
138 0.0004622931657261123
139 0.0005137921453277258
140 0.0005389428097843279
141 0.000643138419675964
142 0.0007533222830096483
143 0.0008323672284446829
144 0.00099764302344521
145 0.001065909112684558
146 0.0011689070718877848
147 0.0013653217847869618
148 0.0016383861417443553
149 0.0017617441626505454
150 0.002131818225369116
151 0.0022743386572898596
152 0.002657586877580937
153 0.003152216611894109
154 0.003462408140192197
155 0.00386841172356306
156 0.004467237067767869
157 0.004975040959653542
158 0.005733153845416831
159 0.006228981230418413
160 0.006954757547594636
161 0.007697300974408602
162 0.00863027086067969
163 0.009364430732674789
164 0.010330934838221345
165 0.011324984909601326
166 0.012120224966705319
167 0.013056787805041627
168 0.013753820505696028
169 0.014856856789721285
170 0.015874859874869456
171 0.016664111678531393
172 0.017594686263425658
173 0.01865221182129135
174 0.018715687307777066
175 0.019361221028829843
176 0.019987592338868074
177 0.020458269059413052
178 0.02061755660097152
179 0.02069181094365294
180 0.020645102566804935
181 0.020351678148144592
182 0.020009150051259444
183 0.019564821645859477
184 0.01887976545208918
185 0.018363578005384632
186 0.01798631803853561
187 0.01681262036389418
188 0.01655871841795134
189 0.015140700002874359
190 0.014371808260915383
191 0.013496325607687957
192 0.012645993618917134
193 0.011586072759674618
194 0.010570464975903275
195 0.009768039014668826
196 0.008886568107999348
197 0.007999108947887827
198 0.007536815782161717
199 0.006569114025926744
200 0.005811001140163456
201 0.005294813693458912
202 0.00462293165726112
203 0.004060035833708599
204 0.003715112435446627
205 0.0032983299958800807
206 0.002833641528777151
207 0.0024575792126165317
208 0.0022300255818187053
209 0.002004867252397698
210 0.0016719203610198242
211 0.0014455643809104064
212 0.0012862768393519274
213 0.0011305822498586774
214 0.0010695020647497869
215 0.000863506146343333
216 0.000801228310546033
217 0.0006838585430818908
218 0.0006131971524657235
219 0.0005605005221757008
220 0.00042516599438541415
221 0.0004407354533347391
222 0.0003592952065228853
223 0.0003748646654722103
224 0.00028264556246466966
225 0.00027186670626898313
226 0.00028025026108785046
227 0.0002550995966312484
228 0.00023593718561669473
229 0.00021797242529055037
230 0.00018803115808030993
231 0.000178449952573033
232 0.0001473110346743829
233 0.00015449693880484062
234 0.0001652757950005272
235 0.0001604851922468887
236 0.00014491573329756367
237 0.0001664734456889368
238 0.00013293922641346748
239 0.00013772982916710594
240 0.00014132278123233483
241 0.00014850868536279253
242 0.00016407814431211755
243 0.00015449693880484065
244 0.00017844995257303297
245 0.00015808989087006946
246 0.00020839121978327336
247 0.00019282176083394836
248 0.00020839121978327344
249 0.00019761236358758683
250 0.00023114658286305616
251 0.0002467160418123812
252 0.00027426200764580234
253 0.00029102911728353704
254 0.00034612104895037936
255 0.0003077962269212717
256 0.0004107941861244988
257 0.000397620028551993
258 0.00045031665884201613
259 0.0004563049122840642
260 0.00053175690565387
261 0.0005784652825018452
262 0.0006539172758716502
263 0.0007281716185530459
264 0.0007808682488430696
265 0.0008359601805099114
266 0.0008934474135535733
267 0.0010180030851481732
268 0.0011006409826484367
269 0.0012084295446053027
270 0.0013749029902942389
271 0.0015054469153308874
272 0.001625211984171849
273 0.0017282099433750754
274 0.0019138458000785663
275 0.002149782985695261
276 0.0022875128148623666
277 0.0024216496919642425
278 0.002725852966820286
279 0.002870768700117848
280 0.002912686474212184
281 0.0031306588995027355
282 0.003373781989249889
283 0.0036995429764973015
284 0.003577382606279522
285 0.003963026127947419
286 0.00390074829215012
287 0.0040995583064261125
288 0.004185789155991606
289 0.004467237067767868
290 0.004365436759253049
291 0.004442086403311263
292 0.0043810062182023735
293 0.004420528690919891
294 0.004515143095304249
295 0.0044360981498692146
296 0.004203753916317753
297 0.004093570052984065
298 0.004118720717440667
299 0.003867214072874651
300 0.003766611415048241
301 0.003686368818924796
302 0.003506721215663355
303 0.003279167584865529
304 0.0031055082350461343
305 0.002785735501240765
306 0.00258453018558795
307 0.0024767416236310845
308 0.002165352444644585
309 0.0020168437592817936
310 0.001755755909208498
311 0.001544969388048404
312 0.0014024489561276605
313 0.0012659167776489643
314 0.001098245681271618
315 0.0009928524206915712
316 0.0008563202422128758
317 0.0007221833651109986
318 0.0006527196251832407
319 0.0005533146180452431
320 0.0004598978643492931
321 0.0003461210489503795
322 0.0003065985762328621
323 0.0002586925486964774
324 0.00019401941152235794
325 0.00016048519224688866
326 0.00013054392503664827
327 0.0001006026578264078
328 9.581205507276935e-05
329 7.425434268139624e-05
330 6.706843855093854e-05
331 4.191777409433657e-05
332 4.191777409433657e-05
333 3.952247271751732e-05
334 2.155771239137308e-05
335 1.916241101455385e-05
336 1.916241101455385e-05
337 1.6767109637734618e-05
338 9.581205507276925e-06
339 9.581205507276925e-06
340 7.185904130457693e-06
341 7.185904130457693e-06
342 5.988253442048078e-06
343 2.3953013768192313e-06
344 5.988253442048078e-06
345 4.790602753638463e-06
346 5.988253442048078e-06
347 4.790602753638463e-06
348 1.1976506884096156e-06
349 4.790602753638463e-06
350 2.3953013768192313e-06
351 0.0
352 1.1976506884096156e-06
353 2.3953013768192313e-06
354 0.0
355 0.0
356 1.1976506884096156e-06
357 2.3953013768192313e-06
358 2.3953013768192313e-06
