0 9.581374786526168e-06
1 8.383724098116554e-06
2 4.790602753638463e-06
3 3.592952065228847e-06
4 7.186073409706938e-06
5 4.790602753638463e-06
6 8.383893377365799e-06
7 7.185904130457694e-06
8 4.790602753638463e-06
9 1.1976506884096156e-06
10 9.581205507276925e-06
11 4.790602753638463e-06
12 1.0778856195686543e-05
13 4.790602753638463e-06
14 3.592952065228847e-06
15 9.581374786526168e-06
16 1.3174326851755017e-05
17 7.185904130457693e-06
18 1.4371808260915386e-05
19 1.3174326851755017e-05
20 1.5569458949325002e-05
21 1.7965098884642724e-05
22 2.275570163828119e-05
23 3.233690714555811e-05
24 3.473237780162659e-05
25 5.0301836750951607e-05
26 4.6708884685722765e-05
27 5.0301667471702365e-05
28 5.509227022534085e-05
29 6.347599432345739e-05
30 7.545250120755358e-05
31 7.665065973371092e-05
32 0.00010539512265178797
33 9.461575861835367e-05
34 0.00012815031645232138
35 0.00013533588202428062
36 0.0001485107167137834
37 0.00014372096035639113
38 0.00016767397412458348
39 0.00016767380484533425
40 0.0001664742920851829
41 0.00017246491543672043
42 0.00019881238418548584
43 0.0002275565085450644
44 0.000237138221890089
45 0.00024552245382595335
46 0.0003042073375580247
47 0.00032576521922864695
48 0.0003832551607402965
49 0.0003401397359575502
50 0.00047427712089717535
51 0.00043116135755593045
52 0.0005497289449877317
53 0.0005928465704007178
54 0.0007329757636466242
55 0.0008778920047819356
56 0.0009725103025890277
57 0.0011222213784592085
58 0.0013114503565071767
59 0.0015869172938491065
60 0.0017845316887876844
61 0.002151018385656251
62 0.002330672760087664
63 0.0027546485520716355
64 0.0032408998099434155
65 0.0034960014379256553
66 0.003960702939530779
67 0.0043631225426366185
68 0.004923623911208565
69 0.0051320232563958025
70 0.0058254787479551495
71 0.006231492826639462
72 0.006702165823040958
73 0.006947693355244386
74 0.007344133168870641
75 0.007699830514230065
76 0.008024396220698563
77 0.008211240223403917
78 0.00848909975365468
79 0.008643609049844713
80 0.008802884403297243
81 0.008905882701058973
82 0.008857979720549075
83 0.00915979649654926
84 0.009034035387420784
85 0.009035243194864147
86 0.009121466088304926
87 0.009028050519563723
88 0.008926249026094159
89 0.008588509331332404
90 0.008608861944748402
91 0.008496268560580963
92 0.00815734120260651
93 0.007976496117935902
94 0.007824389063571906
95 0.0077130055181988235
96 0.007192013587842199
97 0.006922544214301029
98 0.006727326982811014
99 0.0064901850367774395
100 0.0060314756820370975
101 0.005576352338912763
102 0.005387127254287533
103 0.004990699798046471
104 0.004759547459688942
105 0.004508039460888926
106 0.004011000882858996
107 0.0038433248773834233
108 0.0033989888544172387
109 0.003227726837325655
110 0.002731888787731371
111 0.0025618203586262153
112 0.002339050559412058
113 0.0020803564872023377
114 0.0019018984092253404
115 0.0018120793474135984
116 0.0015641593915805853
117 0.001440798323647909
118 0.001286295798627843
119 0.0011725162747609414
120 0.001099463814749186
121 0.0009401703484169838
122 0.0008347794577464266
123 0.0007820772412411786
124 0.0007569287774148166
125 0.0007413569485560024
126 0.0006587165118670006
127 0.0006251838161047742
128 0.0006072215949673692
129 0.0006132068013829306
130 0.0005892527719392428
131 0.0006407544600088438
132 0.0006551245754772673
133 0.0006539296332568458
134 0.0006922532703312085
135 0.0007521364818686857
136 0.0007629153380643727
137 0.0007389602929451896
138 0.0008766931691387811
139 0.0009078314099204343
140 0.0009689166734068025
141 0.001064726189290833
142 0.001202457541971182
143 0.0012335983219415733
144 0.0013353993075733875
145 0.0013940868997734475
146 0.0014970819812294364
147 0.0016503873633988394
148 0.0018204542689907541
149 0.001972560815517003
150 0.0020959217141704304
151 0.002319880192272787
152 0.0025701925717353832
153 0.0025462448056239196
154 0.0026707989537052743
155 0.0029055391657505556
156 0.0031606477341820124
157 0.003394190803376634
158 0.003519943109984148
159 0.003852898973162231
160 0.004055302955178951
161 0.004282859971561763
162 0.004475688334286432
163 0.004846958524180168
164 0.004954749794605023
165 0.00516434323561644
166 0.005396691024032133
167 0.005727242106195442
168 0.005953610274410802
169 0.006173973769096942
170 0.006291355047550036
171 0.006612322215738076
172 0.006734483093793604
173 0.006860240140220099
174 0.006962051113327615
175 0.007202770945573236
176 0.007430327961956045
177 0.007595611882360535
178 0.007665076130126044
179 0.007614774462654337
180 0.007705800485513196
181 0.007875873485158088
182 0.008081871604194777
183 0.00807946496110826
184 0.008050731162782885
185 0.008030370085404427
186 0.007993241051991985
187 0.008107015497481414
188 0.007995634491297064
189 0.008107025315677868
190 0.007815986210918622
191 0.007879467960736559
192 0.007818379650223707
193 0.007757302173582803
194 0.00783754155340051
195 0.007546514806026461
196 0.0074674705377084285
197 0.007407582755631216
198 0.007269852080067867
199 0.007069835951140995
200 0.007080621239948155
201 0.006987200762108722
202 0.0066937655095764175
203 0.006594367273608388
204 0.00630811724808954
205 0.006236256006154722
206 0.006057806899977937
207 0.005741627964634044
208 0.005354775112009537
209 0.005420654025276034
210 0.004945179592248949
211 0.004795466992865525
212 0.004484075443969533
213 0.004272085008788809
214 0.004072074466077168
215 0.003815775695244266
216 0.0035439027256430606
217 0.0034552799602857328
218 0.0029738138882316155
219 0.0028348791293683825
220 0.0026013428313437334
221 0.002401325686741368
222 0.002140234958920835
223 0.002083944699448588
224 0.0017833303139557913
225 0.0017234452403465728
226 0.001434806853900125
227 0.001456371506740717
228 0.0011940739871523147
229 0.0011174268822828372
230 0.0010072394640849188
231 0.0009246008894676583
232 0.0008216015760304379
233 0.0006898576303958906
234 0.0006683019493555085
235 0.0005808707406336189
236 0.00054134640584436
237 0.000485055469255114
238 0.00046110245548692174
239 0.0004658942431953049
240 0.0004215809984448997
241 0.00040002176254028344
242 0.0003784660814999013
243 0.0003628939140825883
244 0.00032936071048261437
245 0.0003137898972992956
246 0.0003173852192740138
247 0.0002934303434340797
248 0.00034253554517211723
249 0.00030181609888318717
250 0.00032576962048912737
251 0.00032576962048912726
252 0.00036409376540123817
253 0.00036050149045300617
254 0.0003820586950066316
255 0.00041199979293762276
256 0.0003952358996056238
257 0.00045631608471451417
258 0.0004311645738616659
259 0.0004287675796923544
260 0.0004419432607781033
261 0.0004730850564239905
262 0.0005533266368719392
263 0.0005329664058897264
264 0.0005808746340563514
265 0.0005688947415872701
266 0.0006455472633927228
267 0.0007174103673992815
268 0.0006814796617922481
269 0.0007066260942676191
270 0.0007557348508698907
271 0.0008240007708299894
272 0.000840771943169706
273 0.0009293945392477831
274 0.0009844893486618625
275 0.0009401740725604665
276 0.001119827092757885
277 0.0011234146278871386
278 0.0011449753873049972
279 0.0012336061087870388
280 0.0013090547165718603
281 0.0012946825697524448
282 0.0013449903312771213
283 0.0013988824116253132
284 0.0015569724717746326
285 0.001553383074573637
286 0.001695905199286874
287 0.0016671592128555542
288 0.0016899177922410726
289 0.001838427662558609
290 0.0019366424672951639
291 0.0019761630779409406
292 0.0020300534654966408
293 0.002251624598346893
294 0.0023091145398585417
295 0.0024420605374419796
296 0.0025115193682715103
297 0.0026037383019997993
298 0.0027342851047836864
299 0.002929513339424904
300 0.002984601546948262
301 0.0032241299918376936
302 0.0033391115676534833
303 0.0034780419252562374
304 0.003599008876766839
305 0.003721168400588375
306 0.003887652003032267
307 0.004058919775618322
308 0.004131971727792332
309 0.004220598894410137
310 0.0042229994434436835
311 0.004328396597446461
312 0.004360732827475024
313 0.004382296972477866
314 0.004474508119360696
315 0.004264922465194749
316 0.004298460239334452
317 0.004131975790494314
318 0.004114008829537929
319 0.004072098842289055
320 0.0038792655704661607
321 0.0037451324175077692
322 0.0035618859374073734
323 0.003270846324810384
324 0.0031391054262023222
325 0.0028971737238113584
326 0.0027809951744241545
327 0.0025079331873762508
328 0.0022384570426651085
329 0.0020731780313588454
330 0.0018875354034853852
331 0.00174980320440879
332 0.0014815218326388203
333 0.0013222341218010912
334 0.0012300136645595583
335 0.0010060473996117347
336 0.0008958606585308128
337 0.0008144175339717216
338 0.0007006429192030483
339 0.0005796769833679415
340 0.00048745398693766906
341 0.0003940343554944816
342 0.0003700806646092922
343 0.0003209769863844979
344 0.00022276759858391845
345 0.00019282599281517944
346 0.00017605786750194937
347 0.0001521050230130063
348 0.00011258068822374718
349 0.00010659260406094833
350 0.00010659294261944684
351 7.545317832455059e-05
352 5.9883888654474784e-05
353 5.988371937522554e-05
354 5.389580449167596e-05
355 2.634865370351003e-05
356 3.233673786630886e-05
357 1.9162749573052337e-05
358 1.9162918852301585e-05
