0 0.0
1 0.0
2 0.0
3 0.0
4 0.0
5 0.0
6 1.1976506884096156e-06
7 0.0
8 0.0
9 1.1976506884096156e-06
10 1.1976506884096156e-06
11 0.0
12 0.0
13 2.3953013768192313e-06
14 1.1976506884096156e-06
15 0.0
16 2.3953013768192313e-06
17 0.0
18 1.1976506884096156e-06
19 1.1976506884096156e-06
20 4.790602753638463e-06
21 1.1976506884096156e-06
22 0.0
23 3.592952065228847e-06
24 1.1976506884096156e-06
25 2.3953013768192313e-06
26 7.185904130457693e-06
27 7.185904130457693e-06
28 4.790602753638463e-06
29 5.988253442048078e-06
30 1.077885619568654e-05
31 9.581205507276925e-06
32 7.185904130457693e-06
33 2.0360061702963466e-05
34 3.1138917898650004e-05
35 2.5150664456601927e-05
36 2.8743616521830772e-05
37 4.0720123405926946e-05
38 3.7127171340698085e-05
39 6.347548648570968e-05
40 5.389428097843272e-05
41 6.467313717411928e-05
42 8.503319887708278e-05
43 0.00011257916471050394
44 0.0001544969388048406
45 0.00019162411014553868
46 0.00018803115808030982
47 0.000231146582863056
48 0.00029222676797194643
49 0.0003233656858705966
50 0.00036648111065334287
51 0.0004598978643492929
52 0.000528163953588641
53 0.0005868488373207117
54 0.0006599055293136984
55 0.0007557175843864674
56 0.0008754826532274287
57 0.0008970403656188018
58 0.0010192007358365825
59 0.001142558756742773
60 0.001222801352866217
61 0.0012419637638807716
62 0.001353345277902865
63 0.0014707150453670075
64 0.0015210163742802115
65 0.0015222140249686214
66 0.0016958733747880156
67 0.0018120454915637482
68 0.0017773136215998686
69 0.0016838968679039191
70 0.001613235477287753
71 0.0016994663268532439
72 0.0016539556006936785
73 0.0016479673472516304
74 0.0016012589704036556
75 0.0014946680591351993
76 0.001420413716453803
77 0.0013281946134462632
78 0.0012287896063082652
79 0.001179685928083471
80 0.0010778856195686542
81 0.0009748876603654271
82 0.0008718897011622002
83 0.0007149974609805404
84 0.0006515219744948308
85 0.000583255885255483
86 0.0005245710015234121
87 0.0004335495492042813
88 0.00036528345996493316
89 0.00032576098724741573
90 0.0002119841718485022
91 0.00021078652116009254
92 0.0001485086853627925
93 0.0001365321784786963
94 0.0001293462743482386
95 8.623084956549237e-05
96 7.305669199298658e-05
97 5.389428097843273e-05
98 4.43130754711558e-05
99 4.6708376847975033e-05
100 2.7545965833421156e-05
101 2.6348315145011543e-05
102 1.5569458949325002e-05
103 1.5569458949325002e-05
104 8.383554818867309e-06
105 1.6767109637734618e-05
106 8.383554818867309e-06
107 1.1976506884096156e-05
108 5.988253442048078e-06
109 5.988253442048078e-06
110 4.790602753638463e-06
111 4.790602753638463e-06
112 5.988253442048078e-06
113 4.790602753638463e-06
114 5.988253442048078e-06
115 3.592952065228847e-06
116 1.1976506884096156e-06
117 3.592952065228847e-06
118 1.1976506884096156e-06
119 0.0
120 0.0
121 0.0
122 1.1976506884096156e-06
123 3.592952065228847e-06
124 0.0
125 1.1976506884096156e-06
126 3.592952065228847e-06
127 2.3953013768192313e-06
128 0.0
129 2.3953013768192313e-06
130 3.592952065228847e-06
131 1.1976506884096156e-06
132 1.1976506884096156e-06
133 4.790602753638463e-06
134 3.592952065228847e-06
135 1.077885619568654e-05
136 8.383554818867309e-06
137 5.988253442048078e-06
138 1.1976506884096156e-05
139 1.077885619568654e-05
140 1.1976506884096156e-05
141 3.1138917898650004e-05
142 2.0360061702963466e-05
143 2.9941267210240388e-05
144 5.030132891320389e-05
145 6.587078786252891e-05
146 7.784729474662511e-05
147 9.221910300754048e-05
148 0.00010539326058004628
149 0.000153299288116431
150 0.00016168284293529835
151 0.00024911134318920036
152 0.00027426200764580234
153 0.00038923647373312564
154 0.0005042109398204491
155 0.0006239760086614103
156 0.0008120071667417194
157 0.0010251889892786308
158 0.0013545429285912746
159 0.0017150357858025695
160 0.0021449923829416208
161 0.0026719586858418524
162 0.0033186900575830464
163 0.004072012340592693
164 0.005024144637878339
165 0.006090053750562897
166 0.007387109446110509
167 0.00891171877245595
168 0.010335725440974983
169 0.012008843452683212
170 0.014152638184936433
171 0.016273677554109856
172 0.018267765950311873
173 0.020615161299594717
174 0.02270146879880427
175 0.02484526353105748
176 0.02727050617508695
177 0.029261001619223733
178 0.03098921156259882
179 0.03254975040959654
180 0.033404873001121
181 0.03433784288739208
182 0.03437856301079801
183 0.03418214829789885
184 0.033384512939418035
185 0.03246232190934263
186 0.03081914516484465
187 0.02906219160494773
188 0.027227390750304212
189 0.024923110825804104
190 0.0228427915800366
191 0.020321736880934374
192 0.018022247559187892
193 0.016088041697406373
194 0.014029280164030242
195 0.011934589110001817
196 0.01018601910492378
197 0.008697339299230626
198 0.007354772877523445
199 0.006092449051939718
200 0.005098398980559733
201 0.004188184457368426
202 0.0035558248938881475
203 0.0029569995496833406
204 0.002428835596094701
205 0.0018527656149696765
206 0.0016479673472516315
207 0.0013341828668883124
208 0.0010838738730107019
209 0.0009054239204376693
210 0.0007413457761255523
211 0.0006036159469584467
212 0.0005149897960161356
213 0.00041917774094336603
214 0.00033773749413151203
215 0.0002982150214139947
216 0.00026468080213852546
217 0.00020120531565281574
218 0.00015928754155847914
219 0.00011856741815255207
220 0.00014970633605120213
221 0.00010778856195686555
222 8.383554818867317e-05
223 9.102145231913089e-05
224 6.946373992775776e-05
225 6.46731371741193e-05
226 4.670837684797504e-05
227 3.8324822029107714e-05
228 2.9941267210240388e-05
229 3.952247271751733e-05
230 3.8324822029107714e-05
231 3.832482202910771e-05
232 2.6348315145011543e-05
233 2.0360061702963466e-05
234 2.5150664456601927e-05
235 1.916241101455385e-05
236 2.0360061702963466e-05
237 2.395301376819231e-05
238 1.916241101455385e-05
239 1.7964760326144234e-05
240 1.7964760326144234e-05
241 2.2755363079782695e-05
242 1.6767109637734618e-05
243 2.5150664456601927e-05
244 2.8743616521830772e-05
245 2.2755363079782695e-05
246 2.0360061702963466e-05
247 2.5150664456601927e-05
248 2.7545965833421156e-05
249 3.71271713406981e-05
250 3.71271713406981e-05
251 3.8324822029107714e-05
252 4.43130754711558e-05
253 5.509193166684237e-05
254 5.628958235525196e-05
255 5.389428097843273e-05
256 9.461440438435971e-05
257 9.22191030075405e-05
258 0.00012096271952937132
259 0.00011617211677573279
260 0.00015569458949325017
261 0.00018803115808030984
262 0.00023473953492828489
263 0.0003042032748560427
264 0.00036169050789970435
265 0.00039402707648676394
266 0.0004790602753638468
267 0.0005736746797482063
268 0.0006335572141686871
269 0.0007976353584808036
270 0.0009114121738797175
271 0.001041956098916365
272 0.0012683120790257835
273 0.0013269969627578543
274 0.0015820965593891013
275 0.0016850945185923293
276 0.001953368272796082
277 0.002153375937760488
278 0.0024288355960947004
279 0.0026084831993561436
280 0.002880349905625126
281 0.0031186823926186396
282 0.003291144091749623
283 0.003574987304902704
284 0.0036216956817506766
285 0.003948654319686503
286 0.004091174751607248
287 0.004347471998926906
288 0.004412145136101022
289 0.004474422971898324
290 0.004792998055015282
291 0.004899588966283738
292 0.004910367822479425
293 0.004873240651138724
294 0.004978633911718773
295 0.004929530233493977
296 0.005073248316103132
297 0.005040911747516072
298 0.004872043000450319
299 0.004806172212587788
300 0.0046672447327322725
301 0.004654070575159767
302 0.004622931657261118
303 0.0042217186766438965
304 0.0039211083538530835
305 0.003848051661860095
306 0.0035414530856272336
307 0.003245633365590059
308 0.0030875434747199898
309 0.0027845378505523565
310 0.002545007712870433
311 0.00227553630797827
312 0.0020204367113470212
313 0.001752162957143268
314 0.0016096425252225238
315 0.001297055695547614
316 0.0011581282156920979
317 0.0009892594686263423
318 0.0009365628383363193
319 0.0007617058378285159
320 0.0005952323921395794
321 0.0006072088990236755
322 0.0004790602753638468
323 0.0003808529189142582
324 0.00027426200764580234
325 0.0002455183911239715
326 0.00021198417184850222
327 0.0001485086853627925
328 0.00014731103467438287
329 0.00010659091126845588
330 9.102145231913089e-05
331 6.227783579730006e-05
332 5.269663029002313e-05
333 2.8743616521830772e-05
334 3.952247271751733e-05
335 2.7545965833421156e-05
336 2.2755363079782695e-05
337 1.6767109637734618e-05
338 1.916241101455385e-05
339 8.383554818867309e-06
340 1.3174157572505772e-05
341 4.790602753638463e-06
342 9.581205507276925e-06
343 8.383554818867309e-06
344 2.3953013768192313e-06
345 2.3953013768192313e-06
346 0.0
347 1.1976506884096156e-06
348 1.1976506884096156e-06
349 0.0
350 0.0
351 2.3953013768192313e-06
352 0.0
353 0.0
354 1.1976506884096156e-06
355 1.1976506884096156e-06
356 0.0
357 0.0
358 0.0
