0 0.0016703210757289628
1 0.0016522739213852705
2 0.001635544071216024
3 0.0015886941897634798
4 0.0015431139033875642
5 0.001533482438803733
6 0.0014830828756295085
7 0.0014782642962894764
8 0.0014158670540538132
9 0.0015634685221863388
10 0.0014506954534325893
11 0.0014267252245795587
12 0.0015059012344326057
13 0.0015322739344955183
14 0.001505920624355244
15 0.00144104214878682
16 0.0014470975778416574
17 0.0014951037298188922
18 0.0015946567169800342
19 0.0015095183157432612
20 0.0015094657708862797
21 0.0016199138509448985
22 0.0015310781620351233
23 0.0015779165086722865
24 0.0015490902468673407
25 0.0016258760540127347
26 0.0015646746033708583
27 0.0015323213215984526
28 0.0016006845545427995
29 0.001589892325938796
30 0.0016186878627579932
31 0.001539435859345672
32 0.0015718632158981628
33 0.0015537879400598059
34 0.0016834431468208215
35 0.0016030056168994432
36 0.0015478248409606277
37 0.0015538077843050167
38 0.0015418184306427137
39 0.0015478710316551394
40 0.0016078430926999472
41 0.0015945575434509636
42 0.001543010989322947
43 0.001617410348874981
44 0.001582568826770291
45 0.001680976038660018
46 0.0015741817047869153
47 0.001533389183268294
48 0.0015957743510865163
49 0.0016425343967717276
50 0.0016197047169126462
51 0.0015609513837814863
52 0.001614937066173513
53 0.0016053373990799042
54 0.0015848958432520537
55 0.0015765420081086667
56 0.0016269276444207577
57 0.0015849712674838891
58 0.0016113132290223966
59 0.001541759621726851
60 0.001589660565824647
61 0.0016209039249670096
62 0.001572914269693904
63 0.0016329493452861476
64 0.0015909165238808139
65 0.0016653116054133324
66 0.001581317656612259
67 0.0014961162251986289
68 0.0015525072079553284
69 0.0015273034592552077
70 0.0015909367686605268
71 0.0016293151361480354
72 0.0015908935637919093
73 0.0015633004562962977
74 0.001474506041708744
75 0.0015129192753826366
76 0.0016053300651382608
77 0.0015225317045874946
78 0.0015489531313585601
79 0.0014937089861027273
80 0.0014745179761932357
81 0.0014061304115070062
82 0.0014709428477985489
83 0.001500909002920525
84 0.0014804990364453126
85 0.0013965081350141991
86 0.0014169564804783446
87 0.0014120853906000412
88 0.001316146860687222
89 0.0014013418792837478
90 0.0013712911036839438
91 0.001313720034515971
92 0.001316108143896937
93 0.0013904896993604753
94 0.0014048803123215025
95 0.001361741615508733
96 0.0013581129079165985
97 0.0012849153296725791
98 0.0013269075601443274
99 0.0012801557735146022
100 0.0012201253000146488
101 0.0013089268814901547
102 0.0013185050047844157
103 0.0012693251550047896
104 0.0012825392149855442
105 0.0012765097108030348
106 0.0013017469508947918
107 0.0013041038620983448
108 0.0012561085846306943
109 0.0012621435569884717
110 0.001160147989599464
111 0.0011925368493395407
112 0.0012849018973400091
113 0.0013256933997922876
114 0.0012165473253000184
115 0.0012669054213202435
116 0.0013184628858123758
117 0.0013304651602801779
118 0.0014468764887671586
119 0.0014073032977095113
120 0.0014000646057511351
121 0.001427652637433819
122 0.0014720853166258856
123 0.0014864925663065796
124 0.001452863824659625
125 0.0015092419363671261
126 0.0015560714632216512
127 0.0016016242002686559
128 0.001666405360292612
129 0.001715601460781503
130 0.001752801229831361
131 0.001749218470193923
132 0.001935172470291865
133 0.0018199826243497361
134 0.0018535524182685293
135 0.0020466942926684007
136 0.002085115498172394
137 0.002100744408849822
138 0.0021259229969962153
139 0.0022458287345579015
140 0.0023010792691927568
141 0.002343135721269194
142 0.002339471682526622
143 0.0024606505583588062
144 0.002452244796154475
145 0.0025159015514671906
146 0.0025926336431509175
147 0.002592655797450754
148 0.0027497413488549805
149 0.0027461080179295074
150 0.002857800577447324
151 0.0028445853331493186
152 0.0030101823802907157
153 0.0029813359270727292
154 0.0031156680958710254
155 0.003340097411421599
156 0.003464872760841897
157 0.003460018780362117
158 0.0035429190642552676
159 0.0038115044377819147
160 0.003708399749914031
161 0.003878780914151678
162 0.004103073046397018
163 0.004175051926114311
164 0.004241064172827185
165 0.004539744295987478
166 0.004430551294426541
167 0.004618930184654664
168 0.004714926472300023
169 0.00499928380952512
170 0.004888942132525522
171 0.00509049476844847
172 0.005355490196098422
173 0.005524846468846522
174 0.005475520482064076
175 0.005687891023277205
176 0.005708318457210769
177 0.006052614944871542
178 0.005854657566003217
179 0.006069351316341812
180 0.006202552255938774
181 0.005949452059236083
182 0.006032273313016875
183 0.0061401412514514855
184 0.006158193045178061
185 0.006173698828076561
186 0.006302065848987549
187 0.006213259281449987
188 0.0060321186728238985
189 0.006111433292876716
190 0.00590626014422544
191 0.0058030759576381385
192 0.00561339773612777
193 0.0053879022020967525
194 0.005295573404373454
195 0.005259574589896674
196 0.005079664138849913
197 0.005001638107077131
198 0.004813288907289818
199 0.00470768416469343
200 0.00440292883651112
201 0.0044005585142736095
202 0.003992650045762025
203 0.003927880970784667
204 0.00389663871152059
205 0.0036531422173727993
206 0.0034852703226255074
207 0.0032621156096034436
208 0.0032020895087526762
209 0.003096427110754226
210 0.0028793956031653804
211 0.002772602202833808
212 0.0027125827761765586
213 0.002579364088231192
214 0.0024534139782265343
215 0.002416227055263814
216 0.0022626999795536673
217 0.0021786769015298287
218 0.002077897713612693
219 0.0020203454867058733
220 0.001938807762122695
221 0.0019026629534080412
222 0.0018463806808110533
223 0.0018499955102628223
224 0.001750378055732805
225 0.0016208239033171496
226 0.0015740324398986578
227 0.0015619861903402635
228 0.0015620915307313422
229 0.0014265062683670566
230 0.0014948658241793888
231 0.0014385114357766784
232 0.001398859162399287
233 0.0013916642492833719
234 0.0013557013838341335
235 0.0013052947208364101
236 0.001295759231079983
237 0.0013281190036202703
238 0.0012189477432157135
239 0.0012885400491835087
240 0.0012873183048227332
241 0.001173356437507956
242 0.001197356307026421
243 0.001200966204057582
244 0.0011913449620715242
245 0.001212935881059134
246 0.001234518039185568
247 0.0013245117814102945
248 0.0012441661373946346
249 0.0012921563238755373
250 0.0013425366105945644
251 0.0013533346730716747
252 0.0013460869056922278
253 0.0014660519214680099
254 0.0013221016920127659
255 0.0013820792372069128
256 0.0014265051314930328
257 0.0013845189981948848
258 0.0015836348996979414
259 0.0016316654747432645
260 0.001527296554619727
261 0.0016580539585686143
262 0.0016713021345921837
263 0.0017864803273176409
264 0.0018932560438900488
265 0.001968815209592612
266 0.0019339665744012376
267 0.0019699924248680538
268 0.00216676606171228
269 0.0022711420416601327
270 0.002244819009204995
271 0.0024078971314071716
272 0.0025615146679413233
273 0.0026538291026714064
274 0.0026454584947544642
275 0.00274508806042188
276 0.002975413674015043
277 0.0031290018394968928
278 0.0031613900720140905
279 0.003337706276945678
280 0.0035669774682630475
281 0.003725253039407505
282 0.0037973091347902987
283 0.004091195876715299
284 0.004156049613758561
285 0.004346859923073869
286 0.0044990611757284235
287 0.0045195312516043695
288 0.004842322329355369
289 0.005076215894934491
290 0.005220348491894843
291 0.005414584094384028
292 0.005430233820938787
293 0.005770946845427642
294 0.005947383936452788
295 0.005976179748924862
296 0.00622442178190134
297 0.00630973332924909
298 0.006493222613965222
299 0.006615554182251896
300 0.006554523452054066
301 0.00650408121462764
302 0.006697325287971893
303 0.0067668020041567285
304 0.0069852608334311245
305 0.006747705323744891
306 0.006837690461472936
307 0.006728597158029343
308 0.006782595902700887
309 0.00665289090000265
310 0.006529413952887344
311 0.0064381592094862865
312 0.006395067406904049
313 0.006332629853027852
314 0.006006380914042943
315 0.005820391787862857
316 0.005721956381453485
317 0.005682429845064043
318 0.005456833337340449
319 0.00525279817978584
320 0.005070539693585282
321 0.004968496906744385
322 0.004884516018698592
323 0.0048270443583847715
324 0.004435862655452527
325 0.004475310721261276
326 0.004326662697764953
327 0.004161046923622294
328 0.004115552000538227
329 0.003953551038776064
330 0.0038023776281724017
331 0.0036356525974209192
332 0.003488070553089461
333 0.0035144646750692944
334 0.003378850238602245
335 0.0032649059522012317
336 0.003186877283849786
337 0.0030741659196221334
338 0.0029661136977740914
339 0.0029229152165429523
340 0.0028653740649263034
341 0.002746582902125632
342 0.0027045661143676298
343 0.002775338340916207
344 0.00256542892196462
345 0.0024358155700883177
346 0.002451363630567442
347 0.0023673959536174845
348 0.0021538501416775366
349 0.002276207990417681
350 0.0020842662932638503
351 0.00216824222335771
352 0.002017030498838051
353 0.0019774670339776914
354 0.0019366558556567102
355 0.001811861672117049
356 0.001840706624687878
357 0.0017639187833472663
358 0.001700312795010136
