0 0.0016339689554840827
1 0.0017575301633911099
2 0.00178876551213556
3 0.0019219576465522251
4 0.001809097629562981
5 0.0019327123339822063
6 0.001930280303500334
7 0.0019987405533220216
8 0.0020178629889515925
9 0.0021654329900429236
10 0.0022145599678565398
11 0.0022457824792040805
12 0.002239867551420295
13 0.0023381715607935106
14 0.002441318267519159
15 0.0023765404712240033
16 0.0025084941714810334
17 0.002594880360256681
18 0.00254574216144122
19 0.0027256673539624516
20 0.0026608918264301607
21 0.0028060509466741887
22 0.0028384639644935673
23 0.0029932248307967635
24 0.003033962069122781
25 0.0031718914501455584
26 0.0032810370202765275
27 0.0033974405553152402
28 0.0034561697676587463
29 0.0034970400808968707
30 0.003621790230494348
31 0.0037429080437664844
32 0.00390849608278027
33 0.004018774053243741
34 0.004002018007431481
35 0.004141151361091512
36 0.004317565284423958
37 0.00450227128613867
38 0.004496335439537159
39 0.004841812988213763
40 0.004913826637138519
41 0.004911319388303306
42 0.00509615852289309
43 0.0051813047090104505
44 0.005294028888428463
45 0.005438029306055835
46 0.005723469114013326
47 0.005707932469129783
48 0.005763203178838186
49 0.005757111304131464
50 0.00580742914788061
51 0.005979020630143027
52 0.0059610514128762065
53 0.006053385599701408
54 0.006045064017350646
55 0.006019901086759922
56 0.006031846589125076
57 0.00608829722970212
58 0.005986271658072759
59 0.005983898464562075
60 0.005765491931252472
61 0.005740239842363608
62 0.0056838472079635705
63 0.005644330082321361
64 0.005527965673229967
65 0.005396017091908456
66 0.0051609128971011956
67 0.005132022650701261
68 0.0048729686437978155
69 0.004814155834572001
70 0.0045035415735645385
71 0.00443989838523787
72 0.004257569630996909
73 0.004165221817090584
74 0.003916856196298704
75 0.003849612750527357
76 0.003692426070790799
77 0.003550844791719108
78 0.0033913248356058877
79 0.0032545894706754353
80 0.0030386488283222096
81 0.003060221136840516
82 0.0028491189571605464
83 0.002640345444744006
84 0.002679978340660134
85 0.00253003092418374
86 0.0024279438455558928
87 0.002371585043727501
88 0.0022612676719690676
89 0.002218041790384505
90 0.0020549805124402062
91 0.00201173490686974
92 0.001924131178932722
93 0.0018605709934320478
94 0.0018569844640938034
95 0.001723828023888113
96 0.0016709781898135178
97 0.0015630721920228065
98 0.001549906038750772
99 0.0015510478361630226
100 0.0015546740785186812
101 0.001573899433328668
102 0.0014371045327238783
103 0.0015138888054478516
104 0.0013459464249716314
105 0.0013267123905361243
106 0.0013651101298981674
107 0.0012847329056618014
108 0.0013410955070081553
109 0.0012884034630003063
110 0.0012715033971811445
111 0.0012631472286908983
112 0.0012163205945798148
113 0.0012475477469949215
114 0.0012247841040610764
115 0.0012247659423281338
116 0.0012259450470839385
117 0.0012463101875850359
118 0.0012259593203435956
119 0.0012283649954047413
120 0.001284734900804458
121 0.0013123273528320937
122 0.0013159317013274282
123 0.0012355806023717818
124 0.00135068602974068
125 0.0013099473769506607
126 0.001343487612504144
127 0.0014502696157082705
128 0.0014935064246906686
129 0.0014946585198122753
130 0.001528231031724527
131 0.001621788201663905
132 0.001549823341583511
133 0.0016313627166943453
134 0.0016961785274551618
135 0.0017513907033355441
136 0.0017524782971656482
137 0.001870109461699646
138 0.0020476691047394053
139 0.00203083358774731
140 0.002145997450472525
141 0.002262361006764205
142 0.002299554318474874
143 0.002423134014045524
144 0.0025154695345536017
145 0.002677419096683665
146 0.0027841362930029374
147 0.0028945080757207253
148 0.003010848614802061
149 0.00322683218170079
150 0.0032639663497023635
151 0.00341275818515347
152 0.0036466640899812924
153 0.0038254364337919787
154 0.003896126857713344
155 0.004109593716458022
156 0.0044011061794540845
157 0.004488727099238389
158 0.004683050594868021
159 0.004718999119989898
160 0.004944569899890381
161 0.005274333951569104
162 0.005372734126841647
163 0.0056234798473435285
164 0.005743428217793211
165 0.006013302273310896
166 0.006076939862116168
167 0.006276018618147975
168 0.0062735971780930565
169 0.006470429013408612
170 0.006595087604180187
171 0.006777494193221763
172 0.006873422352181044
173 0.006992075990854368
174 0.006786990600786819
175 0.0068314578331439635
176 0.006974032936097983
177 0.0068217294200793605
178 0.006975276053298631
179 0.006763060949687367
180 0.0067882048548905515
181 0.006712615691266841
182 0.006590183136346447
183 0.0064738887818096705
184 0.006216007648996248
185 0.006157252566209799
186 0.005993954911704433
187 0.005847753279371835
188 0.00583454530708366
189 0.00543750429139757
190 0.00542911531715815
191 0.005189225231349813
192 0.0050140524326987195
193 0.0050584142823703136
194 0.004849699363085393
195 0.0045462214006487724
196 0.0044766910330265265
197 0.004303886478036279
198 0.004291929856348023
199 0.004189952604485861
200 0.003972769936375871
201 0.0038252735085578717
202 0.003806093317545334
203 0.0036058067523750967
204 0.0035553919723923786
205 0.0033682617310950885
206 0.0033334578147194882
207 0.0031391479136250403
208 0.003223151233073512
209 0.002997627442803434
210 0.0029772192266072505
211 0.0029124386075664688
212 0.0028177130536995135
213 0.0027325575524130316
214 0.0026761145894546854
215 0.002650971502347187
216 0.002610214795640466
217 0.002418192784856015
218 0.0023366182124017034
219 0.0023006519424903487
220 0.0023234359088675645
221 0.0021339717179221242
222 0.002126803149398517
223 0.001999605063216685
224 0.0020271764198363245
225 0.0019516278696007966
226 0.0018436710130265222
227 0.0019036186597529037
228 0.001854455159779359
229 0.0017681190779344162
230 0.0017248991780039415
231 0.0016888998910817828
232 0.0016133774549374682
233 0.0016001744702146743
234 0.0016001915025927954
235 0.0014358584671916948
236 0.0015582518434667974
237 0.0015485855684436607
238 0.0014502273461402787
239 0.001553403381061359
240 0.0015737986990388174
241 0.0013926366392666067
242 0.0013962467753519904
243 0.0015113999471165057
244 0.0015306349671583392
245 0.0015294259595548308
246 0.00150782181057245
247 0.001473005582335784
248 0.0015546186884971413
249 0.001546242468753383
250 0.001600201653065077
251 0.001429865810874887
252 0.001561789621109988
253 0.0015450478678122512
254 0.0015125787705583267
255 0.0015749359103847305
256 0.00161816606464911
257 0.0015953699601833314
258 0.001645791741758359
259 0.001607372787568482
260 0.0015546241365849034
261 0.0016493799043843648
262 0.0016037760875965343
263 0.0015377755562340442
264 0.0014862510600609504
265 0.0016397208253119769
266 0.0016553766551855307
267 0.001589433161971012
268 0.0015450385182769473
269 0.0015726547554695252
270 0.0015509531841613473
271 0.0015449929886003687
272 0.001555821592283206
273 0.0015546086697712197
274 0.001601382456685439
275 0.0016661624066811773
276 0.0017057827640876958
277 0.001480263849259821
278 0.0015222346486995103
279 0.0015138176191145268
280 0.0016673962892357853
281 0.0016350067626512209
282 0.0015558499574464249
283 0.0015906306594203105
284 0.0015582145112743538
285 0.0016422791456024556
286 0.0016686039320131408
287 0.0015882411110843622
288 0.0015810413478202852
289 0.0016277954047600465
290 0.0015774728542257094
291 0.0017021980289528258
292 0.0015054769539907754
293 0.0015822236453757873
294 0.0015786254545026642
295 0.0015714557201455
296 0.0015678870978034897
297 0.0016254735000555765
298 0.001540278190645649
299 0.00155708685057698
300 0.0015535222690589165
301 0.0015678846876302894
302 0.0015918333172205066
303 0.0015138797996853515
304 0.0015595045677525452
305 0.0015414799011181505
306 0.0015738892353342065
307 0.0015090756273164704
308 0.0014971008651756856
309 0.0015247262301640743
310 0.0015487021401857453
311 0.0014923078899092093
312 0.0014875398865207572
313 0.0015078990558691425
314 0.0014275809340190434
315 0.0014587594989388518
316 0.0014611315009564901
317 0.0013891971175456323
318 0.0013939545705914118
319 0.0014155828645286699
320 0.0013640013391945677
321 0.0014371451017797085
322 0.0014107825021612683
323 0.0014035600174369218
324 0.0013136203256516046
325 0.001371187644911142
326 0.0013315617321577116
327 0.001341168896805618
328 0.0013724016453626068
329 0.0013484149436783519
330 0.0012740304982853088
331 0.0012872197539082033
332 0.0012440538227553237
333 0.0012608030266240218
334 0.0012860518602781598
335 0.00121283689039939
336 0.0012992011478954284
337 0.0012572556015802046
338 0.0012716685446499737
339 0.0011936845511509387
340 0.00125721873553053
341 0.001278831640604714
342 0.001269280189093533
343 0.0012560766787151232
344 0.0012668463249901787
345 0.001287246927008547
346 0.001398832283636771
347 0.0013280095511458067
348 0.0013388481519114033
349 0.0013388276021190182
350 0.0012968326557081793
351 0.001368811912199085
352 0.0014203586874561784
353 0.0014252102583889453
354 0.0014875947532709145
355 0.00144442430980695
356 0.0015787586310204898
357 0.001653179059316621
358 0.0015944111141575376
