0 1.1976506884096156e-06
1 2.3953013768192313e-06
2 1.1976506884096156e-06
3 0.0
4 0.0
5 1.1976506884096156e-06
6 0.0
7 3.592952065228847e-06
8 1.1976506884096156e-06
9 4.790602753638463e-06
10 5.988253442048078e-06
11 8.383554818867309e-06
12 1.3174326851755017e-05
13 7.185904130457693e-06
14 1.5569628228574247e-05
15 1.077885619568654e-05
16 1.916241101455385e-05
17 1.5569458949325002e-05
18 2.6348315145011543e-05
19 2.9941267210240388e-05
20 3.233656858705962e-05
21 4.431324475040504e-05
22 7.305669199298665e-05
23 8.982414018921977e-05
24 0.00010778890051536401
25 9.58122243520186e-05
26 0.00017725264044312185
27 0.00020360112486738263
28 0.0002431232590264016
29 0.00033294858417036606
30 0.0004179816137681998
31 0.0005449329252981176
32 0.00062278072788249
33 0.0007904530092145807
34 0.0010311809668641615
35 0.0012922686476582095
36 0.001643181145758473
37 0.002063559584416736
38 0.0025042972383817145
39 0.0030288689170221224
40 0.0038600412032463813
41 0.0045582737552194285
42 0.005490048360711598
43 0.006548776816922428
44 0.008055429169787185
45 0.009340513775386677
46 0.011000460337990401
47 0.012707116970234576
48 0.01473953966810365
49 0.01684741334366704
50 0.019052301295531333
51 0.02111705751496099
52 0.02312672095632754
53 0.025496888258056596
54 0.02731852392692784
55 0.029756947161141287
56 0.03118814853631176
57 0.03221573147273319
58 0.033743945092853556
59 0.03428287791516219
60 0.0342816888977155
61 0.03387089691222123
62 0.03336189858595287
63 0.03225885231445193
64 0.030347395383138694
65 0.028795235858978602
66 0.02706341806696436
67 0.024405824079654945
68 0.022029675803491588
69 0.01994095844488977
70 0.017308513429244467
71 0.01519825003851949
72 0.013075999984155463
73 0.011251976123635878
74 0.009551302666456268
75 0.007936862090193135
76 0.006923645545096619
77 0.005601435460948919
78 0.004715169042427578
79 0.0037762078556879495
80 0.0031282757862318624
81 0.0026049002347666183
82 0.002248000329620555
83 0.0017773210698868362
84 0.0015030558459352991
85 0.001195258772617782
86 0.0009772851623724866
87 0.0007964405855396317
88 0.0006527214872549827
89 0.0005640953363126714
90 0.00045630609723880893
91 0.0003916331293439387
92 0.0003209725851240177
93 0.0002742623462043009
94 0.00022515934509650346
95 0.00020360112486738266
96 0.0001544976159218376
97 0.00015090466385660878
98 0.00010299863632022406
99 0.00011976506884096169
100 7.185921058382626e-05
101 6.34759943234574e-05
102 6.467313717411931e-05
103 6.34759943234574e-05
104 4.191794337358581e-05
105 3.9522472717517324e-05
106 4.0720292685176195e-05
107 2.3953183047441556e-05
108 2.8743616521830772e-05
109 3.832482202910771e-05
110 2.75461351126704e-05
111 2.275553235903194e-05
112 2.5150664456601927e-05
113 1.4371808260915386e-05
114 2.6348315145011543e-05
115 1.7964760326144234e-05
116 2.6348315145011543e-05
117 2.75461351126704e-05
118 1.4371808260915386e-05
119 2.8743616521830772e-05
120 2.155771239137308e-05
121 2.395301376819231e-05
122 3.1138917898650004e-05
123 2.1557881670622324e-05
124 2.5150664456601927e-05
125 3.1138917898650004e-05
126 3.1138917898650004e-05
127 3.952264199676657e-05
128 4.6708376847975033e-05
129 4.43130754711558e-05
130 4.910384750404351e-05
131 7.185921058382623e-05
132 7.784746402587433e-05
133 9.221927228678972e-05
134 7.664964405821547e-05
135 9.820735644958853e-05
136 0.00011257933398975323
137 0.00018324072460592066
138 0.00017964777254069172
139 0.0002047982677180445
140 0.0002551001044689961
141 0.00032456418295525235
142 0.00037127239052397825
143 0.0004072022497347653
144 0.000505408929067357
145 0.0006275694685643867
146 0.0006778709667568393
147 0.0007844620473045446
148 0.0009305756005697671
149 0.0010335745754484892
150 0.0012359782189067118
151 0.0013892758142306498
152 0.0016156326407363122
153 0.0017330032545967021
154 0.0019785209686036765
155 0.0021210420776414164
156 0.002365362987356229
157 0.0027210655803723833
158 0.0028564002774419187
159 0.0031402433213157488
160 0.0032959384186467466
161 0.0035270870328607926
162 0.003820511451521146
163 0.0039007521855728496
164 0.004294779939176612
165 0.004336699575342688
166 0.0045498808900418545
167 0.0046109627679432365
168 0.004872050618016534
169 0.004821748781265577
170 0.004904386340207345
171 0.005038523555867722
172 0.004861272777496343
173 0.005018162817047759
174 0.005009780616462889
175 0.005160684433923253
176 0.004891211674797092
177 0.004836120081688748
178 0.004746298311409019
179 0.004614555550729216
180 0.004400176754620893
181 0.004301971090963798
182 0.003855244675719021
183 0.003666015189833305
184 0.003570203304039784
185 0.0033007310527513756
186 0.002894724591633279
187 0.0026108830712726918
188 0.0024731529035470876
189 0.0023066797964166486
190 0.0019869075704490305
191 0.001715039340666804
192 0.001511437538682424
193 0.0013976605540042615
194 0.0011988512168452621
195 0.0009473444029999936
196 0.0008096132195988942
197 0.0006766734853476794
198 0.0005808612609956612
199 0.0004682815884474096
200 0.000367679099900251
201 0.0003485170274441956
202 0.000289831974432875
203 0.00023474004276603262
204 0.00019641505145767568
205 0.00015928771083772826
206 0.00010778856195686554
207 9.461440438435972e-05
208 7.904494543503473e-05
209 6.108035438813966e-05
210 3.8324822029107714e-05
211 3.71271713406981e-05
212 3.233656858705962e-05
213 2.0360061702963466e-05
214 1.5569628228574247e-05
215 1.3174157572505772e-05
216 1.3174157572505772e-05
217 7.185904130457693e-06
218 2.3953013768192313e-06
219 7.185904130457693e-06
220 3.592952065228847e-06
221 3.592952065228847e-06
222 2.3953013768192313e-06
223 2.3953013768192313e-06
224 2.3953013768192313e-06
225 1.1976506884096156e-06
226 0.0
227 0.0
228 1.1976506884096156e-06
229 0.0
230 0.0
231 0.0
232 1.1976506884096156e-06
233 0.0
234 0.0
235 0.0
236 0.0
237 0.0
238 1.1976506884096156e-06
239 0.0
240 0.0
241 1.1976506884096156e-06
242 0.0
243 0.0
244 0.0
245 1.1976506884096156e-06
246 2.3953013768192313e-06
247 2.3953013768192313e-06
248 0.0
249 0.0
250 1.1976506884096156e-06
251 0.0
252 1.1976506884096156e-06
253 1.1976506884096156e-06
254 2.3953013768192313e-06
255 0.0
256 5.988253442048079e-06
257 2.3953013768192313e-06
258 1.1976506884096156e-06
259 1.1976506884096156e-06
260 1.1976506884096156e-06
261 3.592952065228847e-06
262 0.0
263 4.790602753638463e-06
264 9.581205507276925e-06
265 9.581205507276925e-06
266 5.988422721297323e-06
267 1.077885619568654e-05
268 1.3174326851755017e-05
269 2.1557881670622324e-05
270 1.796492960539348e-05
271 2.9941605768738875e-05
272 2.3953183047441556e-05
273 3.83251605876062e-05
274 5.8685222290569705e-05
275 5.629009019299972e-05
276 5.748757160216009e-05
277 5.389461953693124e-05
278 8.503370671483052e-05
279 9.102162159838012e-05
280 0.00015689274801940754
281 0.00017006690559191333
282 0.00019282345362644075
283 0.00021557830886847581
284 0.00028144977384800143
285 0.00031019203613583856
286 0.00034851838167818946
287 0.0004670859691099906
288 0.0005149918273671261
289 0.0005988304225822851
290 0.0006539215078528813
291 0.0007317704953919988
292 0.0008287798625946791
293 0.0009401608687790252
294 0.0010395665530340203
295 0.001105438018013546
296 0.0011737037686943958
297 0.0013198179990766147
298 0.001373713295730543
299 0.0014419802313661374
300 0.0015377929635559044
301 0.001651567239766079
302 0.0016922907487569906
303 0.001673128507021686
304 0.0017042638700561022
305 0.0017461843526184262
306 0.0017785212597639841
307 0.0017138486304276116
308 0.0017054655834464927
309 0.0016360006585639903
310 0.0016443828591488638
311 0.0015401864028609824
312 0.0013593397946771353
313 0.0013114363063294887
314 0.0012455633178367208
315 0.0011952621582027657
316 0.000971298432443681
317 0.0009389627102528688
318 0.0008371624017380508
319 0.0007664999954463878
320 0.0006623042162755026
321 0.0005724815995995262
322 0.00048385324802697446
323 0.00038684421938279265
324 0.000366483311283583
325 0.00030300697840162706
326 0.00025510078158599305
327 0.00021438031962156765
328 0.00018443888313207792
329 0.00014850970103828795
330 0.00011377715395741204
331 8.383588674717164e-05
332 9.341709225444862e-05
333 6.227834363504777e-05
334 4.7906366094883146e-05
335 4.551089543881465e-05
336 2.5150664456601927e-05
337 3.233656858705962e-05
338 1.4371977540164633e-05
339 1.3174157572505773e-05
340 5.988422721297323e-06
341 1.3174326851755015e-05
342 1.7964760326144234e-05
343 1.1976506884096156e-05
344 8.383554818867309e-06
345 5.988253442048078e-06
346 4.790602753638463e-06
347 2.3953013768192313e-06
348 3.592952065228847e-06
349 3.592952065228847e-06
350 1.1976506884096156e-06
351 0.0
352 3.592952065228847e-06
353 1.1976506884096156e-06
354 0.0
355 1.1976506884096156e-06
356 1.1976506884096156e-06
357 1.1976506884096156e-06
358 2.3953013768192313e-06
