0 0.001256780894292233
1 0.00125919961403712
2 0.0013311328844856803
3 0.0012544122498220523
4 0.001327553318086398
5 0.0012483983722357955
6 0.0012915724586620998
7 0.0013479220244151065
8 0.0013611374150150307
9 0.0014162842503144338
10 0.0014030931516747288
11 0.0014834543880331832
12 0.0015086162253164876
13 0.0015002642630085113
14 0.0015913737911446824
15 0.0016501319155000293
16 0.001753255783784843
17 0.0017952432733079223
18 0.0018108322223393991
19 0.001985892050235908
20 0.0021034736037949045
21 0.002065055511320653
22 0.0021921466353492197
23 0.002312098372473759
24 0.0024223881208081466
25 0.002511163635571206
26 0.002572316541813239
27 0.002834963282243443
28 0.002969299541921071
29 0.0031167343983484457
30 0.0032774433556023337
31 0.0034262061698006
32 0.003628790214720711
33 0.0038567038123675916
34 0.003948988591810586
35 0.004180424317005307
36 0.0045714112873064
37 0.004570117873582601
38 0.004983955848700586
39 0.0051733947876927335
40 0.005421571531537064
41 0.005702213182023666
42 0.00599116084956164
43 0.006287431384608666
44 0.0064336637912912565
45 0.006671135793512749
46 0.006878625550528509
47 0.007040536882422425
48 0.007182044638585896
49 0.0076077261912165465
50 0.007598059676531217
51 0.007845063109740936
52 0.007965126532046939
53 0.008074149663412685
54 0.008129388661679922
55 0.008022564780559092
56 0.00827319376268313
57 0.008274430602254636
58 0.008265990576855895
59 0.0080956744495427
60 0.008016544441497938
61 0.007722728994692384
62 0.007578852933148592
63 0.007722673137713575
64 0.007376276508873302
65 0.007162697427765666
66 0.006904909664619361
67 0.006803007996638099
68 0.006666257394155737
69 0.006389190787436768
70 0.006248959961285414
71 0.005908411095977144
72 0.005582183175480307
73 0.005408284838610208
74 0.00515888084140432
75 0.005100106568149998
76 0.004857844339894738
77 0.004544930283987765
78 0.004368591145816685
79 0.004169525899361721
80 0.003921350878919264
81 0.003899667972429988
82 0.003746224983582862
83 0.0035771656074417503
84 0.0033565176915585876
85 0.003230623004386665
86 0.003218539087365981
87 0.003031477298565422
88 0.002875628721046094
89 0.002782118414674467
90 0.0026357808871631406
91 0.0025434500951961032
92 0.0024703305798144826
93 0.0024055776286269802
94 0.0023096027854544177
95 0.002290436838808502
96 0.0023120130109615233
97 0.002082951018101303
98 0.002058963424508961
99 0.002024208178048502
100 0.001907891667749968
101 0.001937869030105851
102 0.001823949006816331
103 0.0018167082622085363
104 0.0017291930284123616
105 0.0017063888471985182
106 0.0016931972113533899
107 0.0015781265475617288
108 0.0016140841684145603
109 0.001501365171384256
110 0.0015625348624535556
111 0.0014773687461921835
112 0.0013718448123268081
113 0.0013850301476768857
114 0.0013610179394272115
115 0.001332279639231126
116 0.001262757641160911
117 0.0012662887930846517
118 0.0011860033759290938
119 0.001244752491433642
120 0.0012411587082679452
121 0.0011739758255187717
122 0.001161979491724958
123 0.0011140197284602448
124 0.0011128098587511364
125 0.001133219116344938
126 0.001052884302789864
127 0.0010456602506475577
128 0.0010984614924884212
129 0.0010396804840419583
130 0.0010444656445790824
131 0.0010168740663453932
132 0.0009725145536308845
133 0.0009988826683536378
134 0.001012102302626543
135 0.001016866254756684
136 0.0010444836422173135
137 0.0010768133537945074
138 0.0010684472834459327
139 0.0010481106921400342
140 0.0010984387701295675
141 0.0011008099515853332
142 0.0010564724990642026
143 0.0010972176918883187
144 0.001156009047780252
145 0.0011440016721944934
146 0.0012495008335250825
147 0.0012411500426601915
148 0.0012447509553994505
149 0.0012975040163237465
150 0.001283105077927918
151 0.0012663466687379116
152 0.0013202919364929603
153 0.0013574465442921537
154 0.0013910611598431028
155 0.001345468196192472
156 0.0014857583778396242
157 0.0015133567437369821
158 0.0015745227032329732
159 0.001654885171011691
160 0.0016692559439868801
161 0.001677620302992598
162 0.0017028369140429077
163 0.001717226881975841
164 0.0016980227512433325
165 0.001787964169572389
166 0.001763996790506975
167 0.0019162624514153898
168 0.0019306924670926039
169 0.00201340016205511
170 0.001929463591937643
171 0.0019318748294945738
172 0.002097364545126487
173 0.0020518121581141993
174 0.002029006395585757
175 0.0018550953051817175
176 0.002005061583911467
177 0.002061417940420303
178 0.00193066225877221
179 0.0020277987592016576
180 0.002092547994120921
181 0.0019822453170722713
182 0.0018707214309591177
183 0.0019330393852836365
184 0.002051828252815935
185 0.002009818898466864
186 0.0018755227411609869
187 0.0018467435165255125
188 0.0019594621708959497
189 0.001863506000115277
190 0.0018647370948721795
191 0.001831167111039786
192 0.001789183886802919
193 0.0018371207365681483
194 0.0015817157480669734
195 0.0016452698657249347
196 0.001629713323686141
197 0.0015937205638110374
198 0.001666809381430056
199 0.0016704257478281322
200 0.0015121662475111673
201 0.0015265395240228999
202 0.0014090289354980752
203 0.0014114181166891486
204 0.001347888263721583
205 0.0014258535632122645
206 0.0013131121630124006
207 0.0012447239688102912
208 0.0012986996346156484
209 0.001220777624076361
210 0.0012351623085104337
211 0.0012411583668571278
212 0.0011656192485742234
213 0.0011032268114118012
214 0.0011368045701932344
215 0.0010792388579780165
216 0.00106608119835485
217 0.0010265182219833132
218 0.0010360763175470793
219 0.0010912558998200821
220 0.0010288853238483132
221 0.0010864580082879292
222 0.0009868970172361928
223 0.0009761414436313633
224 0.001006109136739672
225 0.0009389372846650814
226 0.0009844922333255473
227 0.0009581412501677139
228 0.0009629165546143631
229 0.0009353501074714649
230 0.0009281428161077623
231 0.0008910113046134796
232 0.0009113635152712163
233 0.0008910036686834886
234 0.0009425483774942022
235 0.000958121229435875
236 0.0009713442283356817
237 0.0009617338234255831
238 0.0009773333144954665
239 0.0010456785399635255
240 0.001001311910729958
241 0.0009929136025492757
242 0.0010408808365883068
243 0.001027685820659527
244 0.0010672552446368436
245 0.0011080464015376424
246 0.0011188269342965733
247 0.0011728115928876857
248 0.0011607706184520777
249 0.0011703945599747978
250 0.0011547915485987889
251 0.0013106980140874392
252 0.0013538749554965108
253 0.0013586669249715517
254 0.001343077118216685
255 0.0013706518796550793
256 0.0013814429382855216
257 0.001515767149713257
258 0.001425770362688503
259 0.001524180535891637
260 0.0015625421506548659
261 0.0016788681547008795
262 0.0016452792018247014
263 0.0017435912377499118
264 0.0018647470750451443
265 0.0019078941666594719
266 0.0019138875099024952
267 0.0019690339818656992
268 0.002159727613170704
269 0.0022364468761819404
270 0.002365951275737628
271 0.00239836520708418
272 0.002502689462853319
273 0.0026273942615664923
274 0.0028024924968636077
275 0.002876858880853758
276 0.0030975332811849898
277 0.003123856251970746
278 0.003454844630198446
279 0.00348844669832394
280 0.003598725083907863
281 0.0037222687306161734
282 0.004037646261053981
283 0.004122814781139397
284 0.004439368570726841
285 0.004464544165560324
286 0.004657643634574631
287 0.004925061064236189
288 0.005067775250962137
289 0.0053531635416825644
290 0.0052643900732867255
291 0.005470693657881849
292 0.005663781049476376
293 0.005795719172159441
294 0.0060200052687146306
295 0.00608238399802075
296 0.006036792737166864
297 0.006066715121506862
298 0.006382137329809771
299 0.006538045802197069
300 0.006398960537713405
301 0.006289937009752584
302 0.0063617830540627935
303 0.006460093950166547
304 0.006347328434014283
305 0.006557268137811855
306 0.006337837000324558
307 0.006314981201588068
308 0.006035650770745368
309 0.00603200889902962
310 0.005930095759860332
311 0.005762220930870354
312 0.00562316197778269
313 0.005585975136535651
314 0.005358043416862967
315 0.005186672392231448
316 0.004962235017202479
317 0.004917995826090578
318 0.004762068465295708
319 0.004522291105545959
320 0.004426374519199336
321 0.004204510459870345
322 0.00403658747881245
323 0.003935830651821049
324 0.0037775732396672012
325 0.0037260173108859583
326 0.00338418368350634
327 0.003281098510585776
328 0.0031623634532835327
329 0.0029896511766313574
330 0.0028373688737608543
331 0.0027942003983818164
332 0.002633444269681793
333 0.0024428175414632405
334 0.002442828208359548
335 0.002337284770000779
336 0.0023540754515904644
337 0.0021106386146328236
338 0.0021561556954948886
339 0.001996697694913072
340 0.001888795932729208
341 0.0017389248796862537
342 0.0017581142547173634
343 0.0017040981877185554
344 0.0016669047195081038
345 0.0015913722541226586
346 0.0015709910232507066
347 0.0015313857699589305
348 0.001473869626553007
349 0.001460674102072315
350 0.0014498462249427882
351 0.0013982821642486772
352 0.0013215257260723316
353 0.0013455442125193296
354 0.0013071447756824966
355 0.0012544091937131592
356 0.0012436045662979182
357 0.0012471768157170154
358 0.0012879627227663029
