0 0.0012788687283254634
1 0.0012262467549621651
2 0.001249153318337376
3 0.0012610397064422674
4 0.0012474543219493273
5 0.0012669836225790976
6 0.0013255316044850619
7 0.0013696609351507311
8 0.001363728846253066
9 0.0014078721892089826
10 0.0014316137992985028
11 0.001463863109254883
12 0.00146977812500266
13 0.0015529543517950977
14 0.0015521220997764607
15 0.0015758982063543692
16 0.0016267937713862698
17 0.0017158764112717715
18 0.0017125034193820222
19 0.001783792918184092
20 0.0018745890278159011
21 0.0019679217928204474
22 0.002047659313944433
23 0.002141869789659401
24 0.00213509601164067
25 0.002263245965498447
26 0.0023090668126189004
27 0.0023829135299245335
28 0.0027129993361395504
29 0.0026060828403132994
30 0.0027741044387074192
31 0.002859818967436269
32 0.003114389196177483
33 0.0032280533642696863
34 0.0032874718184828333
35 0.0034385394686777537
36 0.0035301795484681104
37 0.003766892566856748
38 0.0039883421427219755
39 0.004028269575520124
40 0.004108033003893703
41 0.004462802710533305
42 0.004752131654378884
43 0.004637549653648099
44 0.004839546156735366
45 0.005235813375610311
46 0.005212890166383301
47 0.0053520396246024065
48 0.005552312693136051
49 0.005800112751967525
50 0.005914657266663795
51 0.006133597500587132
52 0.006195554721149769
53 0.006349924458761055
54 0.006411031759695617
55 0.006451794605599673
56 0.0065281942613997146
57 0.006436475729765969
58 0.006677487882332747
59 0.0067640638198790265
60 0.006758984620673107
61 0.006609608852157025
62 0.0068403856256573515
63 0.006499280640814302
64 0.006485729840204111
65 0.006447468876473935
66 0.006276065009787326
67 0.006268403323632633
68 0.006023190972672883
69 0.006007079693154905
70 0.005785595948099745
71 0.005696471899673853
72 0.005511490570314849
73 0.005318014912774293
74 0.005208531548976842
75 0.005082116612541235
76 0.00501419927121032
77 0.004787657815396554
78 0.004606891729763663
79 0.0043837185143797116
80 0.004331081158999822
81 0.004181780244847827
82 0.004030715800432274
83 0.004006933261162937
84 0.003877926932576388
85 0.003805778882039947
86 0.0036573557545872197
87 0.003521597328445587
88 0.003363706919962818
89 0.003296647588587761
90 0.003197399970031668
91 0.0031430325803449032
92 0.003018351138863197
93 0.002978479316048043
94 0.002912247881981702
95 0.002828229838792379
96 0.0027137067284395697
97 0.002731518678450843
98 0.0025982804211598046
99 0.0025252877983517994
100 0.0025354957821507413
101 0.0024565718511607364
102 0.0023725864354397796
103 0.0022741189589459104
104 0.002196091623564637
105 0.0021120583599808767
106 0.002147709889799604
107 0.0020458869766154064
108 0.001945740078728143
109 0.0018277686917391115
110 0.0018676800003968304
111 0.0017624452169622243
112 0.0017488499547079074
113 0.0017488684131250793
114 0.0016988217602173078
115 0.0016809763010304669
116 0.0016538154826637463
117 0.0016063094067272248
118 0.0015799719851210723
119 0.0015511763244203144
120 0.0014917666903023737
121 0.001492597319048843
122 0.0014697054564934745
123 0.0014408719934514893
124 0.0013907760504819732
125 0.0014595524089933754
126 0.001462912646880892
127 0.0014170757270850314
128 0.0014671522138474584
129 0.001463757220992461
130 0.0014467925404707382
131 0.00147817262400824
132 0.0014612200222897495
133 0.001473114744005568
134 0.0015307921639266381
135 0.0015197624107820187
136 0.001523188324036389
137 0.0015358384980700892
138 0.001563890028406045
139 0.0015401254809342948
140 0.0015723636712249001
141 0.0015825694255426628
142 0.0015528324755373763
143 0.001577434458621903
144 0.0014866622323641545
145 0.0015147035839109225
146 0.0015868094916852826
147 0.0014993710215511847
148 0.0015604599924463783
149 0.0015138162546442491
150 0.0015850935303930315
151 0.0015800071684690673
152 0.0015647110579211727
153 0.0015485847310239575
154 0.0015519980234736349
155 0.0015808303138306133
156 0.0015138326692729343
157 0.0015698296969110697
158 0.0015282356882903654
159 0.0015621948608636434
160 0.001563027443616344
161 0.001534186324093478
162 0.0015816796239740145
163 0.0015766281387493326
164 0.0015749127221876841
165 0.0015604839623757547
166 0.0015621961401104303
167 0.0015197580528284573
168 0.0016275401899328737
169 0.0015172188259784335
170 0.0015554420426933504
171 0.0015477470706429684
172 0.001639407860820763
173 0.0016029149770315106
174 0.0015426805966792937
175 0.0015384100781436255
176 0.0015740747108019932
177 0.0015189057626524608
178 0.0015749027194216904
179 0.0015333535484289358
180 0.0015477599006079625
181 0.0015536864583399713
182 0.001606328438976361
183 0.001535871627453933
184 0.0015741053064785703
185 0.0014628865578820498
186 0.0015265415429496344
187 0.0015121300990023564
188 0.0016436422420260377
189 0.0014620572721103996
190 0.001509584841102734
191 0.0015986711723428684
192 0.0015681141443276473
193 0.0015596289493508308
194 0.0014934929424918223
195 0.0014680371432462707
196 0.0014034983268621706
197 0.0014756289771644085
198 0.0014314898830902099
199 0.0014552744816713654
200 0.0014281001308292845
201 0.0013780282455799304
202 0.0013797776117566208
203 0.0013907664227231504
204 0.0013967372844032205
205 0.0013755376426966056
206 0.001322047877933273
207 0.0013449792387841063
208 0.0013695783271548902
209 0.0013543315004846022
210 0.001271143138187256
211 0.0013034101977483308
212 0.0014052163605518784
213 0.0012889793033505827
214 0.0012983051652916853
215 0.001319522399185556
216 0.0013000274337242527
217 0.0012669044925113153
218 0.0012779567793979273
219 0.0012974810616403981
220 0.0012329797464523046
221 0.0012151443353279178
222 0.0012278696747468824
223 0.0013297272411331282
224 0.0013127626690953552
225 0.001272831009898065
226 0.0012787781555494255
227 0.0012838794611851642
228 0.0012898379932264471
229 0.001266926005396854
230 0.00130511652629707
231 0.0013220643672133185
232 0.0012855736850286494
233 0.0013865551711615884
234 0.001394193988631313
235 0.0014349190437249087
236 0.0013993017643780148
237 0.0014171296080089221
238 0.0014943535675695464
239 0.0015062557828421337
240 0.001533384255212603
241 0.0015978450353780166
242 0.001589382465810277
243 0.001705661489469086
244 0.0017616183223240927
245 0.0018006491601825752
246 0.0018236111221127218
247 0.0018082768587216337
248 0.0018948566001374813
249 0.0018923292178799032
250 0.0019873747897482803
251 0.0020951158498351092
252 0.002148590823867809
253 0.0021680951256823756
254 0.0021290645869302444
255 0.0022266382899783213
256 0.0024591811427239715
257 0.0023335811868433446
258 0.0024515407486836874
259 0.0024523951667342675
260 0.002555950613214869
261 0.0025575924410297175
262 0.0026543583785571
263 0.0026832131875785745
264 0.0027859155657978204
265 0.0028961933852154564
266 0.0027681087874834405
267 0.002954741204893735
268 0.003040501101741286
269 0.0031202298620087777
270 0.003217821949666821
271 0.003341713938673898
272 0.0034859750164238797
273 0.003570855575650326
274 0.0035971154133580944
275 0.003767767015515272
276 0.0037524967344467054
277 0.003937411715662151
278 0.004133462515782639
279 0.004181808566009131
280 0.004273503451316708
281 0.004423716660557666
282 0.0045721882332572135
283 0.004690145842386288
284 0.004893823073903403
285 0.004909917827488227
286 0.005197622403313863
287 0.005208591231194228
288 0.005419916221386503
289 0.005434407187828532
290 0.005599880892639982
291 0.0056609703982406605
292 0.005974942801649844
293 0.005995285210181157
294 0.0059571797476669405
295 0.006068254332864602
296 0.006136974428324675
297 0.006120832165164411
298 0.006210832530474099
299 0.006256678152082282
300 0.006267662556039215
301 0.006253354128315168
302 0.0063398454438717946
303 0.006338970738000409
304 0.00615655972429759
305 0.005943475233034412
306 0.005823005561045946
307 0.0059002081105172365
308 0.005841696301093754
309 0.005610039983647899
310 0.005458993366516409
311 0.005385162517358707
312 0.005152636367308387
313 0.005095010275764009
314 0.00482768294648429
315 0.004654562286397875
316 0.004583245427853165
317 0.004429652491803745
318 0.004217530862756965
319 0.004114041084648496
320 0.0038644986927169503
321 0.0037083671424341727
322 0.0035445877794594675
323 0.003408832783349431
324 0.0033434769400818333
325 0.0030940000951615123
326 0.0030023333423632895
327 0.0029157555084342586
328 0.002817371810460886
329 0.0026349301010589236
330 0.002633205115744881
331 0.0024151085638058145
332 0.002412584125582382
333 0.0022538806955340793
334 0.002223345340600379
335 0.002118117161052143
336 0.002047726819958905
337 0.0020120792450240978
338 0.001813485645609727
339 0.0018745708238203285
340 0.0017260781002475917
341 0.0017193066729409158
342 0.0016632494273300358
343 0.0016030086499996892
344 0.0015402561863654607
345 0.0015648457585391387
346 0.001506296833376252
347 0.0015113802229443462
348 0.0014502893412400898
349 0.0014010728294208724
350 0.0013603171664629903
351 0.0013985466795842672
352 0.0013399312934253866
353 0.0013586152042019714
354 0.0012916151689571747
355 0.0013442083494051495
356 0.0012610433509950003
357 0.0012924328050585199
358 0.001248344859901562
