0 3.592952065228847e-06
1 0.0
2 1.1976506884096156e-06
3 0.0
4 0.0
5 0.0
6 0.0
7 1.1976506884096156e-06
8 0.0
9 0.0
10 1.1976506884096156e-06
11 0.0
12 0.0
13 0.0
14 0.0
15 1.1976506884096156e-06
16 0.0
17 0.0
18 2.3953013768192313e-06
19 1.1976506884096156e-06
20 0.0
21 1.1976506884096156e-06
22 0.0
23 0.0
24 0.0
25 0.0
26 1.1976506884096156e-06
27 1.1976506884096156e-06
28 2.3953013768192313e-06
29 2.3953013768192313e-06
30 2.3953013768192313e-06
31 0.0
32 0.0
33 1.1976506884096156e-06
34 3.592952065228847e-06
35 0.0
36 3.592952065228847e-06
37 2.3953013768192313e-06
38 1.1976506884096156e-06
39 7.185904130457693e-06
40 7.185904130457693e-06
41 7.185904130457693e-06
42 1.1976506884096156e-05
43 1.5569458949325002e-05
44 1.9162580293803095e-05
45 2.0360061702963466e-05
46 1.7964760326144234e-05
47 2.5150664456601927e-05
48 3.952264199676658e-05
49 4.311542478274619e-05
50 5.2696630290023134e-05
51 5.2696630290023134e-05
52 8.263806677951283e-05
53 7.904511471428396e-05
54 0.00011497463536657248
55 0.00011377698467816288
56 0.00016288066290295723
57 0.00016407865214986526
58 0.00022875178932398467
59 0.0002910299636797832
60 0.0003736673533422991
61 0.00037606282399836756
62 0.0004431316011078047
63 0.0005509210094609163
64 0.0006563142700409623
65 0.0007760783232064282
66 0.0008635078391358257
67 0.0010192027671875738
68 0.0011952567412667908
69 0.0014299977997083181
70 0.0016252141848020884
71 0.0018898958333368602
72 0.0021078696128614045
73 0.00237494537781825
74 0.002706694787786964
75 0.0029917358209077005
76 0.0034707982969017868
77 0.003842071703101258
78 0.004230112049659218
79 0.004825342749006305
80 0.00520500106425864
81 0.005670885489257488
82 0.006147550971082263
83 0.00659787203118476
84 0.007135616682442927
85 0.007656596593972856
86 0.00812607617166717
87 0.008682986958083375
88 0.008825504173698383
89 0.009306960258276799
90 0.009568049631863343
91 0.010035138986558315
92 0.010219572452754415
93 0.010327360676152779
94 0.010257899983251512
95 0.010226758864722617
96 0.010315383999989434
97 0.010249517951945881
98 0.010218377002696247
99 0.009910581452891967
100 0.009384810261491405
101 0.009320135939362552
102 0.009007549956083884
103 0.008691370343622998
104 0.0084314825141476
105 0.008237457347130767
106 0.007903313312902232
107 0.007655401313193932
108 0.007241011297256965
109 0.0071068789906948236
110 0.006694878182081705
111 0.006464934159005286
112 0.00633558788465705
113 0.006133181024893087
114 0.005869700412631713
115 0.0058026297734505294
116 0.005491243641490519
117 0.005360695484472637
118 0.005205000725700142
119 0.004984632999032772
120 0.00500499373785273
121 0.004858879168912012
122 0.004633719654536263
123 0.004500781443798291
124 0.004534313293164272
125 0.0043858063005939715
126 0.004238496620153583
127 0.004134298471073206
128 0.004122322810585357
129 0.003945070000862987
130 0.003998966651750909
131 0.0038504547500823813
132 0.003948663630045212
133 0.0037642237312376387
134 0.0038360836189384622
135 0.003791771728422048
136 0.0036899707427902346
137 0.0038049435160850678
138 0.0038037485738646446
139 0.003840876591601592
140 0.003809736658027443
141 0.003946270021460885
142 0.0038827914879486854
143 0.0039342918217842955
144 0.003979802040106114
145 0.004158254701147135
146 0.004194183375403177
147 0.004262449633921773
148 0.004309155979418759
149 0.0044205376627201
150 0.004510362649305569
151 0.004596596715176796
152 0.004751092807585387
153 0.004747500024799411
154 0.004856487760957928
155 0.005134341027876469
156 0.005249319048828025
157 0.005302014663442549
158 0.0054205800502441105
159 0.0057451437253616166
160 0.005819398068043011
161 0.005819400437952503
162 0.006109235628691111
163 0.006300854829738427
164 0.006394273276226866
165 0.006439782478873187
166 0.0067727308937643015
167 0.006714043470843498
168 0.0067368012038327655
169 0.007019446089180436
170 0.007278139822831662
171 0.007260177432415003
172 0.007144003961405275
173 0.0074398243585594515
174 0.007685342918962674
175 0.007711689033477442
176 0.007809899944791262
177 0.007614680174112512
178 0.007657794921778257
179 0.007861397739438133
180 0.00765420450890177
181 0.007856607305963749
182 0.0076254600459836905
183 0.007608690904994968
184 0.007447004845753937
185 0.007482938259828954
186 0.0072745472093249264
187 0.007429043301733525
188 0.007221847532008418
189 0.007035015548129763
190 0.006742787087365322
191 0.006608651225938945
192 0.006268516399079622
193 0.006020604399371323
194 0.005870899078995617
195 0.005691247751590692
196 0.005473276680534136
197 0.005220570692487217
198 0.0051151782783034165
199 0.004838519107209052
200 0.004814567616954103
201 0.0045211403205465085
202 0.004255263560512066
203 0.004012138777972423
204 0.0038959671690344377
205 0.0038564424956866817
206 0.003565415748312633
207 0.003297141316991882
208 0.003291152894270585
209 0.0030899465629422728
210 0.002986947418784302
211 0.002923470916623096
212 0.002779753849689438
213 0.0027126852418592516
214 0.0026695701556350036
215 0.0024875264046004962
216 0.0024036901792948246
217 0.002407281607846813
218 0.0023402138464128698
219 0.0021845201033158655
220 0.0022503915682953912
221 0.002196495933082966
222 0.0021138582048619513
223 0.002135415240136327
224 0.002121043939713159
225 0.002040800497193469
226 0.0021497872176764916
227 0.002116254521914265
228 0.0020934972967627413
229 0.0022312289880015886
230 0.002238415907807542
231 0.002277937026291065
232 0.002283925618291611
233 0.002361774267272231
234 0.0022503908911783947
235 0.0023294360058926785
236 0.002342612702653922
237 0.0023258450851784407
238 0.0023737500970393293
239 0.002310275287670617
240 0.0022671605400048688
241 0.0022444061926005805
242 0.0021078723213293926
243 0.002180929351880877
244 0.001997688796554206
245 0.0020527786968700576
246 0.0019210362747487536
247 0.0019210389832167406
248 0.0018719354742711973
249 0.001851573042658743
250 0.0018312139966312757
251 0.001837202080794074
252 0.0017629477381126777
253 0.0017413910413967997
254 0.001776121557126686
255 0.0017952848145374857
256 0.0018180400083380184
257 0.0018228312882086538
258 0.0017701349964771302
259 0.0019018747101304458
260 0.0019186445282361674
261 0.0018755292727326712
262 0.0019186441896776704
263 0.002051583585370386
264 0.0019677480371817126
265 0.002055175691039368
266 0.002002481092100337
267 0.0020599674787477517
268 0.0020192476939003227
269 0.0019988856008463685
270 0.001990503569540745
271 0.0018659485750631415
272 0.001954574218167706
273 0.0017916906775175107
274 0.0017270199102528813
275 0.0016024649157752788
276 0.0016515675783245777
277 0.0014288042117218901
278 0.0014455697978463823
279 0.001282689134943425
280 0.0012874807533725596
281 0.0011389718987305174
282 0.0009940548111989599
283 0.001056332985554758
284 0.000992856314114304
285 0.0008311736404582545
286 0.0007868593800323548
287 0.0007413503466652815
288 0.0006802698229978929
289 0.0006239790556878962
290 0.0005497242051687529
291 0.0004682834505191512
292 0.0004191796030151078
293 0.0004167854865930332
294 0.00036768045413424497
295 0.0003760648553493584
296 0.0003185762680717028
297 0.00026348467496335894
298 0.00021677545171913762
299 0.0001964153900161742
300 0.00017964878821618728
301 0.00016168385861079374
302 0.0001580905679870664
303 0.00015809107582481416
304 0.00011976574595795867
305 0.00010060299638490629
306 9.461491222210749e-05
307 7.664998261671393e-05
308 8.024293468194281e-05
309 7.904562255203165e-05
310 7.545250120755356e-05
311 5.9883042258228555e-05
312 5.1498979601613505e-05
313 5.269696884852161e-05
314 3.113942573639774e-05
315 3.233673786630886e-05
316 3.832499130835694e-05
317 3.233673786630886e-05
318 2.1557881670622324e-05
319 2.3953183047441556e-05
320 2.5151003015100414e-05
321 1.6767278916983863e-05
322 1.3174157572505772e-05
323 1.5569458949325002e-05
324 1.5569628228574247e-05
325 8.383554818867309e-06
326 9.581374786526168e-06
327 1.4371977540164631e-05
328 7.185904130457693e-06
329 9.581205507276925e-06
330 5.988422721297323e-06
331 8.383554818867309e-06
332 2.3953013768192313e-06
333 1.1976506884096156e-06
334 7.186073409706938e-06
335 4.790602753638463e-06
336 9.581374786526168e-06
337 3.592952065228847e-06
338 3.592952065228847e-06
339 1.1976506884096156e-06
340 2.3953013768192313e-06
341 1.1976506884096156e-06
342 1.1976506884096156e-06
343 1.1976506884096156e-06
344 1.1976506884096156e-06
345 2.3953013768192313e-06
346 0.0
347 1.1976506884096156e-06
348 2.3953013768192313e-06
349 1.1976506884096156e-06
350 1.1976506884096156e-06
351 1.1976506884096156e-06
352 0.0
353 0.0
354 3.593121344478092e-06
355 1.1976506884096156e-06
356 1.1976506884096156e-06
357 0.0
358 0.0
