0 5.266926782694279e-05
2 0.00016100903879279693
4 0.00029434740933125165
6 0.00039901557651958
8 0.0005603610824532176
10 0.0006493616162319854
12 0.0007640369211109356
14 0.0008737074566380374
16 0.0010257116289657572
18 0.0011783793958337935
20 0.0012740582335914739
22 0.001489730505340597
24 0.0016030685380733615
26 0.001762410479066517
28 0.0019360866526401661
30 0.0021484216861476476
32 0.002272089887986142
34 0.002545765161610065
36 0.0027107638320510974
38 0.0028984509402582384
40 0.003066450474771158
42 0.003276128982885033
44 0.0035467975214820233
46 0.0036958052919379637
48 0.004044495404609527
50 0.004274502773030278
52 0.004466165809008904
54 0.004693184454740285
56 0.005021522492579001
58 0.005222539667467094
60 0.00547821594004354
62 0.005814231689496141
64 0.006289243186881393
66 0.006505927672099333
68 0.006947942177894572
70 0.007233627354210362
72 0.007550008278853739
74 0.008015008750754211
76 0.008355030291136899
78 0.008924738205938042
80 0.009182097017543694
82 0.009628794268606184
84 0.010038821055118587
86 0.010414506096388929
88 0.01029984996424612
90 0.011442259943284102
92 0.011422929912144547
94 0.011719969535092892
96 0.011881979072178772
98 0.012120325068950933
100 0.012213352316595724
102 0.01237237486240303
104 0.012347720129144518
106 0.012375052425990083
108 0.012306728164443571
110 0.01220305415581573
112 0.011958379427500668
114 0.011768727618237019
116 0.01156371770087683
118 0.011219377101557137
120 0.010868364193401092
122 0.010420684350915966
124 0.00988532330981826
126 0.009350300791477627
128 0.008867612814824387
130 0.008372243461189165
132 0.007668212387683321
134 0.0072895385192144205
136 0.006796514065295208
138 0.0062594731456944415
140 0.0056814303262251
142 0.005160401580734308
144 0.00476537790005265
146 0.004237017217062788
148 0.00388898846661572
150 0.003512962429738548
152 0.0031692743811972206
154 0.002774908295056067
156 0.0024332214500338172
158 0.002145200804182955
160 0.0018835139290896664
162 0.0016461573464275755
164 0.0013638033729627516
166 0.0011034489595596168
168 0.0009330976491681276
170 0.0007714185405781444
172 0.0006147340343243465
174 0.0003987208300111986
176 0.0002370278810573406
