0 0.00111731843575419
10 0.00111731843575419
20 0.000558659217877095
30 0.0033519553072625698
40 0.002793296089385475
50 0.00223463687150838
60 0.0033519553072625698
70 0.00223463687150838
80 0.002793296089385475
90 0.0016759776536312849
100 0.00446927374301676
110 0.00558659217877095
120 0.003910614525139664
130 0.00223463687150838
140 0.00446927374301676
150 0.005027932960893855
160 0.005027932960893855
170 0.005027932960893855
180 0.0033519553072625698
190 0.0033519553072625698
200 0.0016759776536312849
210 0.0016759776536312849
220 0.000558659217877095
230 0.00223463687150838
240 0.0016759776536312849
250 0.000558659217877095
260 0.002793296089385475
270 0.0016759776536312849
280 0.005027932960893855
290 0.003910614525139664
300 0.003910614525139664
310 0.0033519553072625698
320 0.005027932960893855
330 0.000558659217877095
340 0.0016759776536312849
