0 0.0005319148936170213
10 0.0005319148936170213
20 0.0
30 0.0
40 0.0
50 0.0005319148936170213
60 0.0
70 0.0010638297872340426
80 0.002127659574468085
90 0.0
100 0.0015957446808510637
110 0.0031914893617021275
120 0.0031914893617021275
130 0.0026595744680851063
140 0.006914893617021277
150 0.009574468085106383
160 0.010638297872340425
170 0.007978723404255319
180 0.009574468085106383
190 0.010106382978723403
200 0.005851063829787235
210 0.005851063829787235
220 0.005319148936170213
230 0.005319148936170213
240 0.0010638297872340426
250 0.002127659574468085
260 0.002127659574468085
270 0.0
280 0.0005319148936170213
290 0.0010638297872340426
300 0.0005319148936170213
310 0.0
320 0.0
330 0.0
340 0.0
