0 0.0
10 0.0005291005291005291
20 0.0015873015873015873
30 0.0015873015873015873
40 0.006349206349206349
50 0.0015873015873015873
60 0.0068783068783068784
70 0.0068783068783068784
80 0.0068783068783068784
90 0.0010582010582010583
100 0.005820105820105821
110 0.005820105820105821
120 0.0037037037037037034
130 0.0015873015873015873
140 0.0015873015873015873
150 0.0015873015873015873
160 0.004232804232804233
170 0.0026455026455026454
180 0.0015873015873015873
190 0.0015873015873015873
200 0.0031746031746031746
210 0.0031746031746031746
220 0.0010582010582010583
230 0.0037037037037037034
240 0.0015873015873015873
250 0.0021164021164021165
260 0.0010582010582010583
270 0.0026455026455026454
280 0.0015873015873015873
290 0.006349206349206349
300 0.004761904761904762
310 0.0015873015873015873
320 0.0015873015873015873
330 0.0010582010582010583
340 0.0010582010582010583
