0 0.0
1 0.0
2 0.0
3 3.904297851074463e-06
4 0.0
5 0.0
6 0.0
7 3.904297851074463e-06
8 3.904297851074463e-06
9 3.904297851074463e-06
10 0.0
11 0.0
12 0.0
13 1.1712893553223388e-05
14 3.904297851074463e-06
15 0.0
16 7.808595702148925e-06
17 3.904297851074463e-06
18 0.0
19 1.561719140429785e-05
20 7.808595702148925e-06
21 3.1234382808595694e-05
22 1.561719140429785e-05
23 1.952148925537231e-05
24 1.561719140429785e-05
25 3.1234382808595694e-05
26 3.9042978510744616e-05
27 6.246876561719139e-05
28 3.9042978510744616e-05
29 5.856446776611692e-05
30 8.19902548725637e-05
31 8.589455272363815e-05
32 0.00012103323338330832
33 0.00011322463768115938
34 0.00018740824900049984
35 0.00017959965329835092
36 0.00019912309470264877
37 0.000292822338830585
38 0.0003123477323838084
39 0.00035138680659670205
40 0.00042947666791604233
41 0.0005661231884057977
42 0.0006520177411294351
43 0.000757441591704148
44 0.0007964787137681156
45 0.0009682756278110941
46 0.0010112268084707641
47 0.001222049131684158
48 0.0013899397957271363
49 0.0014836429441529243
50 0.0016320043103448271
51 0.001967777829835082
52 0.001889695777111445
53 0.002354313077836083
54 0.002502670539730133
55 0.0025924830553473235
56 0.0026198014274112927
57 0.0028696745377311335
58 0.0029399421383058456
59 0.00323669805722139
60 0.0032444949400299824
61 0.0033030613599450264
62 0.0033928719234132933
63 0.003556846576711647
64 0.003572463768115942
65 0.003763770458520739
66 0.003845768521989007
67 0.0037325458364567713
68 0.0037481513149675164
69 0.003603688390179912
70 0.0034943660982008997
71 0.0034162820933283365
72 0.0035178055503498245
73 0.0035451336831584207
74 0.0031117488130934516
75 0.0030102409732633683
76 0.0031156453023488246
77 0.003119547648050974
78 0.0026627447994752606
79 0.0025534283639430263
80 0.002459746689155421
81 0.0022488950837081445
82 0.0018662758464517747
83 0.0017491351980259875
84 0.0018662758464517751
85 0.0016827640867066469
86 0.0016163851667916037
87 0.001425082380684658
88 0.001233765929535232
89 0.0010932073025987003
90 0.0011361604354072961
91 0.0010151272020239876
92 0.0009292267928535736
93 0.0008277150487256366
94 0.0008355216922788605
95 0.000691062671789105
96 0.0004958516835332339
97 0.00058955092766117
98 0.000491945433533234
99 0.0003904356415542233
100 0.0004138555722138935
101 0.00036700399800099984
102 0.00036310360444777654
103 0.0003396797694902552
104 0.0002889180409795105
105 0.00020692973825587222
106 0.00022644927536231895
107 0.00023816412106446793
108 0.00016008011619190405
109 0.0001717930097451275
110 0.0001756953554472764
111 0.00013665237693653173
112 0.00017960160544727645
113 0.00014445902048975512
114 0.00014445902048975512
115 0.00012884182908545725
116 0.00012493753123438278
117 9.760744627686154e-05
118 0.00012884378123438278
119 0.00014446097263868068
120 0.000101511744127936
121 0.00012493753123438278
122 8.980080272363816e-05
123 0.000101511744127936
124 0.000101511744127936
125 0.00015617191404297855
126 0.0001795996532983509
127 0.00015227152048975516
128 0.00016788675974512753
129 0.00016398050974512752
130 0.0001913125468515743
131 0.00021864067966017003
132 0.00021473638180909556
133 0.00024987701461769135
134 0.00023816412106446799
135 0.0002850156952773615
136 0.00024597076461769135
137 0.00040214658295852117
138 0.0004450899550224894
139 0.0004490020614692658
140 0.0005153731727886059
141 0.0005309884120439783
142 0.0006988712674912544
143 0.000835519740129935
144 0.0008199142616191904
145 0.0009214181971514243
146 0.0011205393397051475
147 0.0012689007058970506
148 0.0014953499812593704
149 0.001663240645302349
150 0.001893602027111445
151 0.002194227105197402
152 0.0024206802848575704
153 0.00289701243128436
154 0.0032483914292853575
155 0.003795012649925039
156 0.004279151439905047
157 0.004704721857821087
158 0.00549730993878061
159 0.005950212393803096
160 0.006528028954272865
161 0.0074377654922538824
162 0.008823787325087458
163 0.009503123438280858
164 0.010514344390304851
165 0.010799391319965013
166 0.012384532343203417
167 0.013419184938780629
168 0.014645122751124463
169 0.016124877014617706
170 0.01679253927723639
171 0.0178700844890055
172 0.018908660903923038
173 0.01944355751811594
174 0.0202205303598201
175 0.021173171226886552
176 0.021977487818590713
177 0.02238351136931534
178 0.021891587409420286
179 0.0224693922569965
180 0.02294573611631684
181 0.02282859937218891
182 0.022125821854697657
183 0.021524573650674665
184 0.02101309696714142
185 0.020290782343203403
186 0.019904291994627683
187 0.018490899081709155
188 0.017854479010494764
189 0.016710545118065984
190 0.01571099801661672
191 0.014902816170040004
192 0.013426972060844594
193 0.012810114474013014
194 0.011303034029860071
195 0.010217623610069964
196 0.009717873485132427
197 0.008523129060469765
198 0.00794922070214893
199 0.00674668329897552
200 0.006180552301974013
201 0.005489481821589203
202 0.0048804211175662165
203 0.004283061594202895
204 0.003982409186031987
205 0.0032523093921789105
206 0.002963375734007996
207 0.0026041900924537735
208 0.002217668509495253
209 0.002010729010494753
210 0.0017100922195152435
211 0.001526588268365817
212 0.0013001428973013482
213 0.0011049260525987004
214 0.0010151311063218388
215 0.0007808654266616687
216 0.0008784748250874558
217 0.0006090763212143927
218 0.0005973614755122443
219 0.00046071300287356366
220 0.0004294727636181914
221 0.0004138614286606702
222 0.0003865274394052977
223 0.00028111334957521273
224 0.0003084395302348828
225 0.00024987506246876577
226 0.00024206841891554246
227 0.0002264531796601701
228 0.00023426177536231899
229 0.00019521684470264874
230 0.0001561738661919041
231 0.00014055472263868065
232 0.0001210332333833083
233 0.00014836331834082962
234 0.0001561758183408296
235 0.00014055472263868065
236 0.00014055862693653173
237 0.00012493753123438278
238 0.00014055472263868065
239 0.00014055472263868065
240 0.00010541604197901046
241 0.00011322463768115938
242 0.00015226761619190407
243 0.0001288457333833083
244 0.00010541604197901046
245 0.00013274807908545726
246 0.00014055472263868068
247 0.00014055862693653176
248 0.00016788871189405305
249 0.0001913105947026488
250 0.00021083403610694664
251 0.00016007621189405302
252 0.000226449275362319
253 0.00019911919040479768
254 0.0002733047538730638
255 0.00027720514742628704
256 0.00033187117378810627
257 0.0003201563280859575
258 0.00038262899800099997
259 0.00034748446089455295
260 0.00044119151361819145
261 0.00046071105072463813
262 0.0005817403798100952
263 0.0006051681190654675
264 0.0006207853104697653
265 0.0006598302411294358
266 0.0007808673788105945
267 0.0008980002186406795
268 0.0009058010057471262
269 0.0011439729354072962
270 0.0012728069558970519
271 0.001409467141429285
272 0.0014055628435782118
273 0.0015617328054722641
274 0.0017725824587706152
275 0.0019599653298350826
276 0.002194232961644177
277 0.0022020396051974016
278 0.002408969343453274
279 0.002479234991879062
280 0.002596379544602699
281 0.0029594733883058473
282 0.0028111159264117944
283 0.0031156511587956026
284 0.0032484050943278366
285 0.0032952430034982497
286 0.0034162977105197403
287 0.0036232157358820575
288 0.0037442372563718154
289 0.003826256793478262
290 0.003834051724137931
291 0.0038730849419040475
292 0.004033172866691655
293 0.0038184286762868577
294 0.0038769950962019004
295 0.003834041963393304
296 0.003826229463393303
297 0.003447526236881558
298 0.003408471545477261
299 0.003576368065967016
300 0.00320154180722139
301 0.0031195652173913006
302 0.002916531968390804
303 0.002775973341454272
304 0.0025495182096451773
305 0.0023035493971764126
306 0.0021903345202398793
307 0.001944355947026487
308 0.0020068227604947532
309 0.0016593519646426781
310 0.0013821351043228386
311 0.0014289866785357317
312 0.0012142424881309343
313 0.00117910575962019
314 0.0008940939686406797
315 0.0008003908202148924
316 0.0006364064061719142
317 0.0006754474325337328
318 0.0005426993534482761
319 0.00043728721576711697
320 0.000363101652298851
321 0.00032796882808595727
322 0.000296728588830585
323 0.0001913144990004999
324 0.00020302348825587219
325 0.00013274612693653173
326 0.00010151369627686154
327 0.000101511744127936
328 0.00011713088768115937
329 5.856446776611692e-05
330 0.00010541604197901046
331 3.5138680659670155e-05
332 5.0755872063968e-05
333 3.123633495752123e-05
334 7.808595702148925e-06
335 1.561719140429785e-05
336 1.561719140429785e-05
337 1.561719140429785e-05
338 1.1712893553223388e-05
339 3.904297851074463e-06
340 0.0
341 7.808595702148925e-06
342 0.0
343 0.0
344 3.904297851074463e-06
345 0.0
346 7.808595702148925e-06
347 0.0
348 0.0
349 7.808595702148925e-06
350 3.904297851074463e-06
351 0.0
352 0.0
353 0.0
354 0.0
355 0.0
356 0.0
357 0.0
358 3.904297851074463e-06
