0 3.904297851074463e-06
1 0.0
2 0.0
3 3.904297851074463e-06
4 0.0
5 0.0
6 0.0
7 0.0
8 0.0
9 3.904297851074463e-06
10 3.904297851074463e-06
11 3.904297851074463e-06
12 0.0
13 3.904297851074463e-06
14 1.561719140429785e-05
15 0.0
16 0.0
17 3.904297851074463e-06
18 0.0
19 1.1712893553223388e-05
20 2.7330084957521233e-05
21 7.808595702148925e-06
22 1.1712893553223388e-05
23 1.561719140429785e-05
24 1.952148925537231e-05
25 2.7330084957521233e-05
26 4.685157421289354e-05
27 3.5138680659670155e-05
28 3.9042978510744616e-05
29 3.904297851074462e-05
30 7.808790917041478e-05
31 8.589455272363815e-05
32 0.00010932033983008492
33 0.00016007816404297858
34 0.00016788480759620194
35 0.00014446097263868068
36 0.00014445902048975512
37 0.00028501569527736157
38 0.00019521489255372326
39 0.00029282233883058494
40 0.0003826211894052977
41 0.00047242589642678713
42 0.0005505059970014994
43 0.0006559220389805094
44 0.0007261994002998501
45 0.0008550412293853073
46 0.0009799846170664664
47 0.00124157062093953
48 0.001292326493003498
49 0.001350890960769615
50 0.0014485042634932528
51 0.0016476195496002008
52 0.0018974946120689654
53 0.002088811063218391
54 0.0021200395895802082
55 0.002381643162793602
56 0.0023972544977511243
57 0.002592461581709144
58 0.0027330241129435284
59 0.0029555651861569213
60 0.003193727355072464
61 0.0032757195620939537
62 0.0031468738287106445
63 0.0034358016304347825
64 0.0035802606509245396
65 0.0034943641460519746
66 0.0032054578179660175
67 0.0034553172632433788
68 0.003424082880434783
69 0.0036231962143928034
70 0.0034240848325837077
71 0.003427987178285857
72 0.0033147703492003985
73 0.0031078406109445286
74 0.003127354291604198
75 0.003068795680284857
76 0.0028501510963268354
77 0.00277206318715642
78 0.0026236998688155913
79 0.0024714322526236884
80 0.0022996411950274845
81 0.0021395630309845068
82 0.002034148941154423
83 0.0019872993190904555
84 0.0016085785232383821
85 0.0016788578367066462
86 0.0014211683220889553
87 0.0013235589236631682
88 0.0012064319402798605
89 0.0010697776111944027
90 0.0010814944090454769
91 0.0009018928035982007
92 0.0007691486288105941
93 0.0008901799100449777
94 0.000702775565342329
95 0.0006949689217891054
96 0.0006168790604697651
97 0.0004997501249375319
98 0.0005348907577461273
99 0.00044899425287356375
100 0.0004568028485757127
101 0.00028891999312843605
102 0.0003318653173413297
103 0.0002654922538730637
104 0.0002811094452773617
105 0.0002889219452773616
106 0.00022254497751124459
107 0.00023816607321339343
108 0.0002030234882558722
109 0.00016398246189405302
110 0.0001366504247876062
111 0.0001210332333833083
112 0.00010541604197901046
113 0.00011322463768115938
114 0.00016788480759620194
115 0.00014836527048975515
116 9.760744627686154e-05
117 0.00012884378123438278
118 0.0001522676161919041
119 0.000101511744127936
120 8.589455272363815e-05
121 0.00013274612693653173
122 0.00012493753123438278
123 0.00014445902048975515
124 0.0001522695683408296
125 0.0001210332333833083
126 0.00012493753123438278
127 0.00014055472263868065
128 0.00019131449900049985
129 0.00017960160544727648
130 0.0002108320839580212
131 0.00015617191404297857
132 0.0002537813124687659
133 0.0002850156952773615
134 0.00032796297163918074
135 0.00028891804097951057
136 0.0003396778173413297
137 0.00037481649800099985
138 0.00040214267866067006
139 0.0004333770614692659
140 0.0005153692684907551
141 0.0005622208427036481
142 0.0006403087518740632
143 0.0006676388368315841
144 0.0009253244471514245
145 0.0009487463299600197
146 0.0011244377811094445
147 0.0012962288387056474
148 0.001573443746876562
149 0.0017335101980259881
150 0.0020458579304097942
151 0.002307443934282858
152 0.002580748688155922
153 0.0030844109195402284
154 0.003330383636306848
155 0.003865278298350823
156 0.004169807674287857
157 0.004950673100949521
158 0.005356729838205895
159 0.006422601199400303
160 0.007148790838955529
161 0.008109242253873068
162 0.008487976714767616
163 0.009651451617941027
164 0.010486977214517747
165 0.011958905312968525
166 0.012985749312843603
167 0.013715853010994521
168 0.01496522832333836
169 0.016339554831959032
170 0.01727657655547227
171 0.018186297476261878
172 0.019662122063968016
173 0.020239938624437775
174 0.02101299935969515
175 0.022074974231634178
176 0.0224107457989755
177 0.022344380544102954
178 0.023140845592828585
179 0.02322285732133933
180 0.023640597669915043
181 0.023129148316466768
182 0.023316546804722636
183 0.022781659951274374
184 0.021098907577461263
185 0.0210598626468016
186 0.019841696339330347
187 0.019240440326711638
188 0.018279996720389807
189 0.01680415456334334
190 0.016405920086831605
191 0.0149886619190405
192 0.013758784670164942
193 0.013001358695652188
194 0.011826157233883059
195 0.010260539652048978
196 0.009983350121814087
197 0.008808111569215394
198 0.007972609398425791
199 0.007035581818465775
200 0.0064342965236132005
201 0.005516798241504249
202 0.0049623703773113426
203 0.004329881934032981
204 0.00399800099950025
205 0.0033342820777111457
206 0.0028345260963268345
207 0.002639309251624185
208 0.0021903228073463267
209 0.0020224321433033486
210 0.0017764613786856566
211 0.00151878357696152
212 0.0012845218015992
213 0.0012259514773863061
214 0.0009487482821089454
215 0.0009253224950024983
216 0.0007808634745127436
217 0.0006832560282358822
218 0.0005934552255122441
219 0.0005466056034482761
220 0.0005114649706396807
221 0.00038652548725637227
222 0.0003318653173413297
223 0.00030453523238380847
224 0.00024597076461769135
225 0.0002576836581709147
226 0.0001991211425537232
227 0.00019521879685157432
228 0.00018740629685157432
229 0.00025377936031984025
230 0.00015617191404297852
231 0.00014836527048975513
232 0.0001561777704897552
233 0.0001366504247876062
234 0.00011713088768115938
235 0.0001249394833833083
236 0.00014836331834082962
237 0.000101511744127936
238 0.00010541604197901046
239 0.0001210332333833083
240 0.0001210332333833083
241 7.418165917041477e-05
242 0.00014836331834082962
243 0.00011713283983008491
244 0.00014445902048975515
245 0.00012493753123438278
246 0.00012884378123438278
247 0.00012884182908545725
248 0.00013274612693653173
249 0.00021864067966017006
250 0.00016007621189405302
251 0.0002225449775112445
252 0.00020693169040479772
253 0.00023035357321339343
254 0.00020692778610694671
255 0.000292822338830585
256 0.00023035357321339348
257 0.00023425982321339346
258 0.0003513887587456276
259 0.00035529110444777653
260 0.00047242003998001055
261 0.00044899425287356386
262 0.0004763243378310849
263 0.0005153692684907551
264 0.0006832521239380312
265 0.0006910626717891052
266 0.0008199045008745622
267 0.0008355236444277856
268 0.0009292267928535733
269 0.0009682717235132435
270 0.0011088323025987001
271 0.001249390929535232
272 0.0012649983601949024
273 0.0013391819715142424
274 0.0016163851667916052
275 0.0016632445496002001
276 0.002104432158920538
277 0.0018701625749625189
278 0.00219422320089955
279 0.002569047507496251
280 0.002537801411794101
281 0.0024948697526236863
282 0.0026627447994752623
283 0.002893102276986505
284 0.0029360456490504752
285 0.0030844148238380813
286 0.0032757137056471774
287 0.0032327781421789084
288 0.0033420945777111444
289 0.0032991570620939533
290 0.0033499090298600683
291 0.0034904578960519737
292 0.0036075790229885035
293 0.003443604369690157
294 0.003549026268115945
295 0.003303055503498251
296 0.0033225750406046975
297 0.0034631278110944523
298 0.0031976414136681663
299 0.002990699962518741
300 0.0029946159732633674
301 0.002557324853198401
302 0.0026119791666666657
303 0.002440203726261868
304 0.002369920508495751
305 0.0019677661169415295
306 0.0019014067185157432
307 0.0017335141023238387
308 0.0016437230603448274
309 0.0015773421882808597
310 0.001346994471514243
311 0.0013001428973013495
312 0.0010424553348325834
313 0.0010034104041729136
314 0.0007691544852573712
315 0.0008277170008745627
316 0.0006676368846826589
317 0.0005973653798100951
318 0.0004528985507246383
319 0.0003787168915542233
320 0.0003045371845327339
321 0.00026158990817091483
322 0.00024206646676661685
323 0.00023035942966017
324 0.0001874062968515743
325 0.0001210332333833083
326 0.00016788480759620194
327 7.027736131934031e-05
328 8.19902548725637e-05
329 5.856446776611692e-05
330 3.9042978510744616e-05
331 5.856446776611692e-05
332 3.5138680659670155e-05
333 2.7330084957521233e-05
334 3.1234382808595694e-05
335 2.7330084957521233e-05
336 0.0
337 1.952148925537231e-05
338 0.0
339 3.904297851074463e-06
340 7.808595702148925e-06
341 1.1712893553223388e-05
342 3.904297851074463e-06
343 0.0
344 3.904297851074463e-06
345 3.904297851074463e-06
346 3.904297851074463e-06
347 3.904297851074463e-06
348 3.904297851074463e-06
349 0.0
350 0.0
351 0.0
352 0.0
353 0.0
354 3.904297851074463e-06
355 0.0
356 3.904297851074463e-06
357 0.0
358 3.904297851074463e-06
