0 0.0
1 0.0
2 0.0
3 1.1712893553223388e-05
4 7.808595702148925e-06
5 0.0
6 0.0
7 0.0
8 3.904297851074463e-06
9 0.0
10 0.0
11 3.904297851074463e-06
12 0.0
13 3.904297851074463e-06
14 1.1712893553223388e-05
15 0.0
16 0.0
17 3.904297851074463e-06
18 7.808595702148925e-06
19 7.808595702148925e-06
20 2.3425787106446772e-05
21 3.904297851074463e-06
22 2.3425787106446772e-05
23 1.952148925537231e-05
24 2.7330084957521233e-05
25 3.1234382808595694e-05
26 3.5138680659670155e-05
27 3.9042978510744616e-05
28 5.466016991504246e-05
29 5.0755872063968006e-05
30 6.246876561719139e-05
31 8.979885057471262e-05
32 4.685157421289354e-05
33 6.637306346826585e-05
34 0.0001639805097451275
35 0.00018740629685157432
36 0.00021083208395802116
37 0.0002733008495752126
38 0.00026939655172413814
39 0.0003748125937031488
40 0.0003123438280859574
41 0.0005426974012993506
42 0.0005075587206396807
43 0.0006246876561719142
44 0.0007652423788105947
45 0.000862849825087456
46 0.0009682658670664666
47 0.0011283420789605194
48 0.0011673850574712645
49 0.0014953460769615192
50 0.0016437093953023492
51 0.0016866566716641682
52 0.0018584457771114444
53 0.0019170102448775623
54 0.0019833833083458268
55 0.0023660044977511243
56 0.002393334582708645
57 0.0025299850074962512
58 0.0029087018990504735
59 0.002924319090454771
60 0.003029735132433783
61 0.0031898113443278343
62 0.003365504747626187
63 0.0032054285357321355
64 0.0033694090454772603
65 0.0033225574712643677
66 0.0034709207896051974
67 0.003404547726136933
68 0.0035802411294352816
69 0.003424069215392304
70 0.0035724325337331353
71 0.003416260619690156
72 0.003400643428285857
73 0.0031741941529235362
74 0.0031507683658170906
75 0.0030024050474762604
76 0.002900893303348324
77 0.002814998750624687
78 0.002592453773113442
79 0.0024011431784107945
80 0.002233258370814592
81 0.002088799350324836
82 0.0018233070964517744
83 0.0019131059470264878
84 0.0017413168415792114
85 0.0017491254372813602
86 0.0013547913543228384
87 0.0013313655672163916
88 0.001214236631684158
89 0.0011088205897051473
90 0.0010658733133433282
91 0.0009682658670664671
92 0.0008589455272363817
93 0.0006520177411294352
94 0.00065592203898051
95 0.0006168790604697651
96 0.0005505059970014998
97 0.0005036544227886062
98 0.00041385557221389343
99 0.00039433408295852106
100 0.00032796101949025537
101 0.00034357821089455305
102 0.00033186531734132974
103 0.0002576836581709148
104 0.0002615879560219892
105 0.00028891804097951046
106 0.00024987506246876577
107 0.00021473638180909566
108 0.00016007621189405305
109 0.00024206646676661688
110 0.0001913105947026488
111 0.00018350199900049984
112 0.00012884182908545725
113 0.00012884182908545725
114 0.0001210332333833083
115 0.000101511744127936
116 0.00011322463768115938
117 0.00011712893553223384
118 0.0001210332333833083
119 0.00012493753123438278
120 0.00010541604197901046
121 0.00012884182908545725
122 0.00013274612693653173
123 0.00011322463768115938
124 0.00011322463768115938
125 0.00014055472263868065
126 8.589455272363815e-05
127 0.00016398050974512747
128 0.0001210332333833083
129 0.00016007621189405302
130 0.0001991191904047977
131 0.00022644927536231898
132 0.00016788480759620197
133 0.00020302348825587216
134 0.0002772051474262871
135 0.0002498750624687658
136 0.0003630997001499254
137 0.000343578210894553
138 0.0003279610194902551
139 0.0003670039980009999
140 0.0005466016991504251
141 0.0005895489755122442
142 0.0006364005497251379
143 0.0007144865067466264
144 0.0007496251874062967
145 0.0010892991004497756
146 0.001132246376811594
147 0.0013391741629185407
148 0.0014211644177911048
149 0.00177645552223888
150 0.0019287231384307862
151 0.002256684157921039
152 0.002373813093453272
153 0.0029282233883058456
154 0.003381121939030485
155 0.0038066904047976023
156 0.004107321339330336
157 0.004712487506246874
158 0.005583145927036481
159 0.006289823838080961
160 0.007246376811594212
161 0.007527486256871572
162 0.008167791104447783
163 0.00967875437281359
164 0.010471326836581713
165 0.011466922788605706
166 0.013188718140929557
167 0.013938343328335856
168 0.015164292853573234
169 0.016105228635682176
170 0.01710472888555723
171 0.018205740879560225
172 0.01930675287356322
173 0.020177411294352823
174 0.020302348825587208
175 0.0221217516241879
176 0.02203585707146426
177 0.02297288855572213
178 0.0234531171914043
179 0.023008027236381803
180 0.023238380809595213
181 0.023191529235382306
182 0.02273863068465766
183 0.022695683408295853
184 0.021461925287356316
185 0.02156343703148425
186 0.020282827336331816
187 0.019357508745627187
188 0.01851027611194404
189 0.017214049225387315
190 0.016398050974512763
191 0.015207240129935058
192 0.014028142178910567
193 0.01309501499250376
194 0.011712893553223396
195 0.010721201899050476
196 0.009659232883558215
197 0.008839330334832585
198 0.007871064467766123
199 0.007293228385807102
200 0.006082896051974018
201 0.005462112693653171
202 0.005161481759120437
203 0.004443090954522741
204 0.0039784795102448785
205 0.00344749500249875
206 0.0030375437281359293
207 0.0027798600699650167
208 0.0023347701149425276
209 0.0019950962018990513
210 0.0017296039480259877
211 0.0014289730134932539
212 0.001362599950024987
213 0.001136150674662668
214 0.0009253185907046473
215 0.0008238068465767114
216 0.0006871564217891055
217 0.0007301036981509246
218 0.0005231759120439786
219 0.00047242003998001044
220 0.0004528985507246381
221 0.00039823838080959564
222 0.00032015242378810615
223 0.00034748250874562763
224 0.0003630997001499254
225 0.00028891804097951046
226 0.0001952148925537232
227 0.00023035357321339353
228 0.0002069277861069467
229 0.0002108320839580211
230 0.00013274612693653173
231 0.0001913105947026488
232 0.000160076211894053
233 0.0001874062968515743
234 0.00011322463768115938
235 0.00010932033983008492
236 0.00011712893553223384
237 0.00013274612693653173
238 9.760744627686154e-05
239 8.19902548725637e-05
240 0.00011712893553223384
241 0.00011322463768115938
242 0.0001210332333833083
243 0.00016398050974512747
244 0.00011322463768115938
245 0.0001366504247876062
246 0.0001366504247876062
247 0.00013274612693653173
248 0.00016398050974512747
249 0.00019131059470264874
250 0.00017569340329835095
251 0.00019911919040479774
252 0.00017569340329835086
253 0.00024597076461769124
254 0.0002342578710644679
255 0.00026549225387306367
256 0.0002654922538730636
257 0.00028891804097951057
258 0.00032405672163918073
259 0.00031234382808595736
260 0.0004138555722138935
261 0.00046851574212893607
262 0.0004841329335332341
263 0.0006364005497251373
264 0.0006442091454272864
265 0.0006988693153423288
266 0.0007418165917041482
267 0.0008862756121939034
268 0.0008589455272363818
269 0.0010190217391304348
270 0.001155672163918041
271 0.0012025237381309347
272 0.001358695652173913
273 0.0014328773113443276
274 0.0016280922038980504
275 0.0018818715642178927
276 0.0020029047976011997
277 0.002065373563218391
278 0.0021590767116441783
279 0.0022332583708145923
280 0.002483133433283358
281 0.002611975262368814
282 0.0028228073463268362
283 0.002889180409795103
284 0.003072682408795603
285 0.003166385557221388
286 0.0032718015992004006
287 0.0032483758120939537
288 0.003412356321839081
289 0.0035685282358820596
290 0.003525580959520241
291 0.0036036669165417294
292 0.00366613568215892
293 0.003455303598200902
294 0.0036622313843078474
295 0.0033928348325837077
296 0.003404547726136932
297 0.0034396864067965994
298 0.003068778110944529
299 0.0031390554722638677
300 0.0029360319840079957
301 0.002920414792603698
302 0.00264320964517741
303 0.0025260807096451764
304 0.002518272113943028
305 0.0021395552223888053
306 0.002018521989005498
307 0.00175693403298351
308 0.0016671351824087961
309 0.0015929535232383808
310 0.001147863568215892
311 0.001175193653173413
312 0.001116629185407296
313 0.0009175099950024985
314 0.000835519740129935
315 0.0006715392303848078
316 0.0006403048475762119
317 0.0005114630184907552
318 0.00041385557221389354
319 0.000409951274362819
320 0.0003006309345327339
321 0.00027720514742628715
322 0.00022254497751124448
323 0.00022254497751124456
324 0.0001483633183408296
325 0.00011712893553223384
326 0.0001210332333833083
327 8.589455272363815e-05
328 9.760744627686154e-05
329 7.027736131934031e-05
330 5.0755872063968006e-05
331 4.2947276361819084e-05
332 3.5138680659670155e-05
333 1.952148925537231e-05
334 4.6851574212893545e-05
335 1.561719140429785e-05
336 1.561719140429785e-05
337 1.952148925537231e-05
338 1.1712893553223388e-05
339 2.3425787106446772e-05
340 7.808595702148925e-06
341 7.808595702148925e-06
342 0.0
343 1.1712893553223388e-05
344 3.904297851074463e-06
345 3.904297851074463e-06
346 0.0
347 0.0
348 3.904297851074463e-06
349 3.904297851074463e-06
350 0.0
351 0.0
352 0.0
353 0.0
354 3.904297851074463e-06
355 0.0
356 0.0
357 0.0
358 0.0
