0 0.0
1 3.904297851074463e-06
2 3.904297851074463e-06
3 0.0
4 0.0
5 3.904297851074463e-06
6 3.904297851074463e-06
7 3.904297851074463e-06
8 0.0
9 0.0
10 7.808595702148925e-06
11 3.904297851074463e-06
12 7.808595702148925e-06
13 3.904297851074463e-06
14 3.904297851074463e-06
15 3.904297851074463e-06
16 0.0
17 3.904297851074463e-06
18 3.904297851074463e-06
19 7.808595702148925e-06
20 1.1712893553223388e-05
21 1.1712893553223388e-05
22 2.3425787106446772e-05
23 1.561719140429785e-05
24 2.3425787106446772e-05
25 3.9042978510744616e-05
26 1.952148925537231e-05
27 2.7330084957521233e-05
28 4.685157421289354e-05
29 8.19902548725637e-05
30 8.19902548725637e-05
31 7.418165917041477e-05
32 0.00013274612693653173
33 9.760744627686154e-05
34 0.00014445902048975515
35 0.00018740629685157434
36 0.00026158795602198914
37 0.00029282233883058505
38 0.00030843953023488283
39 0.00038652548725637216
40 0.00039823838080959564
41 0.0005270802098950526
42 0.0005583145927036483
43 0.000683252123938031
44 0.0007301036981509245
45 0.0009057971014492748
46 0.0010268303348325832
47 0.0011751936531734129
48 0.0012884182908545726
49 0.0015617191404297855
50 0.0016632308845577215
51 0.0018154985007496256
52 0.002038043478260869
53 0.002209832583708145
54 0.002244971264367815
55 0.002479229135432283
56 0.0027212956021989004
57 0.0027954772613693122
58 0.0030375437281359324
59 0.0029867878560719623
60 0.0031624812593703156
61 0.0034162606196901546
62 0.003338174662668666
63 0.003318653173413293
64 0.0037520302348825595
65 0.0033655047476261867
66 0.003552911044477762
67 0.0035255809595202406
68 0.003588049725137431
69 0.0037988818090954547
70 0.0037559345327336353
71 0.0034045477261369314
72 0.0034513993003498253
73 0.003197619940029983
74 0.003119533983008495
75 0.003057065217391304
76 0.0029789792603698156
77 0.00305316091954023
78 0.002760338580709644
79 0.0023972388805597188
80 0.0021122251374312835
81 0.0023816216891554224
82 0.001967766116941529
83 0.0018896801599200409
84 0.0017569340329835086
85 0.0016398050974512745
86 0.0014445902048975511
87 0.0012884182908545724
88 0.0013704085457271367
89 0.0011127248875562217
90 0.0011088205897051473
91 0.000835519740129935
92 0.000827711144427786
93 0.0007535294852573711
94 0.0007886681659170412
95 0.0005426974012993505
96 0.000632496251874063
97 0.0004958458270864573
98 0.0005036544227886061
99 0.00043337706146926586
100 0.0004489942528735637
101 0.0003435782108945531
102 0.0003240567216391808
103 0.0002850137431284361
104 0.0002498750624687659
105 0.00023816216891554232
106 0.00023035357321339345
107 0.00028501374312843604
108 0.0001991191904047977
109 0.00019911919040479774
110 0.00019521489255372324
111 0.00011712893553223386
112 0.00017959770114942534
113 0.0001795977011494254
114 0.00012493753123438278
115 0.00014055472263868068
116 0.00012884182908545725
117 0.00011322463768115938
118 0.00012884182908545725
119 0.00012884182908545725
120 0.00014055472263868068
121 0.00015617191404297855
122 0.00012884182908545722
123 0.00014055472263868068
124 0.00014445902048975512
125 0.00016788480759620197
126 0.0001522676161919041
127 0.00011712893553223384
128 0.00020302348825587219
129 0.00012493753123438278
130 0.0001952148925537232
131 0.00017959770114942534
132 0.0002303535732133935
133 0.00022644927536231898
134 0.00027330084957521256
135 0.0002811094452773616
136 0.00035138680659670205
137 0.0003630997001499255
138 0.0004841329335332341
139 0.00039823838080959564
140 0.0005309845077461276
141 0.0006090704647676165
142 0.0007301036981509243
143 0.0008238068465767116
144 0.0009682658670664663
145 0.0009877873563218392
146 0.001288418290854573
147 0.0013118440779610197
148 0.0015031546726636687
149 0.0017959770114942537
150 0.002205928285857071
151 0.00251046351824088
152 0.002697869815092453
153 0.003080491004497751
154 0.003490442278860571
155 0.0038886806596701686
156 0.004236163168415791
157 0.0050131184407796086
158 0.005602667416291855
159 0.006164886306846577
160 0.0069262243878061005
161 0.00805066216891555
162 0.008702679910044976
163 0.009670945777111436
164 0.010814905047476259
165 0.011287325087456276
166 0.012864661419290374
167 0.013540104947526261
168 0.014883183408295872
169 0.015898300849575234
170 0.01657764867566219
171 0.017409264117941043
172 0.01858055347326338
173 0.019334082958520737
174 0.02092313218390804
175 0.021278423288355823
176 0.02200462268865566
177 0.022293540729635186
178 0.0227347263868066
179 0.022437999750124938
180 0.022863568215892065
181 0.02266835332333833
182 0.02255512868565716
183 0.02158295852073964
184 0.021001218140929548
185 0.020263305847076463
186 0.01984945027486257
187 0.01829553973013494
188 0.017561531734132937
189 0.016952461269365334
190 0.016191123188405817
191 0.015082302598700671
192 0.013875874562718665
193 0.012591360569715158
194 0.011420071214392813
195 0.010900799600199903
196 0.00973341454272863
197 0.008780765867066468
198 0.007925724637681169
199 0.007265898300849582
200 0.006274206646676665
201 0.005719796351824092
202 0.00491941529235382
203 0.004368909295352322
204 0.0037364130434782623
205 0.003443590704647676
206 0.0031273425787106458
207 0.0027876686656671647
208 0.0023464830084957526
209 0.002084895052473763
210 0.0018154985007496263
211 0.0015226761619190408
212 0.0013274612693653179
213 0.0011088205897051477
214 0.0010034045477261366
215 0.0008433283358320836
216 0.0007535294852573714
217 0.0007183908045977011
218 0.0006676349325337332
219 0.0005700274862568719
220 0.000425568465767117
221 0.0004177598700649679
222 0.0005348888055972018
223 0.0003396739130434786
224 0.0002889180409795105
225 0.0002069277861069467
226 0.0002498750624687658
227 0.0002498750624687658
228 0.00021083208395802114
229 0.00018740629685157432
230 0.00023035357321339348
231 0.00018350199900049981
232 0.00014445902048975512
233 0.00011712893553223384
234 0.0001639805097451275
235 0.00012493753123438278
236 0.00015226761619190407
237 0.00011322463768115938
238 0.0001210332333833083
239 7.808595702148923e-05
240 0.00011322463768115938
241 9.760744627686154e-05
242 0.00011712893553223384
243 0.00015617191404297857
244 0.00016007621189405297
245 0.00012884182908545725
246 0.00015617191404297855
247 0.00014055472263868068
248 0.00016007621189405302
249 0.00022644927536231906
250 0.00019521489255372318
251 0.00014445902048975512
252 0.00016007621189405302
253 0.00022254497751124448
254 0.00026158795602198925
255 0.0002654922538730637
256 0.00032405672163918073
257 0.0003904297851074467
258 0.00030063093453273394
259 0.0003748125937031489
260 0.00040995127436281917
261 0.00041775987006496796
262 0.0005153673163418298
263 0.0005895489755122442
264 0.0006168790604697655
265 0.0007144865067466269
266 0.0007457208895552224
267 0.0009136056971514242
268 0.000897988505747126
269 0.0011010119940029978
270 0.0012337581209395307
271 0.0012025237381309338
272 0.0012025237381309342
273 0.0014797288855572203
274 0.0015695277361319334
275 0.0015968578210894555
276 0.0018584457771114455
277 0.0019521489255372318
278 0.002264492753623188
279 0.002366004497751124
280 0.0024831334332833565
281 0.0027993815592203893
282 0.003100012493753123
283 0.0029711706646676655
284 0.002971170664667666
285 0.003322557471264368
286 0.003256184407796103
287 0.003474825087456271
288 0.0034787293853073466
289 0.0035099637681159446
290 0.003502155172413794
291 0.0036192841079460253
292 0.0038027861069465274
293 0.0036778485757121464
294 0.0036153798100949527
295 0.003537293853073465
296 0.003494346576711646
297 0.0034592078960519724
298 0.0033186531734132924
299 0.0033694090454772624
300 0.0031898113443278348
301 0.003166385557221389
302 0.0028032858570714633
303 0.002647113943028485
304 0.002494846326836581
305 0.002405047476261868
306 0.0021746939030484755
307 0.0018935844577711142
308 0.0018311156921539237
309 0.0016437093953023496
310 0.0014016429285357314
311 0.0011986194402798603
312 0.0011595764617691152
313 0.00097997876061969
314 0.0009682658670664666
315 0.0008277111444277862
316 0.00069106071964018
317 0.0005544102948525743
318 0.0004489942528735637
319 0.0004724200399800106
320 0.0003787168915542231
321 0.00027330084957521267
322 0.0003084395302348829
323 0.00021083208395802114
324 0.00019911919040479774
325 0.00012493753123438278
326 0.00014836331834082962
327 8.979885057471262e-05
328 8.589455272363815e-05
329 5.466016991504246e-05
330 2.3425787106446772e-05
331 2.7330084957521233e-05
332 1.1712893553223388e-05
333 3.1234382808595694e-05
334 1.561719140429785e-05
335 1.561719140429785e-05
336 1.952148925537231e-05
337 7.808595702148925e-06
338 7.808595702148925e-06
339 7.808595702148925e-06
340 7.808595702148925e-06
341 0.0
342 3.904297851074463e-06
343 3.904297851074463e-06
344 3.904297851074463e-06
345 0.0
346 3.904297851074463e-06
347 0.0
348 0.0
349 0.0
350 0.0
351 3.904297851074463e-06
352 0.0
353 7.808595702148925e-06
354 3.904297851074463e-06
355 0.0
356 3.904297851074463e-06
357 0.0
358 0.0
