0 1.1714845702148925e-05
1 1.952148925537231e-05
2 1.952148925537231e-05
3 7.808595702148925e-06
4 1.561719140429785e-05
5 1.561719140429785e-05
6 1.1712893553223388e-05
7 1.952148925537231e-05
8 3.514063280859569e-05
9 3.513868065967016e-05
10 1.952148925537231e-05
11 2.3427739255372308e-05
12 3.51406328085957e-05
13 8.19902548725637e-05
14 5.856446776611693e-05
15 7.808790917041476e-05
16 4.685157421289354e-05
17 0.00012103518553223385
18 8.979885057471262e-05
19 0.00011713088768115937
20 0.00020302544040479766
21 0.00021473833395802108
22 0.00028501959957521263
23 0.0003123457802348828
24 0.000409951274362819
25 0.0005817403798100951
26 0.00067545328898051
27 0.0007496329960019995
28 0.0009409396864067965
29 0.0010463596326836576
30 0.0014719339548975505
31 0.0017686547351324338
32 0.001975586425537231
33 0.002182518115942028
34 0.0027993913199650163
35 0.0033694500406046975
36 0.003962887696776613
37 0.004310362396926532
38 0.005067807892928534
39 0.005899431143803094
40 0.006992638446401796
41 0.007867228495127436
42 0.009100963190279854
43 0.010190275955772108
44 0.011494338768115939
45 0.012548487475012497
46 0.014012606977761133
47 0.015566533139680169
48 0.017081437796726637
49 0.018393268209645177
50 0.02007603424850075
51 0.022086776924037974
52 0.02269191576086957
53 0.02456600215517242
54 0.02576462940404798
55 0.027338045820839565
56 0.027853428754372807
57 0.029102815779610214
58 0.02903642709895052
59 0.029836792541229385
60 0.02939558931471765
61 0.029059835316716652
62 0.02872406765367317
63 0.0275566513618191
64 0.02702178598200899
65 0.025651344249750116
66 0.02435120525674664
67 0.02265675365442279
68 0.021672841313718133
69 0.019474743097201395
70 0.018217537715517235
71 0.016733886962768615
72 0.01485199587706148
73 0.013735356930909553
74 0.012200991301224389
75 0.011064821105072462
76 0.009780311016366823
77 0.008355218874937528
78 0.0074611366191904074
79 0.006500677395677161
80 0.005836946760994502
81 0.00500532741441779
82 0.004177612365692153
83 0.003677868097201398
84 0.0030141257496251847
85 0.002705682315092452
86 0.002194217344452773
87 0.0019170180534732635
88 0.0015851488318340834
89 0.0012923264930034973
90 0.0011556741160669655
91 0.0007964787137681155
92 0.0007144904110444779
93 0.0006129767147676165
94 0.00044899425287356365
95 0.00042947276361819133
96 0.00035919735444777637
97 0.0002694004560219892
98 0.0001991191904047976
99 0.0001483633183408296
100 0.00015617191404297852
101 0.00012884182908545725
102 0.00011713088768115938
103 6.637306346826585e-05
104 6.637306346826585e-05
105 5.0755872063968006e-05
106 7.418165917041477e-05
107 5.0755872063968006e-05
108 3.9042978510744616e-05
109 2.7330084957521233e-05
110 2.7330084957521233e-05
111 2.3425787106446772e-05
112 2.3425787106446772e-05
113 2.3425787106446772e-05
114 1.1712893553223388e-05
115 2.7330084957521233e-05
116 3.904297851074463e-06
117 7.808595702148925e-06
118 7.808595702148925e-06
119 3.904297851074463e-06
120 0.0
121 0.0
122 0.0
123 0.0
124 0.0
125 7.808595702148925e-06
126 7.808595702148925e-06
127 3.904297851074463e-06
128 3.904297851074463e-06
129 3.904297851074463e-06
130 0.0
131 0.0
132 7.808595702148925e-06
133 0.0
134 0.0
135 3.904297851074463e-06
136 0.0
137 3.904297851074463e-06
138 1.1712893553223388e-05
139 7.808595702148925e-06
140 1.561719140429785e-05
141 0.0
142 0.0
143 2.3425787106446772e-05
144 1.952148925537231e-05
145 7.808595702148925e-06
146 2.3425787106446772e-05
147 1.952148925537231e-05
148 1.561719140429785e-05
149 2.3425787106446772e-05
150 2.7330084957521237e-05
151 1.561719140429785e-05
152 4.294727636181908e-05
153 4.2947276361819084e-05
154 3.1234382808595694e-05
155 3.513868065967016e-05
156 3.9042978510744616e-05
157 5.0755872063968e-05
158 9.370314842578708e-05
159 7.418165917041477e-05
160 0.00010541604197901049
161 0.00010932033983008495
162 0.00014836331834082957
163 0.00017959770114942534
164 0.00016788480759620192
165 0.00024206646676661671
166 0.0002537793603198401
167 0.0001991191904047976
168 0.00032796101949025494
169 0.0003513868065967016
170 0.00046461144427786106
171 0.00038652548725637184
172 0.00047632433783108453
173 0.000538793103448276
174 0.0007066779110444779
175 0.0007261994002998501
176 0.0008238068465767118
177 0.0007574337831084458
178 0.0008550412293853074
179 0.0009955959520239878
180 0.000952648675662169
181 0.0011439592703648175
182 0.0011283420789605196
183 0.0011127248875562217
184 0.0012142366316841577
185 0.0012454710144927535
186 0.0012923225887056474
187 0.001206428035982009
188 0.001155672163918041
189 0.0010424475262368813
190 0.001054160419790105
191 0.0010034045477261369
192 0.0010034045477261369
193 0.0008550412293853073
194 0.000741816591704148
195 0.0005934532733633184
196 0.0005466016991504247
197 0.00044899425287356327
198 0.0003904297851074463
199 0.0003904297851074463
200 0.0003396739130434783
201 0.00022644927536231887
202 0.00021864067966016995
203 0.0001561719140429785
204 0.00011322463768115944
205 9.760744627686156e-05
206 9.37031484257871e-05
207 5.466016991504248e-05
208 4.6851574212893545e-05
209 3.513868065967016e-05
210 0.0
211 3.904297851074462e-05
212 1.561719140429785e-05
213 3.904297851074463e-06
214 0.0
215 0.0
216 3.904297851074463e-06
217 0.0
218 7.808595702148925e-06
219 3.904297851074463e-06
220 3.904297851074463e-06
221 0.0
222 3.904297851074463e-06
223 0.0
224 0.0
225 3.904297851074463e-06
226 0.0
227 0.0
228 3.904297851074463e-06
229 0.0
230 0.0
231 0.0
232 0.0
233 0.0
234 0.0
235 0.0
236 0.0
237 0.0
238 0.0
239 0.0
240 0.0
241 0.0
242 0.0
243 0.0
244 0.0
245 0.0
246 0.0
247 0.0
248 0.0
249 0.0
250 0.0
251 0.0
252 0.0
253 0.0
254 0.0
255 0.0
256 3.904297851074463e-06
257 0.0
258 0.0
259 0.0
260 1.561719140429785e-05
261 3.904297851074463e-06
262 1.1712893553223388e-05
263 3.904297851074463e-06
264 1.1712893553223388e-05
265 7.808595702148925e-06
266 0.0
267 3.904297851074462e-05
268 2.7330084957521233e-05
269 5.075587206396801e-05
270 4.6851574212893545e-05
271 6.637306346826585e-05
272 0.00010541799412793602
273 0.00011322658983008492
274 0.00016007621189405297
275 0.0002069336425537232
276 0.0002576856103198402
277 0.00035529891304347843
278 0.00034358406734132953
279 0.0005973751405547228
280 0.000800388868065967
281 0.000948754138555722
282 0.001124455350449775
283 0.0013079671101949026
284 0.001604695699025487
285 0.0018311566872813588
286 0.0020732309626436784
287 0.0025690728854322834
288 0.003002455803348325
289 0.0030141901705397294
290 0.0035685926567966013
291 0.003955157187031483
292 0.0042675088237131426
293 0.004458801849075462
294 0.004696965970139929
295 0.0047360284701399285
296 0.004939036341204394
297 0.0051498977073963
298 0.005114776596076959
299 0.005235784451524235
300 0.004880503107821087
301 0.0047633605072463754
302 0.004978116410544725
303 0.004540811625437281
304 0.004400284232883558
305 0.004048874000499749
306 0.004111340813968014
307 0.003752118081584207
308 0.0035608113911794093
309 0.0031586569996251866
310 0.0030454421226886554
311 0.0027213678317091453
312 0.002576897098325837
313 0.0022762700680909547
314 0.0020498110319840074
315 0.0017608812781109446
316 0.0015695706834082954
317 0.0014055745564717638
318 0.0013821663387056473
319 0.0011752287918540734
320 0.0011752424568965522
321 0.0009019181815342328
322 0.0009409572557471264
323 0.0007262228260869569
324 0.0006832677411294353
325 0.0005270899706396802
326 0.0005192950399800102
327 0.0004489981571714146
328 0.00034750203023488265
329 0.0003357871845327338
330 0.00025768756246876567
331 0.0002576875624687656
332 0.0002303555253623189
333 0.00022255083395802104
334 0.00021084379685157423
335 0.0001366504247876062
336 0.000105417994127936
337 0.00010541604197901046
338 8.590040917041477e-05
339 7.808986131934032e-05
340 4.6851574212893545e-05
341 5.075782421289355e-05
342 6.246876561719139e-05
343 5.466016991504247e-05
344 4.294922851074461e-05
345 5.0757824212893535e-05
346 3.904493065967016e-05
347 3.5138680659670155e-05
348 1.561719140429785e-05
349 1.561719140429785e-05
350 3.5144537106446776e-05
351 2.733203710644677e-05
352 2.3427739255372308e-05
353 1.952148925537231e-05
354 2.7330084957521233e-05
355 7.808595702148925e-06
356 1.952148925537231e-05
357 1.561719140429785e-05
358 1.952148925537231e-05
