0 0.0
1 3.904297851074463e-06
2 0.0
3 0.0
4 0.0
5 0.0
6 0.0
7 0.0
8 0.0
9 0.0
10 0.0
11 0.0
12 3.904297851074463e-06
13 0.0
14 3.904297851074463e-06
15 0.0
16 0.0
17 3.904297851074463e-06
18 7.808595702148925e-06
19 3.904297851074463e-06
20 0.0
21 1.1712893553223388e-05
22 0.0
23 2.3425787106446772e-05
24 1.952148925537231e-05
25 1.952148925537231e-05
26 7.808595702148925e-06
27 2.3425787106446772e-05
28 6.637306346826585e-05
29 1.952148925537231e-05
30 5.0755872063968e-05
31 4.685157421289354e-05
32 4.685157421289354e-05
33 8.979885057471262e-05
34 0.00014055472263868065
35 0.000101511744127936
36 0.0001756934032983509
37 0.00017569340329835086
38 0.00021083208395802114
39 0.00024987506246876577
40 0.0003787168915542233
41 0.0003748125937031489
42 0.0003826211894052977
43 0.0004997501249375317
44 0.0005387931034482763
45 0.0007105822088955522
46 0.0008394240379810091
47 0.000878467016491754
48 0.0009057971014492749
49 0.0009448400799600201
50 0.0012767053973013493
51 0.0013821214392803595
52 0.001663230884557721
53 0.0015968578210894544
54 0.0016905609695152426
55 0.001983383308345827
56 0.002069277861069465
57 0.0021981196901549233
58 0.0023152486256871577
59 0.0024167603698150913
60 0.0025221764117941024
61 0.0025846451774112944
62 0.0029165104947526223
63 0.002978979260369815
64 0.0028579460269865064
65 0.0029008933033483246
66 0.0032444715142428793
67 0.0031117253873063464
68 0.0029008933033483246
69 0.0029204147926036976
70 0.002799381559220388
71 0.0028852761119440257
72 0.0026432096451774086
73 0.002678348325837081
74 0.0026119752623688145
75 0.0025495064967516225
76 0.002479229135432283
77 0.0023425787106446778
78 0.002045852073963018
79 0.0020653735632183905
80 0.0018233070964517742
81 0.001647613693153424
82 0.0017569340329835078
83 0.001518771864067966
84 0.0013782171414292853
85 0.001323556971514243
86 0.0012532796101949028
87 0.0011439592703648175
88 0.001077586206896551
89 0.0009877873563218387
90 0.0008511369315342332
91 0.0008042853573213395
92 0.0006988693153423288
93 0.0006246876561719143
94 0.000648113443278361
95 0.0005309845077461273
96 0.00045680284857571265
97 0.00048022863568215944
98 0.0003982383808095955
99 0.0003748125937031487
100 0.00031234382808595726
101 0.00032405672163918073
102 0.00022644927536231895
103 0.00024597076461769135
104 0.00024206646676661688
105 0.0002303535732133934
106 0.00019131059470264876
107 0.0002069277861069467
108 0.00019521489255372324
109 0.00017959770114942534
110 0.0001639805097451275
111 0.00017959770114942542
112 0.00010541604197901046
113 0.00015617191404297855
114 0.00012493753123438278
115 0.00014836331834082962
116 7.418165917041477e-05
117 0.00012884182908545725
118 7.027736131934031e-05
119 0.00010932033983008492
120 9.370314842578708e-05
121 0.00011712893553223384
122 0.00013274612693653173
123 8.19902548725637e-05
124 0.00012493753123438278
125 0.00012884182908545722
126 0.00010932033983008492
127 0.0001639805097451275
128 0.0001874062968515743
129 0.00017959770114942537
130 0.00016398050974512747
131 0.0002342578710644679
132 0.0002615879560219892
133 0.00021083208395802114
134 0.000226449275362319
135 0.0003709082958520745
136 0.0003162481259370317
137 0.00033576961519240416
138 0.00039823838080959575
139 0.0004880372313843085
140 0.0005387931034482763
141 0.0006090704647676166
142 0.0006949650174912544
143 0.0008042853573213394
144 0.0009721701649175407
145 0.0010502561219390306
146 0.0011751936531734133
147 0.0014328773113443276
148 0.0015578148425787108
149 0.0019131059470264876
150 0.002073182158920539
151 0.002401143178410796
152 0.0026549225387306357
153 0.0032913230884557723
154 0.003427973513243377
155 0.004161981509245378
156 0.0048296164417791065
157 0.005044352823588203
158 0.00624687656171914
159 0.0067973825587206455
160 0.007312749875062476
161 0.008480134932533733
162 0.00913996126936531
163 0.010049662668665667
164 0.011369315342328847
165 0.012403954272863579
166 0.0131965267366317
167 0.014902704897551246
168 0.015917822338830608
169 0.016722107696151935
170 0.01817060219890056
171 0.018767959770114945
172 0.019486350574712655
173 0.020774768865567218
174 0.022465329835082454
175 0.022805003748125934
176 0.022933845577211398
177 0.024085613443278357
178 0.023777173913043476
179 0.024722013993003496
180 0.023804503998001013
181 0.024054379060469762
182 0.023406265617191405
183 0.02341797851074463
184 0.023109538980509745
185 0.021793790604697636
186 0.021153485757121438
187 0.01997048350824588
188 0.019064686406796604
189 0.018154985007496256
190 0.01688608820589707
191 0.015254091704147944
192 0.015008120939530262
193 0.013469827586206918
194 0.012763149675162433
195 0.011431784107946036
196 0.010240973263368314
197 0.009526486756621693
198 0.008316154422788605
199 0.007812500000000007
200 0.006590454772613698
201 0.0061492691154422805
202 0.0054582083958020985
203 0.004704678910544729
204 0.004302536231884058
205 0.0037715517241379342
206 0.003131246876561719
207 0.00266663543228386
208 0.0023738130934532727
209 0.002264492753623189
210 0.0018935844577711142
211 0.0016710394802598699
212 0.0015070589705147427
213 0.0012220452273863063
214 0.0011908108445777112
215 0.0009916916541729127
216 0.0008628498250874559
217 0.000706677911044478
218 0.0006520177411294353
219 0.000573931784107946
220 0.0005036544227886061
221 0.00043337706146926586
222 0.0003045352323838084
223 0.0003279610194902553
224 0.00027330084957521256
225 0.00030453523238380847
226 0.0002147363818090956
227 0.0002772051474262871
228 0.0001795977011494253
229 0.00020302348825587224
230 0.00016007621189405305
231 0.00017178910544727644
232 0.00017178910544727644
233 0.00014055472263868068
234 0.00011322463768115938
235 0.00014055472263868068
236 0.00011322463768115938
237 9.760744627686154e-05
238 0.00010541604197901046
239 0.00011322463768115938
240 0.00012493753123438278
241 0.00015226761619190404
242 0.00014445902048975512
243 0.00017569340329835095
244 0.00012493753123438278
245 0.00010541604197901046
246 8.979885057471262e-05
247 0.0002069277861069466
248 0.00019521489255372326
249 0.00010932033983008492
250 0.00011322463768115938
251 0.00015226761619190407
252 0.00017178910544727642
253 0.0002537793603198403
254 0.00024206646676661688
255 0.00024206646676661682
256 0.00023816216891554246
257 0.0002693965517241381
258 0.00031624812593703184
259 0.0003045352323838084
260 0.00035919540229885084
261 0.0004372813593203404
262 0.0004607071464267871
263 0.0005153673163418297
264 0.0006051661669165418
265 0.0005387931034482762
266 0.0006871564217891055
267 0.0007847638680659666
268 0.0007769552723638182
269 0.0008589455272363816
270 0.0009838830584707648
271 0.001019021739130435
272 0.0012259495252373808
273 0.001222045227386307
274 0.001374312843578211
275 0.0013782171414292847
276 0.0015031546726636679
277 0.0019013930534732637
278 0.001838924287856073
279 0.001971670414792604
280 0.0020107133933033494
281 0.0022059282858570717
282 0.0022723013493253356
283 0.002420664667666167
284 0.002631496751624187
285 0.002678348325837083
286 0.0028306159420289846
287 0.0027876686656671673
288 0.0029047976011993986
289 0.002822807346326836
290 0.002975074962518741
291 0.0029828835582208888
292 0.003060969515242377
293 0.0029750749625187386
294 0.003018022238880559
295 0.002783764367816091
296 0.002818903048475764
297 0.002830615942028984
298 0.0027291041979010484
299 0.0025612193903048466
300 0.0025807408795602187
301 0.0024753248375812085
302 0.002291822838580709
303 0.0021395552223888053
304 0.0021239380309845076
305 0.0019365317341329352
306 0.001795977011494254
307 0.0014602073963018499
308 0.001491441779110446
309 0.0013391741629185405
310 0.001132246376811594
311 0.0009995002498750624
312 0.0009682658670664663
313 0.0008745627186406795
314 0.0006481134432783611
315 0.0006559220389805098
316 0.0005114630184907549
317 0.00040214267866067
318 0.00042166416791604243
319 0.00035138680659670205
320 0.0003474825087456275
321 0.0002576836581709148
322 0.00020302348825587219
323 0.00015226761619190407
324 0.00016788480759620197
325 0.00010932033983008492
326 6.246876561719139e-05
327 8.19902548725637e-05
328 8.979885057471262e-05
329 7.027736131934031e-05
330 2.3425787106446772e-05
331 5.0755872063968e-05
332 2.7330084957521233e-05
333 1.561719140429785e-05
334 1.561719140429785e-05
335 7.808595702148925e-06
336 2.3425787106446772e-05
337 0.0
338 2.7330084957521233e-05
339 1.561719140429785e-05
340 3.904297851074463e-06
341 0.0
342 1.561719140429785e-05
343 0.0
344 0.0
345 3.904297851074463e-06
346 0.0
347 0.0
348 0.0
349 0.0
350 0.0
351 0.0
352 3.904297851074463e-06
353 0.0
354 0.0
355 0.0
356 0.0
357 0.0
358 0.0
