0 0.0
1 0.0
2 0.0
3 0.0
4 0.0
5 0.0
6 3.904297851074463e-06
7 3.904297851074463e-06
8 0.0
9 0.0
10 0.0
11 0.0
12 0.0
13 0.0
14 0.0
15 7.808595702148925e-06
16 0.0
17 3.904297851074463e-06
18 0.0
19 1.1712893553223388e-05
20 1.952148925537231e-05
21 7.808595702148925e-06
22 2.7330084957521233e-05
23 1.952148925537231e-05
24 2.7330084957521233e-05
25 1.952148925537231e-05
26 1.561719140429785e-05
27 3.5138680659670155e-05
28 6.637306346826585e-05
29 7.418165917041477e-05
30 0.0001210332333833083
31 0.00013274612693653173
32 0.00018350199900049987
33 0.00023035357321339348
34 0.00016398050974512747
35 0.00023816216891554246
36 0.0003552911044477764
37 0.0004099512743628191
38 0.00048022863568215944
39 0.0006285919540229886
40 0.0007105822088955523
41 0.0007730509745127435
42 0.0009409357821089452
43 0.0010190217391304343
44 0.001183002248875562
45 0.0013938343328335839
46 0.0015578148425787115
47 0.0017803598200899552
48 0.002069277861069465
49 0.00232696151924038
50 0.002412856071964017
51 0.0027720514742628666
52 0.002900893303348326
53 0.002998500749625189
54 0.0034006434282858565
55 0.0036934657671164437
56 0.003783264617691153
57 0.0040604697651174405
58 0.003955053723138433
59 0.004587549975012492
60 0.004692966016991502
61 0.004388430784607694
62 0.00461097576211894
63 0.004888180909545228
64 0.004712487506246876
65 0.004888180909545231
66 0.004833520739630184
67 0.00454850699650175
68 0.004544602698650674
69 0.004509464017991007
70 0.004626592953523237
71 0.0045797413793103444
72 0.004318153423288355
73 0.0040526611694152925
74 0.0038808720639680163
75 0.0038340204897551224
76 0.0036309970014992508
77 0.003506059470264869
78 0.0032093328335832086
79 0.003002405047476262
80 0.0028813718140929512
81 0.0027408170914542712
82 0.002241066966516741
83 0.0023113443278360815
84 0.0021161294352823588
85 0.0018935844577711144
86 0.0016241879060469775
87 0.001432877311344328
88 0.0013547913543228392
89 0.0013938343328335832
90 0.0013704085457271376
91 0.0010190217391304348
92 0.0009721701649175413
93 0.0008862756121939027
94 0.000784763868065967
95 0.0007340079960019991
96 0.0007691466766616693
97 0.0005661231884057973
98 0.0005700274862568719
99 0.00048022863568215944
100 0.0003943340829585212
101 0.0004372813593203404
102 0.0004294727636181913
103 0.00038652548725637227
104 0.0003084395302348828
105 0.0002772051474262871
106 0.00024206646676661688
107 0.00024987506246876577
108 0.00020302348825587219
109 0.00020302348825587219
110 0.00021083208395802116
111 0.00022254497751124448
112 0.00013274612693653173
113 0.00015226761619190404
114 0.00016398050974512752
115 0.00012493753123438278
116 0.00014055472263868065
117 0.0001639805097451275
118 0.000101511744127936
119 0.0001366504247876062
120 9.760744627686154e-05
121 7.418165917041477e-05
122 0.00012884182908545725
123 8.589455272363815e-05
124 0.000101511744127936
125 0.00011712893553223384
126 0.00011322463768115938
127 0.00012884182908545725
128 0.00011712893553223384
129 0.00014445902048975515
130 0.0001522676161919041
131 0.00011322463768115938
132 0.00016007621189405297
133 0.0001756934032983509
134 0.00023035357321339345
135 0.0002420664667666168
136 0.0002654922538730637
137 0.00024987506246876577
138 0.0003201524237881062
139 0.00029672663668165947
140 0.00039042978510744664
141 0.00033186531734132963
142 0.00048803723138430845
143 0.0005466016991504252
144 0.0006910607196401803
145 0.0006637306346826587
146 0.0008550412293853073
147 0.0009916916541729136
148 0.0011166291854072957
149 0.0013274612693653166
150 0.0014523988005997008
151 0.001581240629685158
152 0.0019833833083458276
153 0.0024128560719640178
154 0.002561219390304846
155 0.0031507683658170906
156 0.0035841454272863556
157 0.003978479510244881
158 0.004349387806096949
159 0.005173194652673665
160 0.005809595202398799
161 0.006383526986506753
162 0.007394740129935042
163 0.008120939530234886
164 0.009042353823088453
165 0.0101824087956022
166 0.011064780109945032
167 0.012091610444777618
168 0.013649425287356347
169 0.01411013243378313
170 0.015874875062468787
171 0.016554222888555736
172 0.01755762743628187
173 0.01834629560219891
174 0.019533202148925535
175 0.020083708145927037
176 0.020411669165417288
177 0.021044165417291358
178 0.02208661294352824
179 0.02099340954522737
180 0.022000718390804606
181 0.021399456521739132
182 0.021504872563718136
183 0.020599075462268874
184 0.020235975762118937
185 0.01911934657671165
186 0.01865473513243379
187 0.017420977011494265
188 0.016554222888555736
189 0.015566435532233908
190 0.014293634432783635
191 0.013208239630184934
192 0.011865161169415299
193 0.01120533483258371
194 0.009987193903048475
195 0.008991597951024487
196 0.008257589955022493
197 0.007187812343828092
198 0.006403048475762122
199 0.0056573275862069
200 0.005091204397801098
201 0.004661731634182909
202 0.004119034232883559
203 0.003443590704647678
204 0.003115629685157419
205 0.002440186156921541
206 0.002334770114942528
207 0.0020068090954522746
208 0.0015656234382808599
209 0.0014719202898550734
210 0.0012610882058970518
211 0.0011517678660669668
212 0.000995595952023988
213 0.0008667541229385307
214 0.0006520177411294358
215 0.0006246876561719141
216 0.0006012618690654674
217 0.0004958458270864574
218 0.00043728135932034044
219 0.0004255684657671169
220 0.00030453523238380836
221 0.00034748250874562763
222 0.00024597076461769124
223 0.00026939655172413814
224 0.0002342578710644679
225 0.0002420664667666168
226 0.00018350199900049984
227 0.00014445902048975515
228 0.00017178910544727647
229 0.0001483633183408296
230 0.00013274612693653173
231 0.00012884182908545725
232 0.0001366504247876062
233 0.00015226761619190407
234 0.0001210332333833083
235 9.370314842578708e-05
236 7.027736131934031e-05
237 0.00016007621189405302
238 0.00011322463768115938
239 0.00010541604197901046
240 0.00015226761619190407
241 0.00010932033983008492
242 0.00011322463768115938
243 0.0001210332333833083
244 0.00010932033983008492
245 0.0001522676161919041
246 0.00015226761619190407
247 0.0001444590204897551
248 0.0001756934032983509
249 0.00017178910544727644
250 0.00020302348825587219
251 0.00025768365817091467
252 0.00024987506246876577
253 0.00026158795602198925
254 0.0002576836581709148
255 0.000343578210894553
256 0.00031234382808595736
257 0.0003552911044477766
258 0.00040995127436281906
259 0.0004450899550224894
260 0.000546601699150425
261 0.0005036544227886063
262 0.0006324962518740631
263 0.0005426974012993507
264 0.0007691466766616694
265 0.0007925724637681163
266 0.0008706584207896055
267 0.0008355197401299347
268 0.0009760744627686156
269 0.0011283420789605194
270 0.0012728010994502751
271 0.0014758245877061478
272 0.0016241879060469768
273 0.0016241879060469764
274 0.0017881684157921034
275 0.002096607946026986
276 0.0023074400299850075
277 0.0024675162418790605
278 0.002529985007496251
279 0.002787668665667165
280 0.003010213643178411
281 0.0033694090454772594
282 0.0032561844077961025
283 0.0037520302348825587
284 0.003728604447776115
285 0.0037832646176911558
286 0.0041658858070964516
287 0.004232258870564717
288 0.00432986631684158
289 0.004571932783608192
290 0.004657827336331835
291 0.004462612443778108
292 0.004685157421289354
293 0.004880372313843076
294 0.00466563593203398
295 0.0047398175912043965
296 0.0045367941029485276
297 0.004833520739630182
298 0.004478229635182406
299 0.004450899550224886
300 0.00446261244377811
301 0.004404047976011991
302 0.003923819340329837
303 0.004001905297351324
304 0.0034240692153923035
305 0.0031078210894552724
306 0.0032874187906046974
307 0.0027603385807096446
308 0.0025104635182408774
309 0.0023230572213893035
310 0.002174693903048475
311 0.0019326274362818595
312 0.0017920727136431793
313 0.0016710394802598697
314 0.001413355822088955
315 0.0012649925037481265
316 0.0010463518240879563
317 0.0009018928035982011
318 0.0008042853573213389
319 0.0006520177411294357
320 0.0005622188905547229
321 0.0005114630184907552
322 0.0003943340829585213
323 0.0002811094452773615
324 0.00022644927536231903
325 0.00019911919040479774
326 0.00019131059470264876
327 0.00016007621189405305
328 0.00011322463768115938
329 9.760744627686154e-05
330 7.418165917041477e-05
331 4.6851574212893545e-05
332 6.637306346826585e-05
333 4.2947276361819084e-05
334 2.3425787106446772e-05
335 2.7330084957521233e-05
336 3.904297851074463e-06
337 1.561719140429785e-05
338 3.904297851074463e-06
339 3.1234382808595694e-05
340 1.1712893553223388e-05
341 7.808595702148925e-06
342 7.808595702148925e-06
343 3.904297851074463e-06
344 3.904297851074463e-06
345 3.904297851074463e-06
346 0.0
347 0.0
348 3.904297851074463e-06
349 3.904297851074463e-06
350 7.808595702148925e-06
351 0.0
352 0.0
353 0.0
354 0.0
355 0.0
356 0.0
357 3.904297851074463e-06
358 0.0
