0 0.0007386333444513938
1 0.0008792485954343465
2 0.0008401743434488927
3 0.0008440298043943825
4 0.0007621080448350904
5 0.0007855338144046295
6 0.0008050454939550275
7 0.0008714497310741565
8 0.0007894087555973981
9 0.0008127993101645611
10 0.000719016051302637
11 0.0008128091002589817
12 0.0007464086910366649
13 0.0008831822636096631
14 0.000805025933350393
15 0.0008832506493071387
16 0.0008050689392469308
17 0.0009573951492445866
18 0.000851914703996666
19 0.0007581704528365684
20 0.0009926628770963006
21 0.0006917368552116938
22 0.0009379030009167009
23 0.0008793072791689111
24 0.0009613306892791827
25 0.0008987602887124666
26 0.0009456567916533716
27 0.0009651959089955346
28 0.0009105142596006129
29 0.0011450280770648575
30 0.001078510410012692
31 0.0010394498699623537
32 0.0009066686103279975
33 0.001137141332932206
34 0.0011293033982527874
35 0.0011683463748515695
36 0.0011880320831356794
37 0.0013207506746037673
38 0.0013559617412733237
39 0.001398995013820739
40 0.0013364460810357786
41 0.001535842814772126
42 0.0015239383056578715
43 0.0013873289639205902
44 0.0014457899268896703
45 0.0016217333927532986
46 0.0015552998069529804
47 0.0014927977921482937
48 0.0017702609164362956
49 0.0017663077426230966
50 0.0017975498733747897
51 0.001938249215281074
52 0.0018873135423177955
53 0.0019147901946739716
54 0.001977255114745621
55 0.0019420713624773425
56 0.0020670440168291592
57 0.0021139054301084277
58 0.002254808125886389
59 0.002000674980831789
60 0.0020982686017191375
61 0.002074983666559715
62 0.002200042336604806
63 0.0021413645210191304
64 0.0021257532173585268
65 0.0022820638179948294
66 0.002227212067680852
67 0.002317159408568024
68 0.002071061830753395
69 0.002043739472195897
70 0.00222733133842098
71 0.0019343587332038602
72 0.0020592608694195024
73 0.0020436671801562396
74 0.001906825165095434
75 0.0019459561721538936
76 0.001879508825431767
77 0.0019224854034910967
78 0.0019381573371846067
79 0.0018091180849017486
80 0.0017896357207530982
81 0.0017974933100426537
82 0.0018443134326823502
83 0.0016801922157564475
84 0.0017779326663044318
85 0.0017583936096794977
86 0.0016450594795368427
87 0.0017701181143081762
88 0.001547248743853132
89 0.0015942528183771369
90 0.0016528270722931406
91 0.0015824519745597447
92 0.0016176785663888035
93 0.00168013367875277
94 0.0015473641435896006
95 0.0016332410918607338
96 0.0016723504491357086
97 0.0015160476454204798
98 0.001578567194203537
99 0.0016958173272517952
100 0.001648903159108938
101 0.001687889462747958
102 0.0017231806065770893
103 0.0017465046315694604
104 0.0019222428892743412
105 0.0018051825410667522
106 0.0017544247423648446
107 0.0017662060080084001
108 0.0019067666281534887
109 0.0017857392374481485
110 0.0018130048839217902
111 0.001914624027440672
112 0.0020122744034599604
113 0.0018715457890058833
114 0.0019107354505638792
115 0.001961502941515858
116 0.002195917260401963
117 0.0021374172016259563
118 0.0021020361201482254
119 0.002195911323697874
120 0.002297587153798378
121 0.0021333448039562415
122 0.002297510939932836
123 0.002180266592786719
124 0.002453794220176229
125 0.002485026672467257
126 0.0025436672562487465
127 0.002375606647795174
128 0.002528065758428141
129 0.0025436516372042504
130 0.002832903824059745
131 0.002703850986935835
132 0.0029225871574373556
133 0.0029188023241645774
134 0.003067179133317379
135 0.0026530872691139565
136 0.0030907477579079916
137 0.0032000718631026675
138 0.0030202826930732464
139 0.003106245611980765
140 0.00312569475045013
141 0.0034969704805044477
142 0.0035399588282359557
143 0.003618140462006905
144 0.0038250585109448165
145 0.0037119375053603306
146 0.003829123174366794
147 0.0039189550373572935
148 0.003926656100585917
149 0.004208052820592632
150 0.004454199292235613
151 0.004325267772044565
152 0.00461449644316341
153 0.004809834448258401
154 0.004809893000825121
155 0.00495028732445189
156 0.005208303317435939
157 0.005278607922576761
158 0.005501131293578663
159 0.005778512271223828
160 0.005954594695714296
161 0.006114715671862768
162 0.006185096712465217
163 0.0064583975032615525
164 0.006638137765878937
165 0.006794630188384262
166 0.007024995366793225
167 0.0071852064392693
168 0.007001694697064106
169 0.007736312367507166
170 0.007927423453971839
171 0.007802576003331448
172 0.008400205005151354
173 0.008056321877701052
174 0.00861906841721536
175 0.008705183897424636
176 0.008853338109124094
177 0.008759632644484098
178 0.008619123114797308
179 0.009087884942716456
180 0.00874803534827935
181 0.009248244503590096
182 0.008896422047459144
183 0.009322455386418325
184 0.008900582258448092
185 0.008595750152931608
186 0.009115373386385238
187 0.00861534591390432
188 0.008685699444035187
189 0.008478480376994637
190 0.008376865167114639
191 0.008127058566638626
192 0.008087917873468466
193 0.007583812140653264
194 0.007630603104279203
195 0.00756431619560494
196 0.0071346579485008525
197 0.007056448867422292
198 0.006802473977304626
199 0.006802569824222583
200 0.0066932691663404075
201 0.006118741304283522
202 0.006228210124625211
203 0.005880620367122993
204 0.005837653516461176
205 0.005431098435751948
206 0.005403662696148283
207 0.0055993194371466055
208 0.005052066884378569
209 0.004841133326094357
210 0.004532465273300293
211 0.0045873051757995675
212 0.004446490567165962
213 0.004227705367950115
214 0.0042356390086024645
215 0.0040910646549645715
216 0.004094865307055922
217 0.0038916190920292833
218 0.0038565742455711283
219 0.0036690468312520264
220 0.003551953202795198
221 0.003454234317682033
222 0.003426818203188846
223 0.003192378653309375
224 0.003067382473655294
225 0.00335651946032192
226 0.0030359273671146454
227 0.002848542675039699
228 0.0031102125272611417
229 0.003086876726734182
230 0.0029148706747499833
231 0.002828976231492331
232 0.0027663020657549358
233 0.0029853629520856318
234 0.0026728200227016836
235 0.0024734094633318505
236 0.0026687826559000927
237 0.0024030364782884187
238 0.0025633334861358036
239 0.0024617573603761046
240 0.0024733606088333917
241 0.002492983868056505
242 0.0023249310466525756
243 0.002047463963185245
244 0.002270216067865805
245 0.002258604717218537
246 0.0021140500983246454
247 0.0021764132092222175
248 0.002172593029835149
249 0.0022467823723428
250 0.0020162257347401302
251 0.002246837155647624
252 0.0021726556315834924
253 0.002059296162761304
254 0.0020358781214890103
255 0.0019772511870690995
256 0.0020436984438388997
257 0.002102341132480338
258 0.002004512729647346
259 0.0020085518880509925
260 0.0018950987044144354
261 0.0018874426599750408
262 0.0019147002277372302
263 0.00196553624924694
264 0.001945936717338232
265 0.001985047954381887
266 0.0020358488668398944
267 0.0017348895762689545
268 0.0019811358343044014
269 0.0018247860947897601
270 0.0019537783742872134
271 0.0018482665929031505
272 0.0020944581673400147
273 0.0019264307279136443
274 0.001848254983815995
275 0.0021022687798498384
276 0.001957741350010573
277 0.001942014660326613
278 0.002078790151710226
279 0.0020358409230790213
280 0.002063296221398857
281 0.002199977772956526
282 0.0021061750455042263
283 0.002090598817824619
284 0.002207737541486288
285 0.0021569463644294765
286 0.002028018668264246
287 0.002329038612317387
288 0.0022273861316618408
289 0.0021297612373115814
290 0.002321173222412062
291 0.002098468151319551
292 0.0021101418961963193
293 0.002250847027966979
294 0.0021492083278908383
295 0.002133667368024138
296 0.0022664037381017357
297 0.002274337371091436
298 0.00231330986873992
299 0.002110194617801044
300 0.0021765559625427843
301 0.0020945402964724037
302 0.002137548132446034
303 0.002074966060136477
304 0.0021414035973065073
305 0.0020789837311801563
306 0.0019343704225835052
307 0.0019186104211857105
308 0.0019070735574401741
309 0.0018093312818519025
310 0.0018054562681025968
311 0.0017389130704123026
312 0.0017545988336366374
313 0.0018328742780424855
314 0.001567067411451375
315 0.001785870258302882
316 0.0015474325940046706
317 0.0014967099475407166
318 0.0013247840704692284
319 0.0014537882174685418
320 0.001438059442376501
321 0.0014380731837523614
322 0.0012896415814703764
323 0.0013559285411432205
324 0.001320748810568733
325 0.0011684578096081907
326 0.0012231805187041507
327 0.0011136979511389522
328 0.001219160768238274
329 0.0011215515087839817
330 0.001094223450370383
331 0.0010785808085411192
332 0.0010004186513200132
333 0.0010394185769623963
334 0.0009183208874465601
335 0.001062926532298857
336 0.0009769772371977874
337 0.0008754655264316348
338 0.0010160612264991558
339 0.0008870590453942197
340 0.0010276529715259452
341 0.0008088852672467437
342 0.000844086442003875
343 0.0008558091491417883
344 0.0007972798865066045
345 0.0008011842020798597
346 0.0009261333658887407
347 0.0008792936024341907
348 0.0009340181912107998
349 0.0009613483525104899
350 0.0008167289525928818
351 0.0008558873406732608
352 0.0008128853592226436
353 0.0007620082642343603
354 0.0008284673376012633
355 0.0007620923396003549
356 0.0008675572459639661
357 0.0008088989048691238
358 0.0008675064666631767
