0 0.0
1 0.0
2 0.0
3 0.0
4 0.0
5 0.0
6 0.0
7 7.808595702148925e-06
8 0.0
9 0.0
10 3.904297851074463e-06
11 3.904297851074463e-06
12 0.0
13 3.904297851074463e-06
14 3.904297851074463e-06
15 0.0
16 0.0
17 7.808595702148925e-06
18 3.904297851074463e-06
19 1.1712893553223388e-05
20 2.3425787106446776e-05
21 3.904297851074463e-06
22 7.808595702148925e-06
23 3.904297851074463e-06
24 1.1712893553223388e-05
25 3.1234382808595694e-05
26 1.1712893553223388e-05
27 3.9042978510744616e-05
28 3.5138680659670155e-05
29 5.856446776611693e-05
30 5.466016991504246e-05
31 5.0755872063968e-05
32 8.19902548725637e-05
33 0.00011322463768115938
34 0.00010541604197901046
35 0.00010932033983008492
36 0.00011712893553223384
37 0.00019131059470264874
38 0.00020692778610694658
39 0.00023816216891554238
40 0.00032015242378810626
41 0.00035138680659670216
42 0.00047242003998001044
43 0.00044118565717141464
44 0.0005895489755122441
45 0.0006246876561719143
46 0.0007261994002998501
47 0.0009175099950024989
48 0.0009057971014492754
49 0.0009214142928535734
50 0.0011010119940029987
51 0.0012259495252373812
52 0.0012806096951524233
53 0.001522676161919041
54 0.0017178910544727642
55 0.0018350199900049977
56 0.0021395552223888044
57 0.0021551724137931026
58 0.0020927036481759114
59 0.00221373688155922
60 0.0024089517741129438
61 0.002463611944027985
62 0.0025690279860069954
63 0.0026393053473263337
64 0.0026588268365817084
65 0.002932127686156921
66 0.0027759557721139427
67 0.0028345202398800586
68 0.0028384245377311343
69 0.002783764367816091
70 0.0026510182408795596
71 0.002674444027986008
72 0.002760338580709644
73 0.002635401049475261
74 0.002479229135432282
75 0.0024128560719640186
76 0.00228401424287856
77 0.002061469265367316
78 0.002135650924537731
79 0.0020653735632183918
80 0.0019560532233883054
81 0.001795977011494253
82 0.001756934032983508
83 0.0016554222888555733
84 0.001428973013493253
85 0.0012337581209395303
86 0.0010932033983008494
87 0.0011049162918540724
88 0.000960457271364317
89 0.0009955959520239878
90 0.0007847638680659672
91 0.0008042853573213393
92 0.0006676349325337329
93 0.0006285919540229886
94 0.0005505059970014997
95 0.0005036544227886062
96 0.0005270802098950526
97 0.0004255684657671169
98 0.00042947276361819165
99 0.00034748250874562763
100 0.0002967266366816596
101 0.0003201524237881062
102 0.00028110944527736157
103 0.00023425787106446798
104 0.00020302348825587216
105 0.00021864067966017006
106 0.0002069277861069467
107 0.00017959770114942537
108 0.00016788480759620194
109 0.00012493753123438278
110 0.00018350199900049981
111 0.0001366504247876062
112 0.00017178910544727644
113 0.0001366504247876062
114 0.000101511744127936
115 0.0001717891054472764
116 0.00010932033983008492
117 0.00014055472263868065
118 0.00010932033983008492
119 7.808595702148923e-05
120 0.0001483633183408296
121 0.00016788480759620192
122 0.0001327461269365317
123 0.00011712893553223384
124 0.00016007621189405305
125 0.00014445902048975515
126 0.00015617191404297855
127 0.00012884182908545725
128 0.00012884182908545725
129 0.00016398050974512747
130 0.00016788480759620192
131 0.00016007621189405302
132 0.00021473638180909556
133 0.00022254497751124448
134 0.000292822338830585
135 0.00026939655172413825
136 0.0003123438280859573
137 0.0004021426786606701
138 0.0003982383808095957
139 0.0004372813593203402
140 0.0005114630184907549
141 0.0005817403798100952
142 0.0006949650174912543
143 0.0006910607196401793
144 0.0009018928035982014
145 0.0010346389305347327
146 0.001241566716641679
147 0.0013860257371314342
148 0.0015968578210894542
149 0.001815498500749626
150 0.0019833833083458268
151 0.002447994752623688
152 0.0026822526236881554
153 0.0033147488755622184
154 0.0036583270864567713
155 0.003947245127436283
156 0.004466516741629184
157 0.005118534482758615
158 0.005930628435782112
159 0.006649019240379809
160 0.007714892553723148
161 0.008320058720639685
162 0.009417166416791599
163 0.010401049475262363
164 0.011142866066966517
165 0.012122844827586219
166 0.013610382308845589
167 0.014976886556721664
168 0.016031046976511764
169 0.017315560969515257
170 0.018482946026986507
171 0.01966985257371313
172 0.020556128185907036
173 0.022016335582208897
174 0.022691779110444784
175 0.023398457021489266
176 0.023492160169915042
177 0.02440576586706647
178 0.024636119440279866
179 0.023843546976511747
180 0.024604885057471264
181 0.02481962143928036
182 0.024807908545727144
183 0.023773269615192417
184 0.022996314342828596
185 0.02230915792103948
186 0.02186797226386806
187 0.020720108695652176
188 0.019669852573713145
189 0.018830428535732132
190 0.017057877311344345
191 0.01624578335832086
192 0.01481290604697654
193 0.013258995502248893
194 0.012704585207396313
195 0.011217047726136933
196 0.010303442028985503
197 0.009706084457771115
198 0.008296632933533237
199 0.007433783108445784
200 0.006594359070464774
201 0.005969671414292856
202 0.005145864567716138
203 0.004411856571714138
204 0.004076086956521739
205 0.0035802411294352837
206 0.0032913230884557723
207 0.0027681471764117913
208 0.0023035357321339336
209 0.0020536606696651685
210 0.0019911919040479765
211 0.0017061781609195397
212 0.0012220452273863066
213 0.001054160419790105
214 0.001081490504747626
215 0.0009916916541729136
216 0.0007340079960019988
217 0.0007222951024487759
218 0.0005544102948525741
219 0.0005739317841079466
220 0.0004607071464267871
221 0.00038262118940529774
222 0.00037481259370314885
223 0.00030063093453273383
224 0.0003162481259370319
225 0.00032796101949025526
226 0.0002030234882558722
227 0.00016788480759620197
228 0.00017569340329835084
229 0.00012884182908545725
230 0.00015617191404297852
231 0.0001483633183408296
232 0.00012493753123438278
233 0.00014836331834082957
234 0.00012884182908545725
235 9.370314842578708e-05
236 0.00011712893553223384
237 0.00010541604197901046
238 0.00014055472263868065
239 0.000101511744127936
240 7.418165917041477e-05
241 0.00010541604197901046
242 0.00010541604197901046
243 0.000101511744127936
244 0.0001210332333833083
245 0.00013665042478760617
246 0.00012884182908545725
247 0.00012493753123438278
248 0.00016007621189405305
249 0.0001366504247876062
250 0.00014055472263868065
251 0.0001483633183408296
252 0.00017178910544727642
253 0.00017959770114942537
254 0.0002069277861069467
255 0.00026939655172413814
256 0.0002576836581709147
257 0.0002576836581709147
258 0.0002654922538730638
259 0.0003045352323838084
260 0.00032796101949025515
261 0.00037481259370314885
262 0.00048022863568215933
263 0.0004880372313843084
264 0.0005505059970014995
265 0.000648113443278361
266 0.0006285919540229885
267 0.0007340079960019988
268 0.0006988693153423289
269 0.00076133808095952
270 0.0009331271864067963
271 0.0010034045477261373
272 0.0011166291854072961
273 0.001206428035982009
274 0.0014133558220889553
275 0.001507058970514743
276 0.001526580459770114
277 0.0018623500749625184
278 0.0016710394802598703
279 0.001909201649175412
280 0.002131746626686656
281 0.002241066966516741
282 0.0024245689655172397
283 0.0025221764117941024
284 0.0025143678160919553
285 0.002553410794602697
286 0.002678348325837081
287 0.0025963580709645155
288 0.002834520239880059
289 0.0027720514742628683
290 0.0028501374312843585
291 0.0027173913043478247
292 0.0029672663668165924
293 0.002869658920539729
294 0.002752529985007495
295 0.0027759557721139414
296 0.0027056784107946023
297 0.0028384245377311326
298 0.002518272113943027
299 0.0022996314342828574
300 0.0022488755622188895
301 0.0019716704147926052
302 0.0021825024987506252
303 0.0020224262868565714
304 0.0018272113943028484
305 0.0017803598200899556
306 0.0014758245877061465
307 0.0013235569715142424
308 0.001276705397301349
309 0.0011322463768115934
310 0.0011751936531734129
311 0.0008979885057471267
312 0.0007964767616191903
313 0.0006949650174912546
314 0.0007183908045977009
315 0.0005426974012993509
316 0.0005778360819590207
317 0.0003787168915542233
318 0.00035138680659670205
319 0.00026549225387306367
320 0.00028501374312843604
321 0.00021864067966017008
322 0.00012493753123438278
323 0.00016398050974512744
324 0.0001756934032983509
325 0.00011322463768115938
326 8.979885057471262e-05
327 5.856446776611693e-05
328 5.466016991504246e-05
329 5.466016991504246e-05
330 4.294727636181908e-05
331 3.904297851074462e-05
332 2.7330084957521233e-05
333 2.3425787106446772e-05
334 1.952148925537231e-05
335 7.808595702148925e-06
336 1.952148925537231e-05
337 3.904297851074463e-06
338 1.1712893553223388e-05
339 0.0
340 3.904297851074463e-06
341 7.808595702148925e-06
342 3.904297851074463e-06
343 1.561719140429785e-05
344 0.0
345 3.904297851074463e-06
346 0.0
347 0.0
348 3.904297851074463e-06
349 0.0
350 3.904297851074463e-06
351 0.0
352 0.0
353 0.0
354 0.0
355 0.0
356 3.904297851074463e-06
357 0.0
358 0.0
