0 3.904297851074463e-06
1 0.0
2 3.904297851074463e-06
3 7.808595702148925e-06
4 7.808595702148925e-06
5 7.808595702148925e-06
6 0.0
7 3.904297851074463e-06
8 3.904297851074463e-06
9 7.808595702148925e-06
10 7.808595702148925e-06
11 1.952148925537231e-05
12 1.952148925537231e-05
13 3.5138680659670155e-05
14 5.466016991504247e-05
15 5.856446776611693e-05
16 5.856446776611693e-05
17 4.6851574212893545e-05
18 7.418165917041477e-05
19 8.979885057471262e-05
20 0.00010932033983008492
21 8.979885057471262e-05
22 0.00016398050974512744
23 0.00014445902048975512
24 0.00013665042478760617
25 0.00020692778610694658
26 0.00020302348825587213
27 0.00023425787106446785
28 0.0003123438280859573
29 0.0003826211894052976
30 0.00035919540229885084
31 0.00047632433783108475
32 0.00048413293353323386
33 0.0004919415292353827
34 0.0005856446776611697
35 0.0004919415292353826
36 0.0007066779110444781
37 0.0006676349325337332
38 0.0006910607196401799
39 0.0007847638680659669
40 0.0008706584207896052
41 0.0007769552723638182
42 0.0007925724637681156
43 0.0009018928035982005
44 0.0009760744627686157
45 0.0008979885057471264
46 0.0008862756121939031
47 0.0011088205897051473
48 0.001034638930534732
49 0.0009916916541729132
50 0.0009331271864067965
51 0.0010268303348325838
52 0.001058064717641179
53 0.001093203398300849
54 0.0010463518240879557
55 0.0010229260369815092
56 0.0010619690154922538
57 0.0011869065467266366
58 0.0011088205897051477
59 0.0010814905047476263
60 0.0011439592703648177
61 0.0014211644177911044
62 0.0014523988005996997
63 0.0014328773113443272
64 0.0015461019490254878
65 0.0015304847576211892
66 0.001651517991004498
67 0.0017998813093453273
68 0.001956053223388306
69 0.0019482446276861572
70 0.0021083208395802095
71 0.0022762056471764117
72 0.0023972388805597196
73 0.002401143178410793
74 0.002565123688155921
75 0.002498750624687656
76 0.002639305347326337
77 0.002615879560219889
78 0.0027095827086456754
79 0.002584645177411293
80 0.0026939655172413778
81 0.0028852761119440257
82 0.002709582708645676
83 0.0026354010494752597
84 0.0025924537731134407
85 0.0026314967516241866
86 0.002428473263368314
87 0.002526080709645176
88 0.002627592453773111
89 0.002522176411794101
90 0.0025573150924537704
91 0.0022644927536231876
92 0.002205928285857071
93 0.0020224262868565705
94 0.0021395552223888044
95 0.0019755747126436792
96 0.001987287606196901
97 0.0019677661169415295
98 0.0016710394802598694
99 0.0017296039480259868
100 0.0016163793103448267
101 0.0017178910544727642
102 0.0015929535232383795
103 0.0014680159920039976
104 0.0013391741629185398
105 0.0012806096951524233
106 0.0013743128435782103
107 0.0012103323338330826
108 0.0011010119940029978
109 0.00115567216391804
110 0.0010151174412793606
111 0.0008823713143428289
112 0.0008862756121939031
113 0.0008901799100449769
114 0.0007535294852573709
115 0.0006871564217891051
116 0.0006871564217891055
117 0.000659826336831584
118 0.0007027736131934031
119 0.0006949650174912543
120 0.0006481134432783603
121 0.0007925724637681161
122 0.0006988693153423285
123 0.0007105822088955521
124 0.0006520177411294356
125 0.000737912293853073
126 0.0007535294852573712
127 0.0008159982508745628
128 0.0009409357821089457
129 0.0009760744627686156
130 0.001046351824087956
131 0.0012806096951524242
132 0.0012845139930034982
133 0.0014797288855572211
134 0.0015343890554722645
135 0.0016437093953023498
136 0.0019013930534732628
137 0.0021512681159420286
138 0.002381621689155422
139 0.002658826836581709
140 0.0029047976011993995
141 0.0031624812593703134
142 0.003096108195902048
143 0.0033967391304347842
144 0.0039238193403298375
145 0.004243971764117938
146 0.004591454272863569
147 0.004829616441779108
148 0.005419165417291353
149 0.005372313843078463
150 0.005727604947526236
151 0.0060204272863568255
152 0.006305441029485256
153 0.006336675412293855
154 0.006988693153423291
155 0.00765242378810595
156 0.00778126561719141
157 0.008226355572213895
158 0.008413761869065471
159 0.008616785357321343
160 0.00916729135432283
161 0.009303941779110444
162 0.009319558970514749
163 0.00994034232883558
164 0.010268303348325838
165 0.010572838580709646
166 0.010486944027985999
167 0.010889086706646678
168 0.011201430534732635
169 0.011178004747626187
170 0.011697276361819092
171 0.012017428785607197
172 0.012029141679160433
173 0.012325868315842084
174 0.01218921789105448
175 0.012154079210394813
176 0.012591360569715155
177 0.012837331334332845
178 0.013137962268865582
179 0.012829522738630694
180 0.012778766866566729
181 0.012364911294352835
182 0.012794384057971026
183 0.012587456271864075
184 0.01247813593203399
185 0.012724106696651688
186 0.01254060469765118
187 0.011818309595202395
188 0.01214236631684159
189 0.011822213893053483
190 0.011783170914542736
191 0.010959364067966021
192 0.011189717641179408
193 0.01134198525737132
194 0.010486944027986006
195 0.010190217391304346
196 0.009909107946026981
197 0.009780266116941523
198 0.009339080459770114
199 0.009374219140429789
200 0.009022832333833077
201 0.008722201399300349
202 0.008331771614192907
203 0.008323963018490758
204 0.007574337831084462
205 0.007258089705147431
206 0.007324462768615695
207 0.006801286856571716
208 0.00666463643178411
209 0.005727604947526234
210 0.005805690904547726
211 0.005508964267866068
212 0.004759339080459766
213 0.004712487506246876
214 0.0045133683158420776
215 0.0041658858070964516
216 0.0037832646176911566
217 0.003451399300349825
218 0.003240567216391803
219 0.002885276111944027
220 0.0027993815592203893
221 0.002467516241879059
222 0.0022762056471764113
223 0.002084895052473763
224 0.0019013930534732635
225 0.0017139867566216894
226 0.0014367816091954025
227 0.0013196526736631686
228 0.0013625999500249879
229 0.0011478635682158917
230 0.0011361506746626684
231 0.0008628498250874561
232 0.0009253185907046475
233 0.000862849825087456
234 0.0008159982508745627
235 0.0006637306346826591
236 0.000683252123938031
237 0.0006090704647676165
238 0.00069106071964018
239 0.0005622188905547228
240 0.0006364005497251376
241 0.0006715392303848074
242 0.0005270802098950528
243 0.0006012618690654674
244 0.000652017741129435
245 0.0007105822088955526
246 0.0006793478260869567
247 0.0007808595702148924
248 0.000734007996001999
249 0.0008238068465767114
250 0.0009057971014492753
251 0.0009643615692153922
252 0.0009838830584707645
253 0.001085394802598701
254 0.0010385432283858073
255 0.0011595764617691148
256 0.0011869065467266357
257 0.0012493753123438277
258 0.0013586956521739126
259 0.0014641116941529234
260 0.0014641116941529243
261 0.001530484757621189
262 0.0015187718640679658
263 0.001592953523238381
264 0.001663230884557722
265 0.001690560969515241
266 0.0017491254372813587
267 0.0019092016491754121
268 0.002014617691154423
269 0.0020419477761119435
270 0.002162981009495253
271 0.002112225137431283
272 0.0020927036481759127
273 0.002202023988005997
274 0.002190311094452773
275 0.0022527798600699652
276 0.0022527798600699644
277 0.0022020239880059973
278 0.002373813093453272
279 0.0024323775612193886
280 0.002147363818090954
281 0.0023972388805597196
282 0.0023503873063468253
283 0.0021317466266866573
284 0.002073182158920539
285 0.002135650924537731
286 0.002342578710644676
287 0.002221545477261369
288 0.0017998813093453262
289 0.0019209145427286354
290 0.0017803598200899552
291 0.001780359820089955
292 0.0015265804597701146
293 0.001713986756621689
294 0.0014992503748125937
295 0.0014289730134932532
296 0.0014250687156421786
297 0.0012923225887056468
298 0.00133917416291854
299 0.001194715142428785
300 0.0011244377811094454
301 0.0012728010994502747
302 0.0011478635682158915
303 0.0012025237381309347
304 0.0012493753123438277
305 0.0011830022488755624
306 0.00123375812093953
307 0.0011556721639180412
308 0.001218140929535233
309 0.0012064280359820089
310 0.001132246376811594
311 0.0012337581209395305
312 0.0011127248875562217
313 0.0010853948025987003
314 0.0010112131434282861
315 0.0010580647176411792
316 0.001054160419790105
317 0.0009643615692153916
318 0.0009136056971514243
319 0.0009253185907046478
320 0.000870658420789605
321 0.0007808595702148922
322 0.0007886681659170415
323 0.0006676349325337331
324 0.0005895489755122443
325 0.0005817403798100955
326 0.000546601699150425
327 0.00048413293353323386
328 0.0004216641679160424
329 0.00040214267866067017
330 0.00028110944527736146
331 0.000292822338830585
332 0.00026939655172413814
333 0.0002654922538730637
334 0.00019911919040479766
335 0.00023425787106446795
336 0.00013665042478760617
337 0.00012884182908545725
338 9.370314842578708e-05
339 8.589455272363815e-05
340 5.856446776611693e-05
341 6.246876561719139e-05
342 3.9042978510744616e-05
343 3.9042978510744616e-05
344 4.685157421289354e-05
345 2.3425787106446772e-05
346 1.561719140429785e-05
347 3.1234382808595694e-05
348 2.7330084957521233e-05
349 1.561719140429785e-05
350 3.904297851074463e-06
351 1.952148925537231e-05
352 3.904297851074463e-06
353 3.904297851074463e-06
354 7.808595702148925e-06
355 1.561719140429785e-05
356 0.0
357 7.808595702148925e-06
358 7.808595702148925e-06
