0 0.0
1 0.0
2 0.0
3 3.904297851074463e-06
4 0.0
5 0.0
6 0.0
7 0.0
8 0.0
9 0.0
10 3.904297851074463e-06
11 3.904297851074463e-06
12 7.808595702148925e-06
13 0.0
14 0.0
15 0.0
16 0.0
17 1.1712893553223388e-05
18 7.808595702148925e-06
19 3.904297851074463e-06
20 3.904297851074463e-06
21 0.0
22 3.904297851074463e-06
23 0.0
24 7.808595702148925e-06
25 3.904297851074463e-06
26 3.904297851074463e-06
27 3.904297851074463e-06
28 0.0
29 0.0
30 0.0
31 0.0
32 0.0
33 3.904297851074463e-06
34 0.0
35 0.0
36 0.0
37 0.0
38 3.904297851074463e-06
39 0.0
40 0.0
41 3.904297851074463e-06
42 7.808595702148925e-06
43 7.808595702148925e-06
44 3.904297851074463e-06
45 0.0
46 0.0
47 0.0
48 7.808595702148925e-06
49 0.0
50 0.0
51 0.0
52 3.904297851074463e-06
53 3.904297851074463e-06
54 0.0
55 3.904297851074463e-06
56 7.808595702148925e-06
57 7.808595702148925e-06
58 7.808595702148925e-06
59 3.904297851074463e-06
60 1.1712893553223388e-05
61 7.808595702148925e-06
62 3.904297851074463e-06
63 1.561719140429785e-05
64 1.1712893553223388e-05
65 1.1712893553223388e-05
66 1.561719140429785e-05
67 0.0
68 3.904297851074463e-06
69 1.561719140429785e-05
70 3.904297851074463e-06
71 2.3425787106446772e-05
72 7.808595702148925e-06
73 7.808595702148925e-06
74 3.1234382808595694e-05
75 3.9042978510744616e-05
76 2.7330084957521233e-05
77 1.561719140429785e-05
78 4.294727636181908e-05
79 5.0755872063968e-05
80 8.19902548725637e-05
81 7.027736131934031e-05
82 8.979885057471262e-05
83 0.00012103323338330832
84 7.418165917041477e-05
85 0.0001327461269365317
86 0.00012103323338330832
87 0.00015617191404297852
88 0.00016398050974512741
89 0.0001913105947026487
90 0.00024987506246876566
91 0.0002381621689155423
92 0.00040995127436281885
93 0.00033576961519240383
94 0.00046070714642678674
95 0.0005348888055972017
96 0.0005661231884057972
97 0.0007340079960019991
98 0.0006559220389805098
99 0.0008706584207896053
100 0.0008940842078960518
101 0.0009877873563218392
102 0.0011673850574712642
103 0.00133917416291854
104 0.001190810844577711
105 0.0014445902048975516
106 0.001428973013493253
107 0.0016280922038980508
108 0.0017803598200899545
109 0.0016827523738130931
110 0.001827211394302849
111 0.0019209145427286358
112 0.001967766116941529
113 0.0021629810094952527
114 0.0021434595202398797
115 0.002127842328835582
116 0.00231915292353823
117 0.0022918228385807094
118 0.0023972388805597188
119 0.0024050474762618676
120 0.0022683970514742616
121 0.002385525987006495
122 0.002350387306346826
123 0.0022879185407296354
124 0.0023425787106446778
125 0.0022449712643678147
126 0.00249484632683658
127 0.002350387306346826
128 0.002631496751624186
129 0.002627592453773112
130 0.0027525299850074962
131 0.0026666354322838572
132 0.002912606196901548
133 0.003049256621689154
134 0.0033030359820089943
135 0.003435782108945526
136 0.003759838830584707
137 0.003892584957521238
138 0.003978479510244876
139 0.004704678910544728
140 0.00498969265367316
141 0.0051536731634182886
142 0.005387931034482756
143 0.006008714392803596
144 0.006184407796101948
145 0.0067271051974013
146 0.007180003748125935
147 0.007261994002998499
148 0.007906203148425783
149 0.008230259870064963
150 0.008292728635682154
151 0.008343484507746123
152 0.008339580209895048
153 0.008644115442278857
154 0.008964267866066961
155 0.008468422038980508
156 0.008484039230384805
157 0.008120939530234883
158 0.008241972763618184
159 0.008105322338830582
160 0.007820308595702147
161 0.007558720639680162
162 0.007180003748125936
163 0.007109726386806594
164 0.006805191154422787
165 0.006164886306846575
166 0.006360101199400295
167 0.006032140179910044
168 0.005739317841079457
169 0.005493347076461768
170 0.005356696651674158
171 0.0051575774612693595
172 0.004993596951524233
173 0.004868659420289857
174 0.00502483133433283
175 0.004880372313843075
176 0.004907702398800596
177 0.004942841079460269
178 0.004817903548225887
179 0.004735913293353324
180 0.005262993503248372
181 0.0055792416291854064
182 0.005696370564717639
183 0.005903298350824587
184 0.006445995752123937
185 0.006973075962018991
186 0.007398644427786109
187 0.00840204897551224
188 0.008753435782108939
189 0.009702180159920035
190 0.009983289605197398
191 0.011178004747626188
192 0.012251686656671666
193 0.014137462518740632
194 0.014898800599700153
195 0.01576555472263868
196 0.016835332333833084
197 0.017827023988006
198 0.018541510494752615
199 0.019232571214392803
200 0.020302348825587218
201 0.020060282358820587
202 0.020399956271864066
203 0.020817716141929028
204 0.020696682908545715
205 0.020278923038480768
206 0.020415573463268367
207 0.019240379810094962
208 0.018326774112943513
209 0.017553723138430788
210 0.01645661544227886
211 0.015226761619190406
212 0.014508370814592705
213 0.013204335332333832
214 0.012013524487756123
215 0.01067825462268865
216 0.009553816841579204
217 0.008038949275362316
218 0.007293228385807101
219 0.005950149925037481
220 0.005243472013993001
221 0.004638305847076458
222 0.003869159170414792
223 0.003283514492753622
224 0.0026705397301349312
225 0.0022644927536231876
226 0.0018233070964517747
227 0.0016632308845577204
228 0.0014445902048975511
229 0.0012142366316841584
230 0.0011673850574712645
231 0.0010112131434282857
232 0.0009526486756621692
233 0.0009292228885557218
234 0.0009721701649175415
235 0.0009682658670664667
236 0.001011213143428286
237 0.0010853948025987008
238 0.001225949525237381
239 0.0013391741629185405
240 0.0014484945027486255
241 0.0015421976511744134
242 0.0016007621189405297
243 0.0017959770114942528
244 0.0018701586706646675
245 0.0019794790104947523
246 0.002002904797601199
247 0.0021278423288355816
248 0.0023464830084957517
249 0.0023347701149425285
250 0.002428473263368315
251 0.0022215454772613686
252 0.0023660044977511234
253 0.0024870377311344317
254 0.0024558033483258364
255 0.0020966079460269862
256 0.002424568965517241
257 0.002432377561219389
258 0.002198119690154922
259 0.0021005122438780607
260 0.0020575649675162416
261 0.0018701586706646673
262 0.0019052973513243373
263 0.0017061781609195403
264 0.0015656234382808592
265 0.0015343890554722637
266 0.0014055472263868067
267 0.0012259495252373814
268 0.0010814905047476261
269 0.0010151174412793603
270 0.0008433283358320837
271 0.0007496251874062968
272 0.0006129747626186906
273 0.0006090704647676163
274 0.0005192716141929039
275 0.000488037231384308
276 0.0004021426786606698
277 0.00031234382808595726
278 0.00028110944527736146
279 0.00020302348825587208
280 0.00021864067966016995
281 0.00018740629685157423
282 0.00014836331834082962
283 0.00010541604197901046
284 7.808595702148923e-05
285 8.589455272363815e-05
286 7.808595702148923e-05
287 7.027736131934031e-05
288 5.0755872063968e-05
289 4.6851574212893545e-05
290 4.294727636181908e-05
291 3.9042978510744616e-05
292 2.3425787106446772e-05
293 1.561719140429785e-05
294 1.561719140429785e-05
295 2.3425787106446772e-05
296 2.3425787106446772e-05
297 3.904297851074463e-06
298 1.1712893553223388e-05
299 7.808595702148925e-06
300 1.952148925537231e-05
301 0.0
302 7.808595702148925e-06
303 1.1712893553223388e-05
304 1.561719140429785e-05
305 0.0
306 7.808595702148925e-06
307 3.904297851074463e-06
308 3.904297851074463e-06
309 7.808595702148925e-06
310 3.904297851074463e-06
311 3.904297851074463e-06
312 7.808595702148925e-06
313 7.808595702148925e-06
314 7.808595702148925e-06
315 3.904297851074463e-06
316 0.0
317 0.0
318 0.0
319 1.561719140429785e-05
320 0.0
321 0.0
322 0.0
323 3.904297851074463e-06
324 3.904297851074463e-06
325 7.808595702148925e-06
326 0.0
327 0.0
328 7.808595702148925e-06
329 7.808595702148925e-06
330 3.904297851074463e-06
331 7.808595702148925e-06
332 7.808595702148925e-06
333 0.0
334 3.904297851074463e-06
335 0.0
336 0.0
337 3.904297851074463e-06
338 3.904297851074463e-06
339 0.0
340 0.0
341 3.904297851074463e-06
342 0.0
343 0.0
344 0.0
345 3.904297851074463e-06
346 0.0
347 7.808595702148925e-06
348 0.0
349 3.904297851074463e-06
350 0.0
351 0.0
352 3.904297851074463e-06
353 0.0
354 3.904297851074463e-06
355 3.904297851074463e-06
356 0.0
357 3.904297851074463e-06
358 0.0
