0 0.0
1 0.0
2 0.0
3 0.0
4 0.0
5 0.0
6 0.0
7 0.0
8 0.0
9 0.0
10 0.0
11 0.0
12 0.0
13 0.0
14 0.0
15 0.0
16 0.0
17 0.0
18 0.0
19 0.0
20 3.904297851074463e-06
21 3.904297851074463e-06
22 3.904297851074463e-06
23 1.952148925537231e-05
24 3.904297851074463e-06
25 3.904297851074463e-06
26 1.952148925537231e-05
27 1.952148925537231e-05
28 2.7330084957521237e-05
29 2.3425787106446772e-05
30 5.856446776611693e-05
31 3.5138680659670155e-05
32 3.5138680659670155e-05
33 9.370314842578709e-05
34 0.00012493753123438278
35 0.00011712893553223386
36 0.0002069277861069466
37 0.0002303535732133934
38 0.00028110944527736146
39 0.00045289855072463785
40 0.0004060469765117443
41 0.0006403048475762121
42 0.0008628498250874562
43 0.000987787356321839
44 0.0012142366316841577
45 0.0013430784607696153
46 0.0018311156921539226
47 0.0020068090954522733
48 0.002276205647176411
49 0.0027212956021988996
50 0.002842328835582208
51 0.003291323088455771
52 0.003634901299350323
53 0.00398238380809595
54 0.004189311594202897
55 0.0043337706146926525
56 0.00445480384807596
57 0.0047515304847576215
58 0.0047749562718640655
59 0.0049818840579710115
60 0.005141960269865064
61 0.00477886056971514
62 0.004696870314842575
63 0.004825712143928032
64 0.004560219890054971
65 0.004642210144927536
66 0.004189311594202897
67 0.0038457333833083448
68 0.003752030234882558
69 0.0035294852573713124
70 0.003412356321839079
71 0.0031624812593703134
72 0.002951649175412293
73 0.00260807096451774
74 0.0026080709645177405
75 0.002166885307346327
76 0.0020068090954522737
77 0.0020263305847076467
78 0.0016905609695152426
79 0.0015461019490254867
80 0.0014367816091954025
81 0.0012767053973013487
82 0.0012298538230884554
83 0.0009838830584707643
84 0.0008862756121939028
85 0.0006715392303848079
86 0.0007574337831084457
87 0.0006207833583208395
88 0.0006871564217891055
89 0.0004646114442778613
90 0.0003982383808095954
91 0.00041385557221389327
92 0.00030453523238380825
93 0.00030843953023488267
94 0.0002030234882558721
95 0.000277205147426287
96 0.0001678848075962019
97 0.00018740629685157426
98 0.00016007621189405294
99 0.00014055472263868065
100 0.00011322463768115938
101 0.00010541604197901046
102 8.589455272363815e-05
103 5.0755872063968e-05
104 6.246876561719139e-05
105 5.856446776611693e-05
106 3.904297851074462e-05
107 3.5138680659670155e-05
108 3.5138680659670155e-05
109 4.2947276361819084e-05
110 2.7330084957521233e-05
111 1.1712893553223388e-05
112 4.2947276361819084e-05
113 1.561719140429785e-05
114 3.1234382808595694e-05
115 4.685157421289355e-05
116 2.3425787106446776e-05
117 7.808595702148925e-06
118 1.561719140429785e-05
119 2.3425787106446772e-05
120 1.952148925537231e-05
121 7.808595702148925e-06
122 2.3425787106446772e-05
123 1.561719140429785e-05
124 3.904297851074463e-06
125 1.1712893553223388e-05
126 1.1712893553223388e-05
127 7.808595702148925e-06
128 1.952148925537231e-05
129 1.1712893553223388e-05
130 3.12343828085957e-05
131 2.7330084957521233e-05
132 3.1234382808595694e-05
133 3.1234382808595694e-05
134 4.2947276361819084e-05
135 6.246876561719139e-05
136 4.6851574212893545e-05
137 4.294727636181908e-05
138 7.808595702148923e-05
139 7.808595702148923e-05
140 0.0001210332333833083
141 0.00016788480759620194
142 0.00018740629685157432
143 0.00019131059470264876
144 0.0002342578710644679
145 0.00030453523238380847
146 0.00037871689155422343
147 0.0004997501249375319
148 0.0006403048475762119
149 0.0006324962518740628
150 0.0010151174412793601
151 0.000991691654172913
152 0.0012415667166416789
153 0.001858445777111445
154 0.0019638618190904542
155 0.002276205647176411
156 0.0028384245377311326
157 0.003310844577711143
158 0.004005809595202396
159 0.004724200399800101
160 0.00538793103448276
161 0.006586550474762621
162 0.007285419790104949
163 0.008780765867066468
164 0.010151174412793592
165 0.011006215642178914
166 0.012458614442778614
167 0.014274112943528242
168 0.015519583958020998
169 0.01740535982008996
170 0.01896317466266866
171 0.019689374062968522
172 0.022242784857571217
173 0.02317200774612694
174 0.024725918290854576
175 0.025604385307346336
176 0.02739645802098951
177 0.028313968015992008
178 0.029262712393803104
179 0.028665354822588713
180 0.029231478010994502
181 0.029211956521739135
182 0.029012837331334355
183 0.028536512993503252
184 0.0278571651674163
185 0.026158795602198904
186 0.025284232883558216
187 0.02377326961519241
188 0.022918228385807104
189 0.021227667416291847
190 0.02049365942028986
191 0.018553223388305846
192 0.016847045227386306
193 0.015582052723638185
194 0.013633808095952032
195 0.012614786356821596
196 0.0116191904047976
197 0.009948150924537724
198 0.009061875312343828
199 0.00791791604197901
200 0.00682080834582708
201 0.005891585457271362
202 0.005622188905547226
203 0.004470421039480257
204 0.004021426786606697
205 0.0033459832583708146
206 0.002779860069965016
207 0.0023738130934532714
208 0.0020770864567716137
209 0.0017842641179410294
210 0.0015070589705147427
211 0.0012767053973013489
212 0.0011127248875562215
213 0.0008472326336831582
214 0.0007222951024487753
215 0.0005583145927036483
216 0.00042166416791604243
217 0.0003943340829585211
218 0.00038262118940529774
219 0.0002928223388305849
220 0.00022644927536231898
221 0.00020302348825587216
222 0.000160076211894053
223 0.00012884182908545725
224 7.808595702148923e-05
225 0.00010932033983008492
226 5.856446776611693e-05
227 5.466016991504246e-05
228 3.904297851074462e-05
229 5.856446776611692e-05
230 4.294727636181908e-05
231 3.904297851074462e-05
232 1.952148925537231e-05
233 3.5138680659670155e-05
234 1.952148925537231e-05
235 7.808595702148925e-06
236 2.3425787106446772e-05
237 1.561719140429785e-05
238 1.952148925537231e-05
239 3.904297851074463e-06
240 1.1712893553223388e-05
241 3.904297851074463e-06
242 7.808595702148925e-06
243 7.808595702148925e-06
244 3.904297851074463e-06
245 0.0
246 7.808595702148925e-06
247 0.0
248 0.0
249 7.808595702148925e-06
250 0.0
251 3.904297851074463e-06
252 0.0
253 0.0
254 3.904297851074463e-06
255 7.808595702148925e-06
256 0.0
257 0.0
258 3.904297851074463e-06
259 1.1712893553223388e-05
260 7.808595702148925e-06
261 3.904297851074463e-06
262 3.904297851074463e-06
263 0.0
264 3.904297851074463e-06
265 7.808595702148925e-06
266 1.952148925537231e-05
267 2.7330084957521233e-05
268 3.904297851074462e-05
269 1.1712893553223388e-05
270 1.952148925537231e-05
271 2.733008495752124e-05
272 4.6851574212893545e-05
273 1.952148925537231e-05
274 3.12343828085957e-05
275 4.685157421289354e-05
276 6.637306346826586e-05
277 5.4660169915042474e-05
278 8.589455272363815e-05
279 6.637306346826585e-05
280 0.00010541604197901047
281 8.979885057471263e-05
282 0.00012493753123438278
283 0.00016007621189405297
284 0.00017959770114942528
285 0.00018740629685157418
286 0.00021864067966016998
287 0.00024597076461769113
288 0.00025377936031984003
289 0.0003045352323838081
290 0.00041775987006496763
291 0.00040214267866066974
292 0.0005153673163418291
293 0.0004997501249375313
294 0.000624687656171914
295 0.0006676349325337331
296 0.0007886681659170415
297 0.0006520177411294352
298 0.001073681909045477
299 0.0009604572713643179
300 0.0009916916541729136
301 0.0012025237381309347
302 0.001175193653173413
303 0.0010853948025987005
304 0.0011673850574712645
305 0.0011517678660669663
306 0.001077586206896552
307 0.0012962268865567216
308 0.001038543228385807
309 0.001147863568215892
310 0.0010853948025987008
311 0.0009565529735132433
312 0.0008628498250874562
313 0.0008589455272363818
314 0.0006871564217891053
315 0.0007261994002998502
316 0.0006129747626186908
317 0.0005505059970014992
318 0.0004450899550224888
319 0.00038262118940529736
320 0.00033186531734132936
321 0.0002811094452773614
322 0.000261587956021989
323 0.00014055472263868065
324 0.00019131059470264868
325 0.00011322463768115941
326 0.00010932033983008495
327 8.979885057471264e-05
328 8.199025487256372e-05
329 4.294727636181909e-05
330 5.8564467766116935e-05
331 3.513868065967016e-05
332 2.3425787106446776e-05
333 3.12343828085957e-05
334 7.808595702148925e-06
335 1.1712893553223388e-05
336 3.904297851074463e-06
337 7.808595702148925e-06
338 7.808595702148925e-06
339 1.561719140429785e-05
340 3.904297851074463e-06
341 3.904297851074463e-06
342 0.0
343 0.0
344 0.0
345 0.0
346 0.0
347 0.0
348 3.904297851074463e-06
349 0.0
350 0.0
351 0.0
352 0.0
353 0.0
354 0.0
355 0.0
356 0.0
357 0.0
358 0.0
