0 0.0
1 0.0
2 0.0
3 0.0
4 3.904297851074463e-06
5 0.0
6 3.904297851074463e-06
7 0.0
8 0.0
9 3.904297851074463e-06
10 0.0
11 0.0
12 0.0
13 0.0
14 0.0
15 3.904297851074463e-06
16 0.0
17 3.904297851074463e-06
18 7.808595702148925e-06
19 7.808595702148925e-06
20 3.904297851074463e-06
21 3.904297851074463e-06
22 1.561719140429785e-05
23 3.904297851074463e-06
24 1.952148925537231e-05
25 2.7330084957521233e-05
26 1.561719140429785e-05
27 2.3425787106446772e-05
28 3.9042978510744616e-05
29 4.294727636181908e-05
30 6.637306346826585e-05
31 3.5138680659670155e-05
32 8.19902548725637e-05
33 0.00010541604197901046
34 0.0001717891054472764
35 0.00014836331834082962
36 0.00015226761619190407
37 0.00020692778610694663
38 0.00027720514742628704
39 0.0003084395302348829
40 0.00044118565717141475
41 0.0004607071464267873
42 0.0004411856571714148
43 0.0005934532733633185
44 0.0007027736131934033
45 0.0007105822088955523
46 0.00090970139930035
47 0.0010190217391304348
48 0.0011322463768115934
49 0.0011361506746626682
50 0.0014563030984507748
51 0.00149534607696152
52 0.001686656671664168
53 0.0018701586706646673
54 0.0020224262868565723
55 0.0021395552223888053
56 0.002393334582708645
57 0.0025299850074962517
58 0.0027134870064967494
59 0.0026041666666666665
60 0.002682252623688156
61 0.0029126061969015475
62 0.002916510494752623
63 0.0031234382808595688
64 0.0032913230884557723
65 0.0032015242378810598
66 0.0029985007496251864
67 0.0032288543228385807
68 0.0031624812593703143
69 0.0032678973013493258
70 0.0032366629185407274
71 0.003037543728135932
72 0.0030531609195402305
73 0.002869658920539729
74 0.0030063093453273344
75 0.0027759557721139427
76 0.0027134870064967503
77 0.002526080709645176
78 0.002713487006496752
79 0.0022605884557721136
80 0.0021239380309845063
81 0.001799881309345328
82 0.0018935844577711144
83 0.001717891054472764
84 0.001628092203898051
85 0.0015734320339830083
86 0.001405547226386807
87 0.001307939780109945
88 0.0011673850574712638
89 0.0010502561219390306
90 0.0009448400799600198
91 0.0008667541229385312
92 0.0008667541229385305
93 0.0007222951024487756
94 0.0007535294852573715
95 0.0006364005497251378
96 0.0006676349325337331
97 0.0005036544227886062
98 0.0003982383808095957
99 0.00041385557221389354
100 0.0003748125937031489
101 0.000335769615192404
102 0.0003123438280859573
103 0.0002576836581709147
104 0.0002498750624687658
105 0.00024987506246876577
106 0.00021083208395802108
107 0.00021864067966017003
108 0.0002030234882558722
109 0.00014445902048975512
110 0.00014836331834082962
111 0.0001717891054472764
112 0.00015226761619190407
113 0.00016788480759620197
114 0.00012884182908545725
115 8.979885057471262e-05
116 0.00012884182908545725
117 0.00010541604197901046
118 0.00011712893553223384
119 0.00010541604197901046
120 0.00015226761619190404
121 0.00012493753123438278
122 0.00010541604197901046
123 0.00011712893553223384
124 0.00015617191404297852
125 0.0001210332333833083
126 0.00014055472263868068
127 0.0001210332333833083
128 0.0001444590204897551
129 0.00022644927536231895
130 0.00017569340329835086
131 0.00017569340329835086
132 0.0001952148925537232
133 0.0002498750624687658
134 0.0002381621689155424
135 0.00025377936031984014
136 0.0003045352323838084
137 0.00040214267866067006
138 0.00044899425287356375
139 0.00048803723138430823
140 0.0005309845077461273
141 0.0005387931034482763
142 0.0006637306346826586
143 0.0008159982508745624
144 0.0007652423788105947
145 0.001073681909045477
146 0.0011751936531734133
147 0.0013665042478760614
148 0.0016554222888555724
149 0.0017608383308345833
150 0.0020848950524737626
151 0.00226449275362319
152 0.0025338893053473257
153 0.0031702898550724644
154 0.0035958583208395806
155 0.003896489255372316
156 0.004732008995502251
157 0.005302036481759117
158 0.00573931784107946
159 0.006371814092953527
160 0.0070082146426786686
161 0.008152173913043485
162 0.009139961269365324
163 0.010045758370814593
164 0.011361506746626688
165 0.011810500999500262
166 0.01302083333333335
167 0.01437952898550727
168 0.015222857321339356
169 0.016632308845577225
170 0.01742097701149426
171 0.01864692653673163
172 0.019783077211394304
173 0.02077086456771615
174 0.021325274862568713
175 0.02262150174912544
176 0.022387243878060976
177 0.0230392616191904
178 0.023894302848575723
179 0.023617097701149427
180 0.022863568215892065
181 0.023886494252873567
182 0.023238380809595213
183 0.02312906046976512
184 0.02247313843078461
185 0.021758651924037982
186 0.020884089205397305
187 0.019626905297351314
188 0.018564936281859068
189 0.017885588455772122
190 0.016909513993003507
191 0.01571089455272366
192 0.014266304347826109
193 0.013219952523738145
194 0.01200962018990506
195 0.01138102823588207
196 0.009663137181409293
197 0.009077492503748126
198 0.008370814592703649
199 0.0072893240879560285
200 0.006274206646676663
201 0.005680753373313344
202 0.0050716829085457275
203 0.004595358570714643
204 0.0038379247876061968
205 0.0034709207896051982
206 0.0030453523238380804
207 0.0027798600699650163
208 0.0023113443278360824
209 0.0020224262868565714
210 0.001717891054472764
211 0.0014328773113443274
212 0.0013586956521739134
213 0.001179097951024487
214 0.0009955959520239876
215 0.0008394240379810097
216 0.0007301036981509242
217 0.0006793478260869568
218 0.0005505059970014997
219 0.000566123188405797
220 0.00044508995502248933
221 0.00041775987006496807
222 0.0003943340829585212
223 0.0003240567216391807
224 0.0002537793603198403
225 0.00026549225387306367
226 0.0002576836581709148
227 0.0002303535732133934
228 0.00019521489255372324
229 0.00020302348825587219
230 0.0002069277861069466
231 0.00018740629685157437
232 0.0001991191904047977
233 0.0001717891054472764
234 0.00015617191404297852
235 0.00015226761619190404
236 0.0001522676161919041
237 0.00011322463768115938
238 0.00011712893553223384
239 0.0001210332333833083
240 0.00016788480759620197
241 0.00012884182908545725
242 0.0001639805097451275
243 0.00010932033983008492
244 0.0001639805097451275
245 0.00015226761619190404
246 0.0001756934032983509
247 0.00021473638180909556
248 0.00014055472263868065
249 0.0001991191904047977
250 0.00019521489255372332
251 0.0002303535732133934
252 0.00021473638180909553
253 0.0001991191904047977
254 0.0002772051474262871
255 0.0002772051474262871
256 0.0002967266366816596
257 0.00026549225387306367
258 0.0003279610194902552
259 0.00039042978510744664
260 0.00041775987006496796
261 0.0003826211894052978
262 0.00047632433783108513
263 0.0005856446776611698
264 0.0005466016991504253
265 0.0007144865067466266
266 0.0007652423788105948
267 0.0008277111444277859
268 0.0007730509745127437
269 0.0008433283358320836
270 0.0010775862068965515
271 0.0010775862068965515
272 0.0012376624187906047
273 0.0013391741629185405
274 0.0015187718640679655
275 0.0015734320339830092
276 0.0017217953523238386
277 0.0019131059470264868
278 0.001745221139430285
279 0.0021668853073463254
280 0.0022683970514742625
281 0.00238943028485757
282 0.002494846326836581
283 0.002651018240879559
284 0.002623688155922037
285 0.0029789792603698143
286 0.002850137431284358
287 0.0029867878560719636
288 0.0031468640679660183
289 0.0030687781109445256
290 0.0031585769615192394
291 0.003244471514242877
292 0.0033069402798600695
293 0.003053160919540229
294 0.0032366629185407282
295 0.003182002748625687
296 0.003068778110944525
297 0.0030922038980509743
298 0.0029204147926036967
299 0.0026393053473263363
300 0.0026354010494752623
301 0.002479229135432281
302 0.002436281859070465
303 0.002280109945027486
304 0.0021746939030484747
305 0.001971670414792605
306 0.001780359820089955
307 0.0016905609695152426
308 0.0014367816091954016
309 0.0013899300349825088
310 0.0012064280359820087
311 0.0010658733133433276
312 0.001077586206896552
313 0.0007847638680659667
314 0.0008316154422788604
315 0.0007183908045977011
316 0.0006168790604697652
317 0.0004919415292353829
318 0.0003943340829585212
319 0.0003279610194902552
320 0.0002615879560219892
321 0.0002498750624687657
322 0.0002576836581709147
323 0.00016007621189405305
324 0.00016398050974512752
325 9.760744627686154e-05
326 0.00011712893553223384
327 5.466016991504247e-05
328 6.637306346826585e-05
329 3.1234382808595694e-05
330 3.513868065967016e-05
331 4.294727636181908e-05
332 1.952148925537231e-05
333 3.1234382808595694e-05
334 3.1234382808595694e-05
335 1.561719140429785e-05
336 3.1234382808595694e-05
337 1.561719140429785e-05
338 7.808595702148925e-06
339 1.561719140429785e-05
340 7.808595702148925e-06
341 7.808595702148925e-06
342 0.0
343 0.0
344 3.904297851074463e-06
345 3.904297851074463e-06
346 7.808595702148925e-06
347 3.904297851074463e-06
348 3.904297851074463e-06
349 0.0
350 0.0
351 0.0
352 0.0
353 0.0
354 0.0
355 0.0
356 0.0
357 0.0
358 0.0
