0 0.0
1 0.0
2 0.0
3 0.0
4 7.808595702148925e-06
5 0.0
6 3.904297851074463e-06
7 3.904297851074463e-06
8 0.0
9 0.0
10 0.0
11 0.0
12 3.904297851074463e-06
13 3.904297851074463e-06
14 1.1712893553223388e-05
15 0.0
16 7.808595702148925e-06
17 7.808595702148925e-06
18 3.904297851074463e-06
19 0.0
20 3.904297851074463e-06
21 3.904297851074463e-06
22 1.1712893553223388e-05
23 7.808595702148925e-06
24 1.952148925537231e-05
25 1.952148925537231e-05
26 1.1712893553223388e-05
27 3.904297851074462e-05
28 2.7330084957521233e-05
29 5.856446776611692e-05
30 4.294727636181908e-05
31 6.246876561719139e-05
32 7.808595702148923e-05
33 0.00013274612693653173
34 0.00016788480759620197
35 0.00014836331834082962
36 0.00019521489255372324
37 0.00030453523238380847
38 0.00028891804097951046
39 0.00032015242378810626
40 0.00040995127436281906
41 0.0004802286356821595
42 0.000632496251874063
43 0.0006246876561719136
44 0.0007964767616191905
45 0.000874562718640679
46 0.0011010119940029987
47 0.0012962268865567225
48 0.0012337581209395303
49 0.0014211644177911055
50 0.0016476136931534236
51 0.001780359820089955
52 0.0021668853073463267
53 0.002178598200899549
54 0.002326961519240379
55 0.0025377936031983975
56 0.0027447213893053452
57 0.002893084707646175
58 0.0028696589205397275
59 0.0032718015992004
60 0.003166385557221388
61 0.003396739130434782
62 0.003490442278860569
63 0.0035255809595202384
64 0.003619284107946029
65 0.003978479510244879
66 0.003681752873563221
67 0.003572432533733133
68 0.003506059470264868
69 0.00360366691654173
70 0.003642709895052476
71 0.003416260619690155
72 0.0033772176411794113
73 0.0034513993003498266
74 0.0033225574712643694
75 0.0031273425787106445
76 0.0030297351324337835
77 0.0027486256871564222
78 0.002795477261369314
79 0.0024675162418790588
80 0.0024167603698150904
81 0.0022215454772613686
82 0.002034139180409795
83 0.0019404360319840084
84 0.0016905609695152435
85 0.0016788480759620196
86 0.001483633183408296
87 0.0013704085457271367
88 0.0010971076961519245
89 0.0010580647176411798
90 0.001065873313343328
91 0.0009877873563218392
92 0.0009136056971514241
93 0.0008042853573213389
94 0.0007066779110444782
95 0.0005856446776611699
96 0.0005934532733633184
97 0.0005114630184907553
98 0.0004372813593203402
99 0.0004958458270864571
100 0.0004372813593203404
101 0.000300630934532734
102 0.00027720514742628715
103 0.0002537793603198402
104 0.0002615879560219892
105 0.00020302348825587216
106 0.00023425787106446795
107 0.0002733008495752126
108 0.000226449275362319
109 0.00017178910544727647
110 0.0001639805097451275
111 0.00016788480759620197
112 0.00015617191404297857
113 0.00013274612693653173
114 0.0001366504247876062
115 0.00013274612693653173
116 0.00010541604197901046
117 0.00011322463768115938
118 0.00014055472263868065
119 0.00013274612693653173
120 0.0001210332333833083
121 9.370314842578708e-05
122 0.00015617191404297852
123 0.0001639805097451275
124 0.00014055472263868065
125 0.00014055472263868068
126 0.00019911919040479766
127 0.00013665042478760617
128 0.00015617191404297855
129 0.00019131059470264874
130 0.00017569340329835092
131 0.00018740629685157432
132 0.00026158795602198925
133 0.00024597076461769135
134 0.00024206646676661688
135 0.0002615879560219892
136 0.000285013743128436
137 0.0003318653173413297
138 0.0003748125937031489
139 0.0004099512743628188
140 0.0005231759120439785
141 0.0005778360819590207
142 0.0006715392303848078
143 0.0007691466766616689
144 0.0009604572713643177
145 0.001081490504747626
146 0.001276705397301349
147 0.0012688968015992003
148 0.0015421976511744134
149 0.0016905609695152435
150 0.0020380434782608704
151 0.0022527798600699644
152 0.002635401049475262
153 0.0030102136431784093
154 0.0033576961519240374
155 0.003650518490754625
156 0.004392335082458769
157 0.0045875499750124915
158 0.005602667416291855
159 0.006137556221889062
160 0.007269802598700659
161 0.007808595702148934
162 0.008667541229385305
163 0.009385932033983007
164 0.010529891304347824
165 0.01124047351324339
166 0.012712393803098463
167 0.013422976011994017
168 0.015000312343828107
169 0.015933439530234905
170 0.01635900799600202
171 0.018088611944027996
172 0.018857758620689665
173 0.019931440529735125
174 0.020435094952523738
175 0.021180815842078968
176 0.021668853073463258
177 0.022414573963018485
178 0.02244971264367815
179 0.02263321464267865
180 0.023269615192403795
181 0.023160294852573718
182 0.022851855322338823
183 0.02187578085957023
184 0.02143069090454773
185 0.020333583208395813
186 0.019935344827586205
187 0.018873375812093956
188 0.017850449775112458
189 0.016655734632683668
190 0.015449306596701675
191 0.015015929535232408
192 0.013860257371314364
193 0.012712393803098465
194 0.011568434532733643
195 0.010600168665667173
196 0.009428879310344827
197 0.008569933783108455
198 0.0076133808095952115
199 0.0070316404297851125
200 0.0062156421789105465
201 0.005481634182908543
202 0.005153673163418291
203 0.004318153423288357
204 0.0039121064467766125
205 0.003459207896051975
206 0.0029985007496251856
207 0.002572932283858071
208 0.0022996314342828583
209 0.001983383308345828
210 0.001713986756621689
211 0.001550006246876562
212 0.0013547913543228377
213 0.0013001311844077965
214 0.0009448400799600202
215 0.0009721701649175411
216 0.0007691466766616694
217 0.0007261994002998494
218 0.000597357571214393
219 0.0005466016991504248
220 0.0004646114442778617
221 0.0004333770614692659
222 0.00039433408295852117
223 0.00029282233883058494
224 0.00024597076461769135
225 0.0002303535732133934
226 0.00022254497751124459
227 0.00022644927536231895
228 0.0002537793603198403
229 0.00020692778610694666
230 0.0001874062968515743
231 0.00015617191404297857
232 0.0001874062968515743
233 0.00012884182908545725
234 0.0001210332333833083
235 0.00015226761619190407
236 9.760744627686154e-05
237 0.0001366504247876062
238 0.00010932033983008492
239 0.00014055472263868065
240 0.000160076211894053
241 0.0001639805097451275
242 0.00010932033983008492
243 0.00010932033983008492
244 0.000101511744127936
245 0.0001366504247876062
246 0.000167884807596202
247 0.00016788480759620194
248 0.0001210332333833083
249 0.0001717891054472764
250 0.00019521489255372326
251 0.00015617191404297857
252 0.000226449275362319
253 0.00020302348825587216
254 0.00024206646676661693
255 0.0002811094452773616
256 0.0003279610194902551
257 0.00032796101949025526
258 0.0003591954022988509
259 0.00037481259370314885
260 0.00040604697651174453
261 0.0004528985507246384
262 0.0004880372313843084
263 0.0006285919540229888
264 0.0006637306346826584
265 0.0007261994002998495
266 0.0008199025487256372
267 0.0008589455272363817
268 0.0009175099950024986
269 0.0010658733133433282
270 0.0012376624187906045
271 0.0013430784607696147
272 0.001413355822088955
273 0.0016515179910044978
274 0.0015187718640679655
275 0.001850637181409296
276 0.0017647426286856575
277 0.001971670414792603
278 0.002268397051474262
279 0.0022605884557721128
280 0.0024518990504747602
281 0.0027486256871564205
282 0.002748625687156421
283 0.002756434282858571
284 0.0030609695152423798
285 0.0033108445777111427
286 0.003283514492753622
287 0.003486537981009496
288 0.0037715517241379303
289 0.0036856571714142953
290 0.003556815342328837
291 0.0035021551724137945
292 0.0037325087456271874
293 0.0036427098950524736
294 0.0035451024487756105
295 0.0038886806596701647
296 0.003416260619690154
297 0.003463112193903049
298 0.0033967391304347834
299 0.0031663855572213895
300 0.0029047976011994
301 0.0032093328335832077
302 0.0027564342828585685
303 0.002690061219390303
304 0.0024792291354322825
305 0.002276205647176411
306 0.002104416541729135
307 0.002205928285857071
308 0.001780359820089955
309 0.0016359007996002
310 0.0015070589705147425
311 0.001374312843578211
312 0.0010853948025987005
313 0.0010385432283858066
314 0.0008823713143428282
315 0.00072619940029985
316 0.0006637306346826587
317 0.000648113443278361
318 0.000511463018490755
319 0.000417759870064968
320 0.00039823838080959564
321 0.0003201524237881062
322 0.00022644927536231895
323 0.00021864067966017006
324 0.0001795977011494254
325 0.00011712893553223384
326 9.760744627686154e-05
327 8.979885057471262e-05
328 7.808595702148923e-05
329 7.027736131934031e-05
330 7.027736131934031e-05
331 5.856446776611692e-05
332 3.9042978510744616e-05
333 2.7330084957521233e-05
334 2.3425787106446776e-05
335 1.952148925537231e-05
336 2.3425787106446772e-05
337 7.808595702148925e-06
338 0.0
339 7.808595702148925e-06
340 3.904297851074463e-06
341 1.1712893553223388e-05
342 7.808595702148925e-06
343 0.0
344 3.904297851074463e-06
345 0.0
346 7.808595702148925e-06
347 0.0
348 0.0
349 0.0
350 0.0
351 0.0
352 0.0
353 3.904297851074463e-06
354 0.0
355 3.904297851074463e-06
356 0.0
357 0.0
358 0.0
