0 3.904297851074463e-06
1 0.0
2 3.904297851074463e-06
3 0.0
4 3.904297851074463e-06
5 0.0
6 0.0
7 7.808595702148925e-06
8 7.808595702148925e-06
9 0.0
10 7.808595702148925e-06
11 7.808595702148925e-06
12 0.0
13 0.0
14 3.904297851074463e-06
15 3.904297851074463e-06
16 1.561719140429785e-05
17 3.904297851074463e-06
18 2.3425787106446772e-05
19 1.952148925537231e-05
20 1.1712893553223388e-05
21 2.3425787106446772e-05
22 1.561719140429785e-05
23 1.561719140429785e-05
24 5.856446776611692e-05
25 3.513868065967016e-05
26 7.027736131934031e-05
27 7.418165917041477e-05
28 3.5138680659670155e-05
29 6.637306346826585e-05
30 9.760744627686154e-05
31 0.00015226761619190407
32 0.00012493753123438278
33 0.0001795977011494254
34 0.00022644927536231906
35 0.00024597076461769124
36 0.00029672663668165936
37 0.0004060469765117447
38 0.0004489942528735637
39 0.0005426974012993507
40 0.0006051661669165419
41 0.0007925724637681164
42 0.0008667541229385303
43 0.0010775862068965515
44 0.001132246376811595
45 0.001300131184407796
46 0.0014016429285357325
47 0.001706178160919541
48 0.0018154985007496252
49 0.002010713393303349
50 0.0021473638180909533
51 0.002565123688155922
52 0.0026900612193903038
53 0.0029750749625187404
54 0.0030180222388805577
55 0.003365504747626187
56 0.0036427098950524736
57 0.0039940967016491745
58 0.004185407296351823
59 0.004501655422288855
60 0.004216641679160416
61 0.004255684657671161
62 0.004755434782608696
63 0.004876468015992001
64 0.004716391804097949
65 0.0046968703148425744
66 0.0050951086956521705
67 0.004876468015992
68 0.004993596951524235
69 0.0049935969515242365
70 0.0045406984007996
71 0.004747626186906545
72 0.004474325337331333
73 0.004493846826586706
74 0.00413855572213893
75 0.0039003935532233905
76 0.003740317341329336
77 0.0037090829585207396
78 0.003564623938030986
79 0.0033889305347326324
80 0.003041448025987007
81 0.002893084707646178
82 0.002670539730134932
83 0.0025104635182408787
84 0.0022449712643678142
85 0.0019521489255372316
86 0.00178426411794103
87 0.0016671351824087955
88 0.0014602073963018488
89 0.0013352698650674663
90 0.0013001311844077965
91 0.0011127248875562224
92 0.0010229260369815085
93 0.000851136931534233
94 0.0008472326336831584
95 0.0007730509745127437
96 0.0006364005497251376
97 0.0005387931034482762
98 0.0005426974012993506
99 0.0003787168915542234
100 0.00035919540229885095
101 0.0003787168915542234
102 0.00034357821089455305
103 0.000351386806596702
104 0.00026939655172413814
105 0.00023816216891554243
106 0.00024987506246876577
107 0.00022254497751124445
108 0.0001991191904047977
109 0.00016788480759620194
110 0.00017178910544727642
111 0.00012884182908545725
112 0.00016398050974512744
113 0.00019131059470264874
114 0.0001366504247876062
115 0.0001210332333833083
116 0.00013665042478760617
117 0.00014836331834082954
118 8.979885057471262e-05
119 0.00010541604197901046
120 0.00010541604197901046
121 0.00012884182908545725
122 7.808595702148923e-05
123 9.760744627686154e-05
124 0.00010932033983008492
125 0.00013274612693653173
126 0.00016398050974512747
127 0.00012493753123438278
128 0.00014055472263868065
129 0.0001795977011494254
130 0.00015226761619190404
131 0.00018740629685157437
132 0.00023425787106446793
133 0.00023035357321339345
134 0.00021083208395802105
135 0.0002811094452773616
136 0.00032015242378810626
137 0.00032405672163918073
138 0.0004255684657671169
139 0.000417759870064968
140 0.00044118565717141475
141 0.0005739317841079463
142 0.0006051661669165424
143 0.0006676349325337331
144 0.0009057971014492753
145 0.0009643615692153928
146 0.0010346389305347322
147 0.0011908108445777108
148 0.001444590204897551
149 0.0015304847576211895
150 0.0018701586706646681
151 0.0019638618190904547
152 0.00243237756121939
153 0.0026236881559220386
154 0.0030648738130934538
155 0.0033576961519240396
156 0.004052661169415291
157 0.004689061719140424
158 0.004825712143928034
159 0.005622188905547224
160 0.006168790604697651
161 0.007055066216891561
162 0.007640710894552729
163 0.00793743753123439
164 0.009257090204897553
165 0.010162887306346825
166 0.010717297601199403
167 0.01179878810594703
168 0.012915417291354335
169 0.01342297601199402
170 0.014828523238380836
171 0.015488349575212416
172 0.016105228635682176
173 0.01713596326836583
174 0.018002717391304355
175 0.018592266366816598
176 0.01860788355822089
177 0.019650331084457774
178 0.019482446276861572
179 0.01916619815092453
180 0.019939249125437278
181 0.01968156546726637
182 0.019013930534732635
183 0.018967078960519742
184 0.01830334832583709
185 0.017674756371814104
186 0.01733508245877062
187 0.016163793103448294
188 0.015543009745127456
189 0.014652829835082483
190 0.013380028735632205
191 0.012646020739630198
192 0.012458614442778626
193 0.011318559470264875
194 0.009967672413793097
195 0.009264898800599698
196 0.008327867316341834
197 0.007129247876061976
198 0.006617784857571217
199 0.006063374562718643
200 0.0055675287356321814
201 0.005040448525737133
202 0.004411856571714139
203 0.0038027861069465257
204 0.0034084520239880075
205 0.0029477448775612207
206 0.0027212956021988987
207 0.0022293540729635183
208 0.002041947776111945
209 0.0018857758620689658
210 0.001475824587706147
211 0.0012298538230884554
212 0.0011830022488755617
213 0.0010307346326836582
214 0.0009604572713643177
215 0.0006871564217891056
216 0.0006793478260869564
217 0.0006442091454272861
218 0.000542697401299351
219 0.000484132933533234
220 0.00042556846576711685
221 0.00041775987006496807
222 0.000292822338830585
223 0.00038262118940529774
224 0.0002615879560219892
225 0.0002576836581709147
226 0.00024206646676661693
227 0.00023816216891554238
228 0.00022254497751124445
229 0.0001913105947026487
230 0.00018350199900049984
231 0.0001210332333833083
232 0.00017959770114942537
233 0.00014445902048975515
234 0.000101511744127936
235 9.370314842578708e-05
236 0.00016398050974512747
237 8.589455272363815e-05
238 0.0001210332333833083
239 0.00011712893553223384
240 0.0001210332333833083
241 0.00014445902048975515
242 0.0001366504247876062
243 0.00017178910544727636
244 0.00012884182908545725
245 0.00018350199900049981
246 0.00018350199900049987
247 0.00015226761619190407
248 0.0002030234882558722
249 0.00021864067966017
250 0.00023035357321339345
251 0.00021473638180909564
252 0.00022644927536231895
253 0.0002576836581709147
254 0.0002811094452773617
255 0.00036700399800099984
256 0.00037481259370314885
257 0.00041775987006496796
258 0.00044118565717141486
259 0.000433377061469266
260 0.0005114630184907551
261 0.0005895489755122442
262 0.0006051661669165421
263 0.0006520177411294355
264 0.0007652423788105948
265 0.0008238068465767116
266 0.00097997876061969
267 0.0011790979510244877
268 0.0011205334832583705
269 0.0014641116941529237
270 0.0014328773113443287
271 0.001659326586706647
272 0.0017920727136431786
273 0.001987287606196902
274 0.0021473638180909546
275 0.0024909420289855053
276 0.002639305347326336
277 0.0026041666666666657
278 0.0031663855572213895
279 0.0030336394302848575
280 0.003552911044477762
281 0.0037832646176911553
282 0.003834020489755122
283 0.003951149425287356
284 0.004329866316841581
285 0.004708583208395799
286 0.004946745377311346
287 0.004872563718140929
288 0.004938936781609194
289 0.0053059407796101936
290 0.005618284607696151
291 0.0052161419290354775
292 0.005602667416291852
293 0.005052161419290351
294 0.005169290354822586
295 0.005087300099950021
296 0.00493503248375812
297 0.005087300099950021
298 0.004927223888055967
299 0.00492722388805597
300 0.0045406984007996
301 0.004564124187906047
302 0.004220545977011493
303 0.0037949775112443773
304 0.003658327086456773
305 0.0035724325337331336
306 0.003217141429285357
307 0.0030024050474762613
308 0.0027330084957521233
309 0.002518272113943028
310 0.0022918228385807094
311 0.0019950962018990505
312 0.0017335082458770604
313 0.0013274612693653174
314 0.001421164417791104
315 0.001186906546726637
316 0.0010424475262368817
317 0.0009565529735132436
318 0.0008120939530234881
319 0.0006754435282358821
320 0.0005544102948525741
321 0.0005348888055972018
322 0.000468515742128936
323 0.00034748250874562747
324 0.0003162481259370317
325 0.0002459707646176913
326 0.00019911919040479768
327 0.00020692778610694666
328 0.00014445902048975512
329 0.000101511744127936
330 7.418165917041477e-05
331 8.19902548725637e-05
332 5.856446776611693e-05
333 7.808595702148923e-05
334 5.466016991504246e-05
335 2.7330084957521233e-05
336 2.7330084957521233e-05
337 2.3425787106446772e-05
338 4.685157421289354e-05
339 1.1712893553223388e-05
340 1.1712893553223388e-05
341 1.561719140429785e-05
342 0.0
343 1.1712893553223388e-05
344 3.904297851074463e-06
345 0.0
346 1.561719140429785e-05
347 7.808595702148925e-06
348 0.0
349 0.0
350 3.904297851074463e-06
351 3.904297851074463e-06
352 0.0
353 3.904297851074463e-06
354 3.904297851074463e-06
355 1.561719140429785e-05
356 0.0
357 0.0
358 0.0
