0 6.24804902412339e-05
1 0.00010936334575889319
2 9.763284767387211e-05
3 6.638478809230835e-05
4 3.124610743263821e-05
5 7.031253519146786e-05
6 6.639651271635088e-05
7 9.370900487256369e-05
8 9.373051370221247e-05
9 0.00010153714552494659
10 0.00010936920220566981
11 0.00012889264360996765
12 0.00013667192188676568
13 8.592777444684017e-05
14 0.00013278913286533998
15 0.00014840631253914855
16 0.00014838871973784013
17 0.00014839654006403157
18 0.00018354695707823354
19 0.000281187613347808
20 0.00028506845022030817
21 0.0002772774707804463
22 0.00034366030672382914
23 0.0004217696895324248
24 0.0004920568233268822
25 0.000546720909270265
26 0.000570242504170424
27 0.0006053068858660308
28 0.0006521662804051153
29 0.0007146487110647855
30 0.000722427977611094
31 0.0008357190821996359
32 0.0009138187277245828
33 0.0010739164132568169
34 0.00104656287905121
35 0.001218408667200263
36 0.0013863364689947833
37 0.0014995141847187947
38 0.001562000519676316
39 0.0017338482599742943
40 0.0015697269843577212
41 0.0018743736417266448
42 0.001889981060655826
43 0.0021203365625571662
44 0.0021789108027983994
45 0.0022804518056992406
46 0.0022452017469764105
47 0.002467799444239134
48 0.002303826836933622
49 0.002553699865140038
50 0.0026083600350550818
51 0.0026396276395868772
52 0.0025575592166438674
53 0.0026122603934168364
54 0.002741033826906965
55 0.00250682873424642
56 0.002600492757580272
57 0.0026864185798781874
58 0.0023739751570055596
59 0.002471674412934368
60 0.00239743022634589
61 0.002264686063288773
62 0.0022412446589909225
63 0.002034348118997274
64 0.0019991313289196033
65 0.0017063128709258917
66 0.0017219066365430826
67 0.0017297386580323384
68 0.0016672874500249877
69 0.0013392952196129026
70 0.0012650744940029982
71 0.0012494807401162958
72 0.0012299690116055512
73 0.001026904516491754
74 0.001140131106321839
75 0.0008004435282358822
76 0.0009058790917041478
77 0.0007379689061719139
78 0.000710623215753478
79 0.0006793927255122437
80 0.0005700723856821592
81 0.0004685528329585212
82 0.00045294149800099987
83 0.00041388095014992536
84 0.00032407429097951055
85 0.000339697338830585
86 0.0002577012275112445
87 0.00019912504685157427
88 0.00024598052536231894
89 0.0002459863818090956
90 0.0001952266054472764
91 0.00022647074900049985
92 0.0001991367597451275
93 0.00018351761619190415
94 0.00020303324900049983
95 0.00016790042478760626
96 0.00017571098436916998
97 0.00015227737693653177
98 0.00015227543651809552
99 0.00013275588768115943
100 0.00013275198338330837
101 0.0001952187968515743
102 0.0001444668290854573
103 0.00014837112693653174
104 0.0001600820683408296
105 0.00013275393553223387
106 0.0001444648769365317
107 9.370510057471262e-05
108 0.00011322658983008494
109 9.370510057471262e-05
110 0.00012104104197901047
111 0.00014055862693653173
112 7.02812656171914e-05
113 9.761330272363816e-05
114 0.00016790042478760626
115 0.00011322854197901048
116 9.761330272363815e-05
117 0.0001288496376811594
118 0.00010932229197901046
119 0.00014056253123438282
120 0.00013274807908545726
121 0.00017569730759620195
122 0.0001483789355322339
123 0.00010151369627686154
124 0.00012885354197901048
125 0.0001600820683408296
126 0.00014446487693653174
127 0.00017960550974512748
128 0.00018350785544727643
129 0.00018350785544727643
130 0.00019521879685157432
131 0.000249896547837436
132 0.0002694082646176912
133 0.000367046957007851
134 0.00034750594626322323
135 0.0002694063124687658
136 0.0004607286200649677
137 0.0004372969765117445
138 0.000527099731384308
139 0.0006442423319590206
140 0.0006598790683135521
141 0.000624726699150425
142 0.0008472619159170415
143 0.0009604963143428287
144 0.0010190568778110948
145 0.0011869338768115943
146 0.0013157893709395297
147 0.001550084344564074
148 0.0018663285544727641
149 0.001983478975373668
150 0.0023934302380059958
151 0.0025418052927013574
152 0.0029088131832697185
153 0.003338301564079315
154 0.00369362198595244
155 0.0043456358110535356
156 0.004939133972111652
157 0.005251493417389013
158 0.006227563987590265
159 0.006434532768824649
160 0.007270111096883327
161 0.008086165971807223
162 0.008589820406326316
163 0.009979855880811786
164 0.01112381127033973
165 0.011342508515396777
166 0.012185846647164959
167 0.013353268772004835
168 0.014571374539398427
169 0.014497296391043019
170 0.015547636502307805
171 0.01648857228441675
172 0.01665652544068633
173 0.017909738607434826
174 0.017898055031306957
175 0.018936609984316795
176 0.018522830616293944
177 0.018526641140613653
178 0.018241725028392473
179 0.0183081098047543
180 0.01781218592690229
181 0.017351470913227352
182 0.016617443407466584
183 0.016226886685757013
184 0.015309484070675906
185 0.014626138255319948
186 0.013411846998657337
187 0.01269734088830804
188 0.011674332825880183
189 0.011576791823049727
190 0.010354590376827422
191 0.009499502284137411
192 0.00867182044540448
193 0.007847968687671998
194 0.006797708673165609
195 0.006153423382199734
196 0.005376427056056028
197 0.00511091722111215
198 0.00437684479246512
199 0.0038575907593430343
200 0.003385155090441132
201 0.002940051493837144
202 0.0024090474411407837
203 0.0019873754528985507
204 0.0019288149363522415
205 0.0016047288972877104
206 0.0014290257215142422
207 0.001085449486229594
208 0.0009136662372290946
209 0.0007652736483848711
210 0.0006520431307959564
211 0.0006012735819590206
212 0.0005036719921289358
213 0.0003787286044477765
214 0.0002811133495752127
215 0.0002615938124687658
216 0.0002459766210644679
217 0.00024988482321339347
218 0.00019522270114942535
219 0.00020303324900049986
220 0.00015227737693653177
221 0.00014055667478760618
222 0.00014446097263868068
223 0.0001483672226386807
224 7.809376561719139e-05
225 0.00010542385057471263
226 9.370510057471262e-05
227 9.370705272363816e-05
228 7.027931346826585e-05
229 5.466212206396801e-05
230 6.247071776611693e-05
231 8.979885057471262e-05
232 9.370314842578709e-05
233 7.808986131934032e-05
234 7.027736131934032e-05
235 7.808986131934032e-05
236 8.199415917041479e-05
237 5.076954883693605e-05
238 0.00010541799412793602
239 0.000109324244127936
240 0.00010151564842578708
241 0.00012494338768115942
242 0.00012885355370949978
243 0.00011713283983008494
244 0.0001132246376811594
245 0.00016790238866702117
246 0.00018740824900049982
247 0.00021084184470264873
248 0.00017960941404297857
249 0.00022646294040479774
250 0.00028111530172413805
251 0.00029674030172413806
252 0.00024207232321339333
253 0.00037482821089455286
254 0.0003240664823838082
255 0.00042557432221389333
256 0.000460738404270574
257 0.0004646212050224891
258 0.0005427149706396804
259 0.0005622520770864567
260 0.0006755138759801372
261 0.0008004161981509241
262 0.0008238537216119031
263 0.0009527092157398391
264 0.0009292580272363819
265 0.0010698342352437322
266 0.0012338069246626688
267 0.0014173519413224662
268 0.0014876019139044025
269 0.0015227699119894234
270 0.0014993441131524866
271 0.0018819887635363583
272 0.0021279516960973693
273 0.0024716060877219745
274 0.0025301705202966235
275 0.0026590358103606554
276 0.0028074010808504107
277 0.0033149891071849514
278 0.0037327098521579834
279 0.003904620119874024
280 0.003974893506512578
281 0.0042013369136976305
282 0.00466205771343641
283 0.005087684755401777
284 0.005294680925373565
285 0.0059272084468219065
286 0.005864725980970767
287 0.006380145981872608
288 0.0068331676118234645
289 0.006805720351008458
290 0.0074617399974352405
291 0.007668650167279899
292 0.0075203806811228804
293 0.008332529294316285
294 0.007899103405662898
295 0.008352043010167419
296 0.008445740243493984
297 0.008637062562820676
298 0.008273882730720888
299 0.008640976551033441
300 0.008359945309017994
301 0.00840672264291927
302 0.007528187277754146
303 0.007793820168463271
304 0.007504708735704754
305 0.007321259538569153
306 0.0071846051391007614
307 0.006349042475155444
308 0.006251438980098394
309 0.006040524823772073
310 0.005283077422543106
311 0.005142528485968265
312 0.004791057748698257
313 0.0042873642477396735
314 0.003857860226277694
315 0.0035064129147947902
316 0.0033151687635385478
317 0.0028114381365589108
318 0.002795844429594167
319 0.002405344296742464
320 0.0021476450683021024
321 0.0017923168730247417
322 0.0016986645039319976
323 0.0014682093603220299
324 0.001479926158173104
325 0.001241720983328754
326 0.0011714690468674024
327 0.0009059670557106899
328 0.0007887873173844351
329 0.0008044220898595519
330 0.0006794630849869881
331 0.0005622911435259461
332 0.0005935666035754029
333 0.00046078332715684007
334 0.00038271691508558463
335 0.0003592461933623827
336 0.0002772657109649358
337 0.00031242393657484
338 0.0002772852676456591
339 0.00022649616212799966
340 0.00017963873146832954
341 0.00016010943361725503
342 0.0001639980790854573
343 0.00012885158983008495
344 0.00012107231155328694
345 0.00012888482328377623
346 0.00010934768164553174
347 0.00011714846875197853
348 0.00012105667090090406
349 0.00011715628907816997
350 8.591409767387211e-05
351 6.2474622063968e-05
352 7.420315626957426e-05
353 5.857228809230836e-05
354 6.249026271635088e-05
355 7.421488089361678e-05
356 5.859182131205303e-05
357 4.686329883693606e-05
358 3.904883495752124e-05
