0 3.904297851074463e-06
1 0.0
2 0.0
3 0.0
4 0.0
5 3.904297851074463e-06
6 0.0
7 0.0
8 0.0
9 0.0
10 0.0
11 3.904297851074463e-06
12 0.0
13 7.808595702148925e-06
14 3.904297851074463e-06
15 0.0
16 0.0
17 3.904297851074463e-06
18 7.808595702148925e-06
19 7.808595702148925e-06
20 7.808595702148925e-06
21 3.904297851074463e-06
22 1.1712893553223388e-05
23 1.952148925537231e-05
24 1.952148925537231e-05
25 2.3425787106446772e-05
26 1.561719140429785e-05
27 1.1712893553223388e-05
28 3.5138680659670155e-05
29 5.0755872063968e-05
30 6.637306346826585e-05
31 5.0755872063968006e-05
32 8.19902548725637e-05
33 7.808595702148923e-05
34 7.808595702148923e-05
35 9.760744627686154e-05
36 0.0001756934032983509
37 0.0002069277861069466
38 0.0002498750624687658
39 0.00030063093453273394
40 0.00028891804097951057
41 0.00038262118940529763
42 0.0004177598700649679
43 0.000468515742128936
44 0.0006598263368315844
45 0.0007105822088955525
46 0.0007925724637681158
47 0.0008628498250874559
48 0.0009370314842578714
49 0.0010971076961519236
50 0.0011830022488755621
51 0.0013860257371314344
52 0.0013743128435782113
53 0.001589049225387306
54 0.0018076899050474761
55 0.001827211394302849
56 0.0018857758620689656
57 0.0021473638180909533
58 0.0020692778610694653
59 0.0022644927536231876
60 0.0024440904547726123
61 0.0025807408795602187
62 0.002623688155922038
63 0.002619783858070963
64 0.002963362068965517
65 0.002986787856071963
66 0.003041448025987007
67 0.0030258308345827087
68 0.002955553473263369
69 0.0028149987506246874
70 0.0030024050474762596
71 0.002596358070964515
72 0.002733008495752122
73 0.0028852761119440265
74 0.0026978698150924517
75 0.002608070964517739
76 0.0023542916041979006
77 0.002123938030984508
78 0.0022996314342828583
79 0.0020770864567716133
80 0.001948244627686157
81 0.0017530297351324327
82 0.0018623500749625202
83 0.0015343890554722637
84 0.0014758245877061467
85 0.0014094515242378811
86 0.0012688968015992005
87 0.001202523738130935
88 0.0010541604197901048
89 0.0010151174412793601
90 0.0009370314842578708
91 0.0008550412293853072
92 0.0008081896551724138
93 0.0006598263368315843
94 0.0005895489755122444
95 0.0005505059970014993
96 0.00046851574212893596
97 0.00047632433783108497
98 0.00040995127436281917
99 0.0003670039980009998
100 0.0003357696151924041
101 0.00030063093453273394
102 0.0003045352323838084
103 0.0002459707646176913
104 0.0002615879560219892
105 0.0002069277861069466
106 0.0001835019990004998
107 0.00020692778610694658
108 0.00023425787106446787
109 0.00017569340329835095
110 0.00016007621189405302
111 0.00015226761619190404
112 0.00012493753123438278
113 0.0001444590204897551
114 9.760744627686154e-05
115 0.000101511744127936
116 0.0001444590204897551
117 0.00013665042478760617
118 0.00010541604197901046
119 0.00010932033983008492
120 0.00012884182908545725
121 0.0001210332333833083
122 0.00010541604197901046
123 0.00010541604197901046
124 0.00013274612693653173
125 0.00015617191404297855
126 0.0001210332333833083
127 0.00020302348825587219
128 0.00015617191404297857
129 0.00018350199900049984
130 0.0001717891054472764
131 0.00021083208395802108
132 0.00021473638180909558
133 0.00022254497751124445
134 0.00023816216891554238
135 0.00033967391304347863
136 0.0002889180409795105
137 0.0003045352323838083
138 0.00046461144427786154
139 0.0004568028485757125
140 0.0004997501249375317
141 0.0005622188905547229
142 0.0007379122938530736
143 0.0007301036981509244
144 0.0009643615692153921
145 0.0009955959520239876
146 0.0011869065467266368
147 0.0013313655672163916
148 0.0016085707146426798
149 0.00178426411794103
150 0.002213736881559219
151 0.0023074400299850067
152 0.0028110944527736117
153 0.003103916791604198
154 0.0034513993003498235
155 0.00413074712643678
156 0.004505559720139928
157 0.0052083333333333304
158 0.005579241629185406
159 0.006649019240379814
160 0.0075001561719140524
161 0.007914011744127942
162 0.009260994502748624
163 0.010190217391304346
164 0.011318559470264873
165 0.01242738005997003
166 0.013430784607696167
167 0.015133058470764642
168 0.016113037231384325
169 0.016889992503748133
170 0.01810032483758121
171 0.01973232133933033
172 0.020450712143928042
173 0.02137212643678161
174 0.022601980259870057
175 0.02307830459770115
176 0.02360148050974512
177 0.024237881059470265
178 0.024417478760619688
179 0.024569746376811603
180 0.02444480884557722
181 0.02426911544227887
182 0.024046570464767613
183 0.023699087956021984
184 0.022227167666166926
185 0.021961675412293862
186 0.021606384307846078
187 0.020544415292353818
188 0.019494159170414794
189 0.018217453773113453
190 0.016850949525237396
191 0.01569918165917044
192 0.015160388555722161
193 0.013372220139930054
194 0.012739723888055988
195 0.011088205897051473
196 0.010198025987006497
197 0.009194621439280362
198 0.008523082208895557
199 0.007789074212893561
200 0.006649019240379817
201 0.005450399800099953
202 0.005056065717141427
203 0.0044469952523738115
204 0.0037325087456271883
205 0.0033694090454772633
206 0.003197619940029985
207 0.002658826836581709
208 0.0022449712643678164
209 0.0020653735632183913
210 0.0018154985007496254
211 0.0015304847576211903
212 0.0014367816091954025
213 0.0012259495252373818
214 0.0010424475262368813
215 0.0009175099950024987
216 0.0008042853573213393
217 0.0007418165917041479
218 0.0006520177411294356
219 0.0005739317841079463
220 0.00045289855072463823
221 0.00035919540229885095
222 0.00035919540229885084
223 0.00029282233883058505
224 0.0003084395302348828
225 0.00026158795602198925
226 0.00021083208395802105
227 0.00019911919040479774
228 0.00017178910544727647
229 0.00018350199900049987
230 0.00016398050974512752
231 0.00013274612693653173
232 0.0001366504247876062
233 0.0001327461269365317
234 0.00012493753123438278
235 0.00010932033983008492
236 0.0001210332333833083
237 0.00012493753123438278
238 0.0001483633183408296
239 0.0001444590204897551
240 7.027736131934031e-05
241 8.979885057471262e-05
242 0.00011712893553223384
243 0.00012884182908545725
244 0.00012884182908545725
245 0.00014055472263868065
246 0.00010541604197901046
247 0.00014836331834082957
248 0.00013274612693653173
249 0.000101511744127936
250 0.00013665042478760617
251 0.00022644927536231898
252 0.00016788480759620197
253 0.0002030234882558722
254 0.00024987506246876577
255 0.00026158795602198925
256 0.00024987506246876577
257 0.0002576836581709148
258 0.0003006309345327339
259 0.00035529110444777637
260 0.00036309970014992537
261 0.0004411856571714149
262 0.0004880372313843084
263 0.0005231759120439786
264 0.0005348888055972018
265 0.0006676349325337332
266 0.0006364005497251377
267 0.000706677911044478
268 0.0008394240379810094
269 0.0008159982508745625
270 0.0009448400799600206
271 0.0010190217391304343
272 0.0011283420789605192
273 0.0013586956521739128
274 0.0014055472263868056
275 0.0014367816091954027
276 0.0014758245877061467
277 0.001721795352323839
278 0.001842828585707148
279 0.0020185219890054983
280 0.0021473638180909546
281 0.0021864067966016983
282 0.0024987506246876554
283 0.002487037731134433
284 0.0025221764117941024
285 0.002526080709645175
286 0.002693965517241378
287 0.002885276111944025
288 0.002865754622688654
289 0.002873563218390804
290 0.0029750749625187378
291 0.0030687781109445273
292 0.0028774675162418785
293 0.0029477448775612172
294 0.002846233133433282
295 0.002881371814092953
296 0.0028969890054972493
297 0.0027017741129435296
298 0.0028267116441779124
299 0.0025377936031984
300 0.002401143178410795
301 0.00211612943528236
302 0.002315248625687154
303 0.0020224262868565723
304 0.0018154985007496247
305 0.00171398675662169
306 0.00160076211894053
307 0.0014641116941529237
308 0.001518771864067965
309 0.0013040354822588707
310 0.0010580647176411792
311 0.0010385432283858073
312 0.0008355197401299349
313 0.0008081896551724137
314 0.0006715392303848073
315 0.0005505059970014994
316 0.0004958458270864573
317 0.0004255684657671169
318 0.0003787168915542234
319 0.0002537793603198403
320 0.00024597076461769135
321 0.0002498750624687658
322 0.00018740629685157426
323 0.00014055472263868065
324 0.00012493753123438278
325 9.760744627686154e-05
326 0.000101511744127936
327 8.979885057471262e-05
328 5.0755872063968e-05
329 3.5138680659670155e-05
330 3.5138680659670155e-05
331 3.1234382808595694e-05
332 2.3425787106446772e-05
333 2.3425787106446772e-05
334 7.808595702148925e-06
335 1.561719140429785e-05
336 7.808595702148925e-06
337 7.808595702148925e-06
338 3.904297851074463e-06
339 3.904297851074463e-06
340 7.808595702148925e-06
341 3.904297851074463e-06
342 0.0
343 7.808595702148925e-06
344 0.0
345 3.904297851074463e-06
346 7.808595702148925e-06
347 0.0
348 0.0
349 0.0
350 0.0
351 3.904297851074463e-06
352 0.0
353 0.0
354 0.0
355 0.0
356 3.904297851074463e-06
357 3.904297851074463e-06
358 0.0
