0 0.0
1 0.0
2 0.0
3 0.0
4 0.0
5 0.0
6 0.0
7 0.0
8 0.0
9 0.0
10 0.0
11 0.0
12 0.0
13 0.0
14 0.0
15 0.0
16 0.0
17 0.0
18 0.0
19 0.0
20 0.0
21 0.0
22 0.0
23 0.0
24 0.0
25 0.0
26 0.0
27 0.0
28 0.0
29 0.0
30 0.0
31 0.0
32 0.0
33 0.0
34 0.0
35 0.0
36 0.0
37 0.0
38 0.0
39 0.0
40 0.0
41 0.0
42 0.0
43 0.0
44 0.0
45 0.0
46 0.0
47 0.0
48 0.0
49 0.0
50 0.0
51 0.0
52 0.0
53 0.0
54 0.0
55 0.0
56 0.0
57 0.0
58 0.0
59 0.0
60 0.0
61 0.0
62 0.0
63 0.0
64 0.0
65 0.0
66 0.0
67 0.0
68 0.0
69 0.0
70 0.0
71 0.0
72 0.0
73 0.0
74 0.0
75 0.0
76 0.0
77 0.0
78 0.0
79 0.0
80 0.0
81 0.0
82 0.0
83 0.0
84 0.0
85 0.0
86 0.0
87 0.0
88 0.0
89 0.0
90 0.0
91 0.0
92 0.0
93 0.0
94 0.0
95 0.0
96 0.0
97 0.0
98 0.0
99 0.0
100 0.0
101 0.0
102 0.0
103 0.0
104 0.0
105 0.0
106 0.0
107 0.0
108 0.0
109 0.0
110 0.0
111 0.0
112 0.0
113 0.0
114 0.0
115 0.0
116 0.0
117 0.0
118 0.0
119 0.0
120 0.0
121 0.0
122 0.0
123 3.904297851074463e-06
124 3.904297851074463e-06
125 3.904297851074463e-06
126 0.0
127 0.0
128 0.0
129 7.808595702148925e-06
130 7.808595702148925e-06
131 1.952148925537231e-05
132 1.952148925537231e-05
133 1.561719140429785e-05
134 1.561719140429785e-05
135 1.561719140429785e-05
136 1.952148925537231e-05
137 5.0755872063968006e-05
138 8.19902548725637e-05
139 8.979885057471262e-05
140 0.0001210332333833083
141 0.0002030234882558722
142 0.00017569340329835084
143 0.00033186531734132974
144 0.00032796101949025526
145 0.00046461144427786154
146 0.0006598263368315844
147 0.0007925724637681156
148 0.0010073088455772115
149 0.001354791354322838
150 0.0016632308845577213
151 0.0018974887556221889
152 0.002401143178410794
153 0.0030180222388805572
154 0.0038144990004997503
155 0.0044157608695652144
156 0.005329366566716641
157 0.006289823838080958
158 0.007519677661169415
159 0.008456709145427288
160 0.009795883308345825
161 0.01190420414792604
162 0.0133331771614193
163 0.015308751874062974
164 0.017233570714642682
165 0.01938874312843578
166 0.020958270864567714
167 0.02310953898050975
168 0.025823025987006504
169 0.02850527861069468
170 0.029758558220889554
171 0.031609195402298826
172 0.03340907671164417
173 0.03454522738630683
174 0.035974200399800094
175 0.03613037231384307
176 0.03744221639180409
177 0.0372704272863568
178 0.03723138430784606
179 0.03638805597201397
180 0.035888305847076446
181 0.0350566904047976
182 0.033249000499750124
183 0.03206990254872563
184 0.029672663668165917
185 0.028431096951524255
186 0.025662949775112427
187 0.02421055097451275
188 0.022008526986506745
189 0.01993924912543728
190 0.01821745377311346
191 0.015886587956022005
192 0.013875874562718653
193 0.012446901549225392
194 0.010889086706646671
195 0.009495252373813096
196 0.0082107383808096
197 0.006711488005997006
198 0.005950149925037483
199 0.004810094952523737
200 0.004119034232883556
201 0.0033147488755622184
202 0.0027212956021988983
203 0.0023191529235382304
204 0.0019287231384307842
205 0.0015500062468765618
206 0.0012337581209395303
207 0.0009682658670664667
208 0.0007847638680659665
209 0.0006207833583208399
210 0.00043728135932034017
211 0.0004099512743628189
212 0.0003201524237881062
213 0.00021864067966017003
214 0.00014055472263868068
215 0.00010541604197901046
216 0.00012884182908545722
217 5.466016991504247e-05
218 6.246876561719139e-05
219 3.513868065967016e-05
220 3.1234382808595694e-05
221 2.3425787106446772e-05
222 7.808595702148925e-06
223 2.7330084957521233e-05
224 7.808595702148925e-06
225 1.561719140429785e-05
226 0.0
227 7.808595702148925e-06
228 0.0
229 0.0
230 3.904297851074463e-06
231 0.0
232 0.0
233 0.0
234 0.0
235 0.0
236 0.0
237 0.0
238 0.0
239 0.0
240 0.0
241 0.0
242 0.0
243 0.0
244 0.0
245 0.0
246 0.0
247 0.0
248 0.0
249 0.0
250 0.0
251 0.0
252 0.0
253 0.0
254 0.0
255 0.0
256 0.0
257 0.0
258 0.0
259 0.0
260 0.0
261 0.0
262 0.0
263 0.0
264 0.0
265 0.0
266 0.0
267 0.0
268 0.0
269 0.0
270 0.0
271 0.0
272 0.0
273 0.0
274 0.0
275 0.0
276 0.0
277 0.0
278 0.0
279 0.0
280 0.0
281 0.0
282 0.0
283 0.0
284 0.0
285 0.0
286 0.0
287 0.0
288 0.0
289 0.0
290 0.0
291 0.0
292 0.0
293 0.0
294 0.0
295 0.0
296 0.0
297 0.0
298 0.0
299 0.0
300 0.0
301 0.0
302 0.0
303 0.0
304 0.0
305 0.0
306 0.0
307 0.0
308 0.0
309 0.0
310 0.0
311 0.0
312 0.0
313 0.0
314 0.0
315 0.0
316 0.0
317 0.0
318 0.0
319 0.0
320 0.0
321 0.0
322 0.0
323 0.0
324 0.0
325 0.0
326 0.0
327 0.0
328 0.0
329 0.0
330 0.0
331 0.0
332 0.0
333 0.0
334 0.0
335 0.0
336 0.0
337 0.0
338 0.0
339 0.0
340 0.0
341 0.0
342 0.0
343 0.0
344 0.0
345 0.0
346 0.0
347 0.0
348 0.0
349 0.0
350 0.0
351 0.0
352 0.0
353 0.0
354 0.0
355 0.0
356 0.0
357 0.0
358 0.0
