0 0.0
1 0.0
2 0.0
3 0.0
4 0.0
5 0.0
6 3.904297851074463e-06
7 0.0
8 3.904297851074463e-06
9 7.808595702148925e-06
10 0.0
11 0.0
12 3.904297851074463e-06
13 7.808595702148925e-06
14 0.0
15 3.904297851074463e-06
16 3.904297851074463e-06
17 3.904297851074463e-06
18 3.904297851074463e-06
19 0.0
20 3.904297851074463e-06
21 7.808595702148925e-06
22 7.808595702148925e-06
23 1.1712893553223388e-05
24 3.1234382808595694e-05
25 3.12343828085957e-05
26 2.7330084957521233e-05
27 3.904297851074462e-05
28 2.7330084957521233e-05
29 6.637306346826585e-05
30 9.370314842578708e-05
31 0.00010541604197901046
32 0.00010932033983008492
33 0.00015617191404297855
34 0.00012493753123438278
35 0.00016788480759620194
36 0.00023425787106446793
37 0.0002811094452773615
38 0.00028501374312843604
39 0.0003357696151924042
40 0.0004802286356821596
41 0.0004450899550224893
42 0.0006246876561719143
43 0.0006988693153423291
44 0.0008433283358320841
45 0.0008901799100449773
46 0.000976074462768615
47 0.0010502561219390303
48 0.0013040354822588703
49 0.0014719202898550718
50 0.001538293353323338
51 0.0017725512243878052
52 0.0018857758620689652
53 0.0021122251374312835
54 0.0022840142428785615
55 0.002424568965517241
56 0.0026627311344327815
57 0.0028579460269865056
58 0.0029008933033483246
59 0.002943840579710144
60 0.0033537918540729613
61 0.0033616004497751114
62 0.0032913230884557736
63 0.0035372938530734625
64 0.0035333895552223885
65 0.003724700149925035
66 0.003662231384307845
67 0.003841829085457273
68 0.0037286044477761117
69 0.0036153798100949535
70 0.003615379810094953
71 0.0036817528735632187
72 0.0036309970014992495
73 0.0032991316841579216
74 0.003275705897051475
75 0.0030843953023488254
76 0.002908701899050474
77 0.0028579460269865056
78 0.002744721389305347
79 0.0024284732633683146
80 0.002342578710644676
81 0.0021590767116441787
82 0.0018701586706646686
83 0.0019521489255372327
84 0.0017842641179410296
85 0.001659326586706647
86 0.0015343890554722639
87 0.0014523988005997
88 0.0013157483758120944
89 0.0011049162918540727
90 0.0011556721639180405
91 0.0009487443778110937
92 0.0009097013993003491
93 0.0007183908045977015
94 0.0007222951024487757
95 0.0005934532733633185
96 0.0005895489755122445
97 0.000527080209895053
98 0.0005036544227886059
99 0.00043728135932034033
100 0.0004177598700649681
101 0.00034357821089455316
102 0.00043728135932034033
103 0.0002654922538730637
104 0.00027720514742628704
105 0.0002889180409795104
106 0.00019521489255372324
107 0.0002537793603198403
108 0.0001756934032983509
109 0.000226449275362319
110 0.0001795977011494254
111 0.00016788480759620197
112 0.00012493753123438278
113 0.00014445902048975512
114 0.00012493753123438278
115 0.00011712893553223384
116 0.00014445902048975515
117 0.00013274612693653173
118 0.00010541604197901047
119 0.0001366504247876062
120 0.00012884182908545725
121 0.00016398050974512747
122 0.00011712893553223384
123 0.00012493753123438278
124 0.00011322463768115938
125 0.0001639805097451275
126 0.00014445902048975515
127 0.00014836331834082962
128 0.0001639805097451275
129 0.00016788480759620194
130 0.00020302348825587216
131 0.00021083208395802108
132 0.00023035357321339348
133 0.0002459707646176913
134 0.0002889180409795105
135 0.000300630934532734
136 0.0003162481259370318
137 0.00039042978510744675
138 0.00046851574212893624
139 0.0004646114442778615
140 0.0006285919540229883
141 0.0005700274862568717
142 0.0007535294852573712
143 0.000769146676661669
144 0.0008042853573213393
145 0.000995595952023988
146 0.001155672163918041
147 0.0014875374812593706
148 0.0015031546726636676
149 0.0017335082458770617
150 0.002123938030984508
151 0.0021473638180909546
152 0.002818903048475762
153 0.0030024050474762617
154 0.003506059470264866
155 0.004072182658670665
156 0.004365004997501252
157 0.0048530422288855565
158 0.005715892053973014
159 0.006059470264867568
160 0.006914511494252879
161 0.0077461269365317375
162 0.008511369315342328
163 0.009803691904047975
164 0.010147270114942528
165 0.011876874062968525
166 0.012329772613693167
167 0.01371579835082461
168 0.014449806346826605
169 0.01562500000000002
170 0.017116441779110456
171 0.017604479010494757
172 0.018514180409795106
173 0.01959176661669165
174 0.02020083708145927
175 0.02109492128935532
176 0.02178988630684657
177 0.021485351074462755
178 0.02246923413293353
179 0.022274019240379812
180 0.022363818090954526
181 0.022699587706146926
182 0.021996814092953523
183 0.02172741754122937
184 0.020887993503248384
185 0.020934845077461267
186 0.0194629247876062
187 0.018853854322838575
188 0.017827023988006
189 0.017206240629685166
190 0.015593765617191429
191 0.01457474387806099
192 0.013501061969015519
193 0.012653829335332356
194 0.011174100449775124
195 0.010619690154922529
196 0.010127748625687156
197 0.009241473013493245
198 0.008011619190404804
199 0.007160482258870571
200 0.006449900049975017
201 0.005680753373313346
202 0.0049623625687156385
203 0.004509464017991004
204 0.003951149425287357
205 0.003310844577711145
206 0.0028032858570714637
207 0.002627592453773113
208 0.002280109945027484
209 0.0018545414792603705
210 0.0015578148425787108
211 0.0015851449275362322
212 0.001475824587706146
213 0.0011322463768115942
214 0.0009370314842578707
215 0.0009292228885557219
216 0.0008355197401299352
217 0.0006559220389805101
218 0.0006012618690654674
219 0.0005934532733633187
220 0.0004841329335332338
221 0.0004255684657671169
222 0.00033967391304347863
223 0.00033576961519240405
224 0.0003357696151924042
225 0.0003045352323838084
226 0.0002459707646176913
227 0.0002537793603198403
228 0.00016788480759620194
229 0.00017178910544727644
230 0.00020302348825587219
231 0.00014836331834082962
232 0.0001366504247876062
233 0.0002069277861069466
234 5.466016991504247e-05
235 0.00014055472263868068
236 0.0001210332333833083
237 0.00013274612693653173
238 0.00012493753123438278
239 0.00011322463768115938
240 0.0001483633183408296
241 0.00014445902048975512
242 0.00014445902048975515
243 0.0001522676161919041
244 0.00019521489255372326
245 0.0001210332333833083
246 0.00014445902048975512
247 0.00018740629685157434
248 0.00014055472263868068
249 0.00017959770114942537
250 0.00016007621189405297
251 0.00023425787106446798
252 0.00015226761619190407
253 0.0002693965517241382
254 0.0002576836581709147
255 0.00028891804097951035
256 0.00030843953023488283
257 0.0003318653173413296
258 0.00047242003998001066
259 0.0004294727636181913
260 0.0005075587206396807
261 0.0004997501249375318
262 0.0005426974012993507
263 0.0006246876561719142
264 0.0006207833583208397
265 0.0007105822088955527
266 0.0007691466766616689
267 0.0009253185907046471
268 0.0009877873563218387
269 0.0011361506746626684
270 0.0011478635682158917
271 0.0011712893553223393
272 0.001475824587706147
273 0.001510963268365817
274 0.0017022738630684665
275 0.0016749437781109443
276 0.0019833833083458285
277 0.0021629810094952523
278 0.0022254497751124443
279 0.002502654922538728
280 0.0026588268365817093
281 0.00276424287856072
282 0.003057065217391304
283 0.003010213643178409
284 0.003221045727136431
285 0.0031663855572213887
286 0.0032874187906046983
287 0.0033459832583708155
288 0.0036349012993503256
289 0.0036700399800099963
290 0.0037247001499250386
291 0.003814499000499751
292 0.003787168915542229
293 0.0038496376811594205
294 0.0038652548725637173
295 0.003779360319840081
296 0.003373313343328336
297 0.0034396864067966016
298 0.0035451024487756105
299 0.0032366629185407287
300 0.0031898113443278348
301 0.003064873813093453
302 0.0029516491754122947
303 0.002611975262368815
304 0.002619783858070964
305 0.0025690279860069954
306 0.002233258370814593
307 0.0019287231384307849
308 0.0017608383308345833
309 0.0016866566716641673
310 0.0015070589705147431
311 0.0013743128435782111
312 0.0011322463768115947
313 0.0010112131434282863
314 0.0008784670164917538
315 0.0008394240379810093
316 0.0006520177411294352
317 0.0005309845077461273
318 0.0005466016991504251
319 0.0004607071464267872
320 0.00042166416791604254
321 0.00026158795602198914
322 0.0002498750624687657
323 0.00019521489255372324
324 0.00017959770114942542
325 0.0001522676161919041
326 0.00014055472263868068
327 7.027736131934031e-05
328 5.466016991504246e-05
329 8.19902548725637e-05
330 6.246876561719139e-05
331 5.466016991504247e-05
332 2.7330084957521233e-05
333 3.9042978510744616e-05
334 2.3425787106446772e-05
335 1.952148925537231e-05
336 1.952148925537231e-05
337 1.561719140429785e-05
338 7.808595702148925e-06
339 1.1712893553223388e-05
340 1.561719140429785e-05
341 0.0
342 7.808595702148925e-06
343 0.0
344 0.0
345 0.0
346 0.0
347 0.0
348 0.0
349 0.0
350 0.0
351 0.0
352 0.0
353 0.0
354 0.0
355 3.904297851074463e-06
356 0.0
357 0.0
358 0.0
