0 0.0
1 0.0
2 0.0
3 0.0
4 0.0
5 0.0
6 3.904297851074463e-06
7 3.904297851074463e-06
8 0.0
9 3.904297851074463e-06
10 0.0
11 0.0
12 0.0
13 3.904297851074463e-06
14 1.1712893553223388e-05
15 3.904297851074463e-06
16 7.808595702148925e-06
17 0.0
18 7.808595702148925e-06
19 1.1712893553223388e-05
20 0.0
21 0.0
22 3.904297851074463e-06
23 0.0
24 1.952148925537231e-05
25 1.952148925537231e-05
26 1.561719140429785e-05
27 4.294727636181908e-05
28 3.1234382808595694e-05
29 3.9042978510744616e-05
30 4.685157421289354e-05
31 7.418165917041477e-05
32 0.0001249394833833083
33 0.00011322658983008492
34 0.00012884182908545722
35 0.00021473638180909558
36 0.00021864067966017008
37 0.00024206841891554246
38 0.0002186426318090956
39 0.0003396778173413298
40 0.00044118565717141464
41 0.00045290245502248934
42 0.0005934552255122442
43 0.0007144943153423287
44 0.0008550451336831585
45 0.0008628537293853074
46 0.0009604611756621685
47 0.0012806155515992003
48 0.0013391800193653168
49 0.0015265824119190413
50 0.0016983734695152424
51 0.001764752389430284
52 0.002123951696026986
53 0.0022098423444527737
54 0.002389436141304346
55 0.0026002682252623662
56 0.002565137353198401
57 0.00286966282483758
58 0.002947770255497251
59 0.0032561922163918053
60 0.0031664050787106445
61 0.003361618019115443
62 0.0034084559282858565
63 0.0036505321557971024
64 0.0035529403267116457
65 0.0034982703960519737
66 0.0035724364380309843
67 0.003857456037606197
68 0.003619305581584208
69 0.003654434501499251
70 0.0034631317153923065
71 0.0036505458208395815
72 0.003611491129435283
73 0.003322573088455772
74 0.0033538074712643686
75 0.0029477565904547716
76 0.0029204186969015466
77 0.002697877623688155
78 0.00277206318715642
79 0.002334781827836081
80 0.002186418509495252
81 0.0020302426911544234
82 0.0021747017116441774
83 0.001862355931409295
84 0.001674947682408796
85 0.0017100922195152427
86 0.0013157483758120935
87 0.0013547952586206898
88 0.0011478674725137433
89 0.00116738700962019
90 0.0009331291385557222
91 0.0010151232977261369
92 0.0008628556815342326
93 0.0007847677723638178
94 0.0007066818153423287
95 0.0006520235975762118
96 0.0005192735663418296
97 0.0005387950555972019
98 0.00044118565717141475
99 0.0005309903641929041
100 0.00042557237006496797
101 0.0004138555722138936
102 0.0003162481259370318
103 0.0002850156952773615
104 0.00028891804097951046
105 0.00025768951461769136
106 0.00028111139742628704
107 0.00022254497751124456
108 0.00020302348825587216
109 0.00019131059470264882
110 0.00016398246189405305
111 0.00017178910544727644
112 0.00012493753123438278
113 0.00016398050974512747
114 0.00016007621189405305
115 0.00012884378123438278
116 0.00011322463768115938
117 0.00011322658983008492
118 0.00012493753123438278
119 9.370314842578708e-05
120 0.00010932033983008492
121 0.00012103518553223385
122 0.00014836331834082962
123 0.0001483633183408296
124 0.00015617191404297852
125 0.00015226761619190407
126 0.00016788480759620197
127 0.00015617191404297855
128 0.00016398246189405297
129 0.00017569535544727642
130 0.0002576836581709148
131 0.0001835019990004998
132 0.00024597076461769135
133 0.00025377936031984025
134 0.00027720514742628715
135 0.00026939655172413814
136 0.00034357821089455294
137 0.00035529305659670206
138 0.0004763282421289362
139 0.0004489942528735638
140 0.0005895509276611696
141 0.000546601699150425
142 0.0006403107040229886
143 0.0007886740223638178
144 0.0008667599793853075
145 0.0009682717235132431
146 0.001077594015492253
147 0.0014211683220889555
148 0.0015226820183658167
149 0.001784275830834583
150 0.0018779809314092956
151 0.0023738267584957513
152 0.002651029953773114
153 0.002982908936156921
154 0.003467026252498751
155 0.0037871962456271888
156 0.004478253060969515
157 0.004966290292353824
158 0.005610491629185408
159 0.006539730134932539
160 0.006965282983508253
161 0.0080702051318091
162 0.008702717000874565
163 0.009604605900174912
164 0.01057676825649675
165 0.01195892483445779
166 0.012755380122438792
167 0.01383296437718643
168 0.014926177536231907
169 0.016058451243128456
170 0.016800260026236895
171 0.017967652892303853
172 0.018451770208645683
173 0.019591848606946523
174 0.020407854666416803
175 0.021321460363568214
176 0.02181730423850574
177 0.021715796398675664
178 0.02230923015054972
179 0.02237558369252873
180 0.0226059724044228
181 0.02230924381559221
182 0.02228583559782609
183 0.0220866871251874
184 0.02083339775424786
185 0.020642110585332336
186 0.019748024425287353
187 0.01876021754747626
188 0.017694340329835086
189 0.017116496439280385
190 0.015683624984382836
191 0.015218994018615718
192 0.01375489208520741
193 0.012439122235757135
194 0.011689522426286859
195 0.010541639336581714
196 0.00959679925662169
197 0.00885498461706647
198 0.007984318387681164
199 0.007168318184657679
200 0.0064303961300599755
201 0.005665163511994005
202 0.005188833317716141
203 0.004544624172288856
204 0.0037950028891804116
205 0.003443606321839079
206 0.0031468796851574225
207 0.002740820995752124
208 0.002213748594452772
209 0.0021200376374312844
210 0.0018076957614942529
211 0.0018037953679410303
212 0.0013001428973013493
213 0.0010932053504497752
214 0.001007310797726137
215 0.0009018947557471271
216 0.0007496251874062969
217 0.000648121251874063
218 0.0006910607196401801
219 0.0005348907577461272
220 0.00042166612006496785
221 0.0003943340829585212
222 0.0004294727636181914
223 0.0003123457802348828
224 0.00027330084957521267
225 0.0002693965517241381
226 0.0003123457802348828
227 0.00022644927536231898
228 0.00026939655172413814
229 0.00023816216891554232
230 0.00020302348825587219
231 0.0001913105947026488
232 0.0001874062968515743
233 0.00015226761619190404
234 0.00013665042478760617
235 9.370510057471262e-05
236 0.00016398246189405305
237 0.00016398050974512747
238 0.00017178910544727642
239 0.00014055472263868068
240 0.0001522676161919041
241 0.00010932033983008492
242 0.00013274612693653173
243 0.00016007816404297855
244 0.00014055472263868062
245 0.0002108320839580211
246 0.0001795977011494254
247 8.980080272363816e-05
248 0.00017959770114942542
249 0.00017959770114942534
250 0.00017178910544727642
251 0.000167884807596202
252 0.00019131254685157432
253 0.00028891804097951057
254 0.00022254497751124445
255 0.0002303555253623191
256 0.0003240567216391809
257 0.0003123438280859573
258 0.0003631016522988509
259 0.0003748184501499255
260 0.0004529024550224891
261 0.00038652548725637227
262 0.0005661270927036485
263 0.0006051681190654676
264 0.0006364064061719142
265 0.0006129747626186906
266 0.0008120978573213394
267 0.0008199045008745628
268 0.0009995022020239878
269 0.0010424494783858064
270 0.0012376682752373819
271 0.0011712913074712645
272 0.001245480775237381
273 0.0014055569871314348
274 0.001694469171664168
275 0.0017764574743878055
276 0.001979486819090455
277 0.001913117659920041
278 0.002061475121814093
279 0.002307449790729635
280 0.0026119850231134415
281 0.0025456119596451764
282 0.0027408249000499753
283 0.0028306257027736117
284 0.002861858133433282
285 0.0031546902330084952
286 0.003103930456646677
287 0.003513881731009495
288 0.00345922351324338
289 0.00361539933158421
290 0.0035256024331584202
291 0.003666153251499252
292 0.0036388290229885044
293 0.0038926064311594222
294 0.0036856786450524745
295 0.003564641507371315
296 0.00358806339017991
297 0.0033655203648175905
298 0.0034396961675412286
299 0.0032405828335832078
300 0.003092209754497752
301 0.002873580787731134
302 0.002908715564092952
303 0.0026978834801349304
304 0.0026275983102198907
305 0.0022137485944527724
306 0.0020185278454522733
307 0.00215517827023988
308 0.0018896860163668179
309 0.0016515238474512747
310 0.0015148773269615195
311 0.0012610921101949026
312 0.001163484663918041
313 0.0010815002654922536
314 0.0008394279422788603
315 0.0007496271395552224
316 0.0007222970545977009
317 0.0005505059970014994
318 0.0004763243378310851
319 0.00042557041791604244
320 0.0003552911044477765
321 0.00035919540229885106
322 0.00027330084957521256
323 0.00023816216891554246
324 0.00018740629685157432
325 0.00013274612693653173
326 8.589455272363815e-05
327 7.418165917041477e-05
328 0.00010541604197901046
329 5.856446776611692e-05
330 3.9042978510744616e-05
331 3.904493065967015e-05
332 1.952148925537231e-05
333 3.9042978510744616e-05
334 1.952148925537231e-05
335 1.561719140429785e-05
336 3.904297851074463e-06
337 0.0
338 1.1712893553223388e-05
339 3.904297851074463e-06
340 1.1712893553223388e-05
341 3.904297851074463e-06
342 3.904297851074463e-06
343 0.0
344 3.904297851074463e-06
345 3.904297851074463e-06
346 0.0
347 3.904297851074463e-06
348 0.0
349 0.0
350 0.0
351 0.0
352 0.0
353 0.0
354 3.904297851074463e-06
355 3.904297851074463e-06
356 3.904297851074463e-06
357 0.0
358 0.0
