0 0.0
1 0.0
2 0.0
3 0.0
4 0.0
5 0.0
6 0.0
7 0.0
8 0.0
9 0.0
10 0.0
11 0.0
12 0.0
13 0.0
14 0.0
15 0.0
16 0.0
17 0.0
18 0.0
19 0.0
20 0.0
21 0.0
22 0.0
23 3.904297851074463e-06
24 7.808595702148925e-06
25 3.904297851074463e-06
26 0.0
27 0.0
28 3.904297851074463e-06
29 1.561719140429785e-05
30 7.808595702148925e-06
31 3.904297851074463e-06
32 3.904297851074463e-06
33 1.1712893553223388e-05
34 1.1712893553223388e-05
35 2.342578710644678e-05
36 2.733008495752124e-05
37 2.3425787106446772e-05
38 2.3425787106446776e-05
39 2.7330084957521237e-05
40 2.733008495752124e-05
41 0.00011322463768115941
42 8.979885057471264e-05
43 7.41816591704148e-05
44 8.199025487256372e-05
45 0.00011322463768115941
46 8.589455272363817e-05
47 0.00018350199900049976
48 0.00020692778610694653
49 0.00021473638180909545
50 0.0002654922538730635
51 0.0003474825087456272
52 0.00028891804097951025
53 0.00042166416791604194
54 0.00031234382808595704
55 0.000523175912043978
56 0.00043728135932033984
57 0.0004607071464267867
58 0.0004919415292353823
59 0.0004802286356821589
60 0.0005270802098950525
61 0.0005505059970014992
62 0.00046851574212893553
63 0.0005192716141929035
64 0.000530984507746127
65 0.0004294727636181909
66 0.0005505059970014992
67 0.0004411856571714143
68 0.0004177598700649675
69 0.00045680284857571216
70 0.0003748125937031484
71 0.00032015242378810593
72 0.00031234382808595704
73 0.0003045352323838081
74 0.0002420664667666167
75 0.0002069277861069465
76 0.00019521489255372313
77 0.00016007621189405297
78 0.00016007621189405297
79 0.00014445902048975512
80 9.760744627686156e-05
81 0.00010541604197901049
82 8.199025487256372e-05
83 7.41816591704148e-05
84 4.685157421289356e-05
85 3.513868065967016e-05
86 2.733008495752124e-05
87 2.3425787106446776e-05
88 2.733008495752124e-05
89 3.12343828085957e-05
90 7.808595702148925e-06
91 1.561719140429785e-05
92 3.904297851074463e-06
93 3.904297851074463e-06
94 3.904297851074463e-06
95 7.808595702148925e-06
96 3.904297851074463e-06
97 1.952148925537231e-05
98 0.0
99 3.904297851074463e-06
100 7.808595702148925e-06
101 7.808595702148925e-06
102 0.0
103 0.0
104 0.0
105 0.0
106 0.0
107 0.0
108 0.0
109 0.0
110 0.0
111 0.0
112 0.0
113 0.0
114 0.0
115 0.0
116 0.0
117 0.0
118 0.0
119 0.0
120 0.0
121 0.0
122 0.0
123 0.0
124 0.0
125 0.0
126 0.0
127 0.0
128 0.0
129 0.0
130 0.0
131 0.0
132 0.0
133 0.0
134 0.0
135 0.0
136 0.0
137 0.0
138 0.0
139 3.904297851074463e-06
140 0.0
141 0.0
142 3.904297851074463e-06
143 3.904297851074463e-06
144 0.0
145 3.904297851074463e-06
146 3.904297851074463e-06
147 0.0
148 3.904297851074463e-06
149 7.808595702148925e-06
150 1.561719140429785e-05
151 1.561719140429785e-05
152 7.808595702148925e-06
153 2.3425787106446772e-05
154 1.561719140429785e-05
155 2.7330084957521233e-05
156 1.952148925537231e-05
157 3.1234382808595694e-05
158 2.3425787106446772e-05
159 5.856446776611693e-05
160 4.6851574212893545e-05
161 7.418165917041477e-05
162 9.370314842578708e-05
163 0.00011712893553223384
164 0.0001405547226386807
165 0.00015226761619190404
166 0.0002069277861069466
167 0.00020692778610694663
168 0.00028110944527736135
169 0.0002537793603198402
170 0.00040995127436281896
171 0.0005583145927036485
172 0.0006832521239380305
173 0.000819902548725637
174 0.0010307346326836587
175 0.0010697776111944024
176 0.0012767053973013487
177 0.0016476136931534231
178 0.002022426286856571
179 0.0023855259870064955
180 0.0026744440279860052
181 0.003283514492753621
182 0.0034865379810094937
183 0.004310344827586205
184 0.004458708145927034
185 0.005696370564717639
186 0.006172694902548722
187 0.00705506621689155
188 0.0075431034482758555
189 0.008452804847576207
190 0.009405453523238374
191 0.010026236881559217
192 0.010846139430284856
193 0.010974981259370306
194 0.01169337206396801
195 0.012583551974012988
196 0.012973981759120434
197 0.013360507246376808
198 0.013344890054972507
199 0.013266804097951015
200 0.013700181159420276
201 0.012911512993503238
202 0.013122345077461264
203 0.012720202398800595
204 0.012849044227886052
205 0.012103323338330828
206 0.011572338830584698
207 0.010729010494752621
208 0.01068996751624188
209 0.010272207646176909
210 0.00987006496751624
211 0.008913511994003
212 0.009026736631684152
213 0.008370814592703647
214 0.007640710894552725
215 0.007242472513743133
216 0.006676349325337336
217 0.006578741879060467
218 0.006094608945527236
219 0.00603994877561219
220 0.0053098450774612645
221 0.005122438780609695
222 0.004708583208395798
223 0.004626592953523239
224 0.004329866316841577
225 0.004126842828585706
226 0.003857446276861569
227 0.0037598388305847084
228 0.0036270927036481737
229 0.0034513993003498244
230 0.0030102136431784093
231 0.0031780984507746124
232 0.003283514492753622
233 0.003014117941029485
234 0.0030336394302848567
235 0.0027798600699650154
236 0.002682252623688153
237 0.0028540417291354316
238 0.002822807346326836
239 0.0028969890054972498
240 0.0027876686656671643
241 0.0030726824087956
242 0.0029789792603698148
243 0.003146864067966016
244 0.0033694090454772603
245 0.0032288543228385807
246 0.003490442278860568
247 0.003443590704647676
248 0.004037043978010994
249 0.004201024487756121
250 0.004501655422288853
251 0.004833520739630182
252 0.005020927036481756
253 0.006004810094952523
254 0.006317153923038482
255 0.0069574587706146915
256 0.007504060469765117
257 0.00818340829585207
258 0.00887446901549225
259 0.009331271864067967
260 0.010080897051474256
261 0.010978885557221383
262 0.012122844827586202
263 0.012622594952523736
264 0.013454210394802596
265 0.013895396051974004
266 0.01508230259870065
267 0.015406359320339832
268 0.015843640679660178
269 0.01583583208395803
270 0.016530797101449283
271 0.016241879060469765
272 0.016893896801599202
273 0.01648394552723639
274 0.015828023488255877
275 0.015031546726636692
276 0.014898800599700146
277 0.014383433283358324
278 0.01354010494752624
279 0.012731915292353827
280 0.012524987506246869
281 0.011466922788605694
282 0.01049475262368815
283 0.009862256371814086
284 0.009268803098450767
285 0.008730009995002494
286 0.007789074212893546
287 0.00747282608695652
288 0.006875468515742126
289 0.00622345077461269
290 0.00582130809595202
291 0.0054699212893553175
292 0.0049740754622688635
293 0.004767147676161914
294 0.0038027861069465244
295 0.0035568153423288333
296 0.0033811219390304827
297 0.0028384245377311326
298 0.0025573150924537726
299 0.002346483008495752
300 0.001854541479260369
301 0.0016085707146426785
302 0.0013665042478760618
303 0.0011439592703648175
304 0.001143959270364818
305 0.0009370314842578713
306 0.0007066779110444779
307 0.0006285919540229888
308 0.000503654422788606
309 0.0004294727636181911
310 0.00033186531734132947
311 0.00028110944527736135
312 0.000285013743128436
313 0.00022644927536231895
314 0.00017959770114942528
315 0.00012884182908545725
316 7.418165917041477e-05
317 5.856446776611693e-05
318 8.979885057471262e-05
319 3.513868065967016e-05
320 4.294727636181908e-05
321 3.5138680659670155e-05
322 4.2947276361819084e-05
323 2.7330084957521233e-05
324 7.808595702148925e-06
325 1.952148925537231e-05
326 1.1712893553223388e-05
327 3.513868065967016e-05
328 7.808595702148925e-06
329 1.1712893553223388e-05
330 0.0
331 0.0
332 1.1712893553223388e-05
333 0.0
334 3.904297851074463e-06
335 0.0
336 0.0
337 3.904297851074463e-06
338 0.0
339 0.0
340 0.0
341 0.0
342 0.0
343 3.904297851074463e-06
344 0.0
345 0.0
346 0.0
347 0.0
348 0.0
349 0.0
350 0.0
351 0.0
352 0.0
353 0.0
354 0.0
355 0.0
356 0.0
357 0.0
358 0.0
