0 1.1712893553223388e-05
1 1.1712893553223388e-05
2 1.1712893553223388e-05
3 1.561719140429785e-05
4 3.904297851074463e-06
5 0.0
6 1.561719140429785e-05
7 7.808595702148925e-06
8 1.1712893553223388e-05
9 7.808595702148925e-06
10 3.904297851074463e-06
11 3.904297851074463e-06
12 3.904297851074463e-06
13 7.808595702148925e-06
14 1.561719140429785e-05
15 7.808595702148925e-06
16 1.1712893553223388e-05
17 1.561719140429785e-05
18 3.904297851074463e-06
19 2.7330084957521233e-05
20 1.1712893553223388e-05
21 3.904297851074463e-06
22 7.808595702148925e-06
23 7.808595702148925e-06
24 1.1712893553223388e-05
25 0.0
26 7.808595702148925e-06
27 0.0
28 1.1712893553223388e-05
29 7.808595702148925e-06
30 2.3425787106446772e-05
31 1.561719140429785e-05
32 7.808595702148925e-06
33 1.952148925537231e-05
34 1.561719140429785e-05
35 1.561719140429785e-05
36 1.952148925537231e-05
37 1.1712893553223388e-05
38 2.3425787106446772e-05
39 2.733203710644677e-05
40 2.3425787106446772e-05
41 3.514063280859569e-05
42 3.9042978510744616e-05
43 4.294727636181908e-05
44 1.952148925537231e-05
45 4.294922851074462e-05
46 1.952148925537231e-05
47 5.466407421289354e-05
48 4.294727636181908e-05
49 6.637696776611692e-05
50 5.466016991504246e-05
51 6.246876561719139e-05
52 8.589650487256368e-05
53 0.00010932033983008492
54 9.760744627686154e-05
55 0.00014055472263868068
56 0.0001405586269365317
57 0.0001561719140429785
58 0.00019911919040479774
59 0.0001874082490004998
60 0.0002967266366816594
61 0.0003474844608945531
62 0.0003201543759370318
63 0.00039043173725637217
64 0.00045291416791604235
65 0.0005036583270864575
66 0.0005387950555972014
67 0.0006715528954272863
68 0.0007183966610444779
69 0.0007769591766616692
70 0.0008433322401299346
71 0.0010229318934282861
72 0.001124447541854073
73 0.0012845237537481265
74 0.0014992679441529235
75 0.0013547972107696156
76 0.0015304906140679655
77 0.0018506527986006996
78 0.0019677680690904555
79 0.002081006371814093
80 0.002248895083708146
81 0.002455828726261869
82 0.002818928426411794
83 0.0025417193746876537
84 0.0030688034888805586
85 0.0031781277330084944
86 0.003182022270114944
87 0.0034904696089455276
88 0.003588075103073465
89 0.0039043368940529736
90 0.003810651314967517
91 0.004185436578585706
92 0.004115178738755622
93 0.004583692528735633
94 0.0046383605072463745
95 0.0045485499437781084
96 0.004825760947651173
97 0.005017063733758122
98 0.005165440717141427
99 0.005306011056971513
100 0.005688604916291858
101 0.0056378607571214365
102 0.006028284685782104
103 0.006028286637931038
104 0.006188364801974019
105 0.006489001592953528
106 0.006375780859570222
107 0.006524128560719647
108 0.006563165682783612
109 0.006613923506996505
110 0.007109796664167918
111 0.007059015414167922
112 0.0070590349356571755
113 0.0071097634776361865
114 0.006953597420039985
115 0.007515829975637189
116 0.006977032967891062
117 0.0071956795039980065
118 0.007156618956146931
119 0.007449474481509249
120 0.007691533139680166
121 0.007344044774487761
122 0.007226933408295858
123 0.007090257605572221
124 0.006949693122188911
125 0.007289378748125942
126 0.006879441138805604
127 0.00663737662418791
128 0.006781820027486264
129 0.006777923538230888
130 0.0065787848263368365
131 0.006719327836081963
132 0.006036106946526739
133 0.006356261322463772
134 0.006168843312718646
135 0.005825269006121941
136 0.005965823728760619
137 0.005794032671164417
138 0.005524626358695652
139 0.005255241519865068
140 0.005333315763993007
141 0.004915536372438778
142 0.0051380872063968
143 0.004974106696651675
144 0.004677387868565716
145 0.004673477714267863
146 0.004466551880309844
147 0.0044665557846076944
148 0.004165905328585706
149 0.004177622126436781
150 0.0038067060219890065
151 0.003974590829585207
152 0.003912133776861571
153 0.003650551677286357
154 0.003572450103073464
155 0.003435811391179409
156 0.003404577008370814
157 0.0033343035513493237
158 0.003267922679285359
159 0.0031625027330084965
160 0.002787684282858572
161 0.003064891382433783
162 0.0030258464517741116
163 0.0028853092984757597
164 0.002850155000624687
165 0.0027837760807096434
166 0.0026705631559220387
167 0.002651039714517741
168 0.0025495279703898035
169 0.0026354225231134446
170 0.0025924713424537726
171 0.0027330241129435297
172 0.0025573463268365815
173 0.0023035513493253365
174 0.002608090486006995
175 0.002467520146176912
176 0.0026002779860069968
177 0.0025065728854322834
178 0.002537811172538729
179 0.0024636295133683146
180 0.0024284869284107945
181 0.0024480123219640174
182 0.0024753482633683155
183 0.0024870631090704635
184 0.002584658842453772
185 0.002455818965517242
186 0.0025729439967516225
187 0.002526104135432284
188 0.0026588483102198872
189 0.0026822819059220387
190 0.002471436156921538
191 0.002584664698900547
192 0.0026041861881559198
193 0.0028618698463268376
194 0.002869682346326836
195 0.002850156952773612
196 0.0028423600699650172
197 0.0027447428629435275
198 0.003088311313093452
199 0.0032601179878810616
200 0.003170317185157422
201 0.0032522996314342844
202 0.0033459949712643677
203 0.0034943758589455263
204 0.0036271200337331323
205 0.0035373192310094955
206 0.003623225496626688
207 0.003631016522988506
208 0.004111266632308845
209 0.004130782265117443
210 0.0039004306440529758
211 0.004271336987756121
212 0.004443118284607693
213 0.0043611475512243866
214 0.004548528470139931
215 0.004536827289480259
216 0.005024864520864566
217 0.0050756086800349855
218 0.005028790292353823
219 0.005220089174162917
220 0.005263034498375809
221 0.005587100980759621
222 0.00561832950712144
223 0.005930675287356322
224 0.006129790573463268
225 0.00591114598950525
226 0.006184446839080461
227 0.006360151955272366
228 0.006898954819465269
229 0.006543648097826094
230 0.006563167634932537
231 0.006770099325337333
232 0.007000454850699657
233 0.007098066201274369
234 0.006688118831209402
235 0.007023894302848582
236 0.0070551306378061
237 0.007316699072338836
238 0.00739870299225388
239 0.0076954296289355375
240 0.00724643928035983
241 0.007359648300849581
242 0.007234726386806604
243 0.007386997907296355
244 0.0072815584395302425
245 0.0072659744346576785
246 0.00723083380184908
247 0.006649052426911548
248 0.007285458833083462
249 0.006984835707146432
250 0.0071097849512743675
251 0.0069926696807846135
252 0.007012169696401807
253 0.006965310313593207
254 0.006375767194527736
255 0.006008753435782112
256 0.006121980025612198
257 0.00586430027173913
258 0.006012673350824591
259 0.005797917447526242
260 0.005680792416291855
261 0.005305975918290854
262 0.005309886072588702
263 0.004981932861694152
264 0.004880411356821592
265 0.0044626417260119925
266 0.004404090923288353
267 0.004341618253373312
268 0.003982411138180909
269 0.0038340322026486763
270 0.0036895829429035485
271 0.003545127826711645
272 0.0032132547007746124
273 0.0032562156421789105
274 0.003146887493753122
275 0.0029360593140929534
276 0.0026198014274112936
277 0.002736930362943528
278 0.002190330615942028
279 0.0021083364567716133
280 0.0021434751374312835
281 0.0019131274206646684
282 0.0015851546882808603
283 0.001784271926536732
284 0.0015226878748125928
285 0.0013001409451524233
286 0.0012259612381309338
287 0.0010619690154922538
288 0.001038545180534732
289 0.0008862853729385309
290 0.000858949431534233
291 0.0008160002030234883
292 0.0006754474325337335
293 0.0005270860663418291
294 0.0004607110507246383
295 0.00042166612006496807
296 0.0003709102480009999
297 0.0003865254872563723
298 0.0003474825087456275
299 0.00019131059470264874
300 0.00022645122751124453
301 0.00017178910544727642
302 0.00013665237693653173
303 0.00010541604197901046
304 0.00012884182908545722
305 0.00014446487693653176
306 0.00011712893553223384
307 7.808595702148923e-05
308 8.19902548725637e-05
309 6.246876561719139e-05
310 8.58965048725637e-05
311 4.685157421289354e-05
312 4.294727636181908e-05
313 3.1234382808595694e-05
314 3.9042978510744616e-05
315 3.904297851074462e-05
316 2.7330084957521233e-05
317 2.3425787106446772e-05
318 2.3425787106446772e-05
319 2.3425787106446772e-05
320 1.1714845702148925e-05
321 3.5138680659670155e-05
322 7.808595702148925e-06
323 1.561719140429785e-05
324 1.561719140429785e-05
325 7.808595702148925e-06
326 1.1712893553223388e-05
327 2.7330084957521233e-05
328 1.561719140429785e-05
329 1.561719140429785e-05
330 1.952148925537231e-05
331 1.1712893553223388e-05
332 3.904297851074463e-06
333 1.1712893553223388e-05
334 1.561719140429785e-05
335 3.904297851074463e-06
336 1.1712893553223388e-05
337 1.9523441404297847e-05
338 3.904297851074463e-06
339 7.808595702148925e-06
340 1.561719140429785e-05
341 0.0
342 0.0
343 7.808595702148925e-06
344 7.808595702148925e-06
345 1.561719140429785e-05
346 7.808595702148925e-06
347 1.1712893553223388e-05
348 3.904297851074463e-06
349 7.808595702148925e-06
350 7.808595702148925e-06
351 7.808595702148925e-06
352 1.561719140429785e-05
353 3.904297851074463e-06
354 1.1712893553223388e-05
355 1.952148925537231e-05
356 1.561719140429785e-05
357 1.1712893553223388e-05
358 0.0
