0 0.0
1 0.0
2 3.904297851074463e-06
3 0.0
4 0.0
5 0.0
6 0.0
7 0.0
8 0.0
9 0.0
10 0.0
11 3.904297851074463e-06
12 0.0
13 0.0
14 0.0
15 3.904297851074463e-06
16 0.0
17 0.0
18 3.904297851074463e-06
19 3.904297851074463e-06
20 0.0
21 1.1712893553223388e-05
22 7.808595702148925e-06
23 7.808595702148925e-06
24 3.904297851074463e-06
25 1.1712893553223388e-05
26 1.561719140429785e-05
27 3.904297851074463e-06
28 1.561719140429785e-05
29 7.808595702148925e-06
30 3.5138680659670155e-05
31 4.2947276361819084e-05
32 3.5138680659670155e-05
33 5.0755872063968e-05
34 5.856446776611692e-05
35 0.000101511744127936
36 0.00010541604197901046
37 0.0001210332333833083
38 0.00014836331834082962
39 0.00023425787106446787
40 0.0002498750624687657
41 0.0002772051474262871
42 0.00033186531734132963
43 0.000491941529235383
44 0.0005583145927036487
45 0.0005817403798100952
46 0.0007340079960019991
47 0.0008784670164917539
48 0.0011010119940029984
49 0.001397738630684657
50 0.0015617191404297852
51 0.0018037856071964015
52 0.0022215454772613686
53 0.002584645177411294
54 0.00303754372813593
55 0.0034279735132433774
56 0.003955053723138428
57 0.004528985507246376
58 0.005161481759120441
59 0.005887681159420292
60 0.006777861069465269
61 0.0072268553223388335
62 0.007980384807596204
63 0.008909607696151926
64 0.009249281609195402
65 0.010018428285857072
66 0.010900799600199903
67 0.011357602448775615
68 0.011092110194902551
69 0.012212643678160929
70 0.011748032233883062
71 0.012571839080459774
72 0.012931034482758627
73 0.012403954272863576
74 0.012860757121439284
75 0.012876374312843589
76 0.012337581209395309
77 0.011939342828585713
78 0.011790979510244888
79 0.011014024237881061
80 0.010354197901049482
81 0.009549912543728136
82 0.009424975012493758
83 0.008683158420789603
84 0.007937437531234385
85 0.0074337831084457795
86 0.006820808345827088
87 0.0065084645177411315
88 0.0057119877561219385
89 0.005344983758120942
90 0.004899893803098451
91 0.003982383808095951
92 0.0037090829585207383
93 0.003439686406796602
94 0.003018022238880559
95 0.0026900612193903033
96 0.0023855259870064964
97 0.002131746626686655
98 0.0018662543728135952
99 0.00160076211894053
100 0.0014133558220889555
101 0.0013508870564717642
102 0.001190810844577711
103 0.0009877873563218392
104 0.0009682658670664667
105 0.0008003810594702647
106 0.0006871564217891056
107 0.000566123188405797
108 0.0006012618690654676
109 0.0005583145927036482
110 0.00045289855072463807
111 0.0004685157421289362
112 0.0003240567216391808
113 0.0003162481259370318
114 0.00031624812593703173
115 0.0003006309345327339
116 0.00026549225387306367
117 0.0002459707646176913
118 0.00021083208395802103
119 0.00023035357321339353
120 0.00028110944527736157
121 0.00018740629685157432
122 0.00018740629685157434
123 0.0001874062968515743
124 0.000167884807596202
125 0.00019911919040479774
126 0.0001717891054472764
127 0.00023425787106446795
128 0.00020692778610694666
129 0.00022644927536231898
130 0.0002693965517241382
131 0.0002733008495752126
132 0.0002459707646176914
133 0.00029672663668165947
134 0.0003162481259370318
135 0.0003201524237881063
136 0.000351386806596702
137 0.0003943340829585213
138 0.00039042978510744675
139 0.0004411856571714148
140 0.0005153673163418295
141 0.0006168790604697655
142 0.0006324962518740631
143 0.0007535294852573715
144 0.0008550412293853073
145 0.0008901799100449774
146 0.0008940842078960524
147 0.0010814905047476263
148 0.0012884182908545726
149 0.0013196526736631677
150 0.0016046664167916043
151 0.001803785607196402
152 0.0020497563718140928
153 0.0022098325837081444
154 0.002569027986006996
155 0.0029008933033483264
156 0.0031780984507746132
157 0.00348263368315842
158 0.0036739442778610672
159 0.004372813593203396
160 0.004638305847076462
161 0.005071682908545724
162 0.005567528735632183
163 0.0063093453273363265
164 0.006547507496251874
165 0.007277611194402797
166 0.007605572213893059
167 0.007988193403298352
168 0.008577742378810595
169 0.009292228885557217
170 0.009944246626686653
171 0.009788074712643676
172 0.010315154922538735
173 0.01050646551724137
174 0.010850043728135939
175 0.011587956021989006
176 0.011580147426286857
177 0.011681659170414792
178 0.011958864317841076
179 0.011818309595202399
180 0.01166994627686157
181 0.012087706146926537
182 0.011513774362818589
183 0.011306846576711646
184 0.010959364067966016
185 0.010748531984007992
186 0.010467422538730639
187 0.010022332583708144
188 0.009522582458770612
189 0.008905703398300843
190 0.008569933783108448
191 0.00772270114942529
192 0.007406453023488257
193 0.0070941091954023015
194 0.0066373063468265865
195 0.005875968265867068
196 0.005395739630184905
197 0.005071682908545727
198 0.0042010244877561205
199 0.0038886806596701634
200 0.0035372938530734642
201 0.0032718015992003998
202 0.0030453523238380817
203 0.002604166666666664
204 0.002377717391304346
205 0.0022215454772613694
206 0.0017139867566216892
207 0.001667135182408796
208 0.001386025737131434
209 0.001280609695152423
210 0.0012103323338330837
211 0.0009916916541729134
212 0.0008159982508745626
213 0.0006637306346826587
214 0.0006559220389805097
215 0.0005114630184907549
216 0.0005817403798100953
217 0.0004607071464267873
218 0.0003670039980009998
219 0.0003709082958520744
220 0.00030453523238380847
221 0.00028891804097951046
222 0.00025377936031984025
223 0.0002967266366816594
224 0.0001795977011494253
225 0.00024206646676661688
226 0.00018350199900049981
227 0.0001366504247876062
228 0.00017959770114942537
229 0.00014445902048975512
230 0.00010541604197901046
231 0.00013274612693653173
232 0.0001366504247876062
233 0.00010932033983008492
234 0.0001210332333833083
235 0.0001210332333833083
236 0.00011322463768115938
237 7.027736131934031e-05
238 0.00011712893553223384
239 0.00011322463768115938
240 0.00013274612693653173
241 0.00014055472263868065
242 0.00015226761619190407
243 0.00011322463768115938
244 0.00012884182908545725
245 0.00012884182908545722
246 0.00017569340329835095
247 0.00021083208395802105
248 0.00018740629685157432
249 0.00027330084957521256
250 0.00021473638180909558
251 0.0002733008495752126
252 0.0002889180409795104
253 0.00031624812593703184
254 0.0003240567216391807
255 0.000417759870064968
256 0.0004255684657671169
257 0.0004802286356821595
258 0.0006442091454272863
259 0.0007222951024487758
260 0.000800381059470265
261 0.0008745627186406791
262 0.0009760744627686155
263 0.0010307346326836584
264 0.0011869065467266363
265 0.001366504247876062
266 0.001514867566216891
267 0.001858445777111444
268 0.0018896801599200405
269 0.002229354072963518
270 0.0022566841579210396
271 0.0024167603698150904
272 0.0029126061969015483
273 0.0032561844077961008
274 0.003392834832583706
275 0.0035685282358820583
276 0.004173694402798599
277 0.004240067466266863
278 0.004462612443778109
279 0.004876468015992006
280 0.00529813218390804
281 0.005282514992503744
282 0.0055323900549725125
283 0.005833020989505245
284 0.005930628435782108
285 0.005692466266866566
286 0.00588768115942029
287 0.006328866816591706
288 0.0059813843078460735
289 0.00627420664667666
290 0.006200024987506244
291 0.005879872563718136
292 0.005532390054972516
293 0.005821308095952021
294 0.00545039980009995
295 0.005005309845077456
296 0.004880372313843077
297 0.004673444527736129
298 0.004056565467266365
299 0.004111225637181408
300 0.0039277236381809084
301 0.003490442278860569
302 0.0032835144927536217
303 0.0028110944527736104
304 0.002451899050474763
305 0.0022098325837081457
306 0.0019716704147926035
307 0.0018233070964517742
308 0.0014992503748125934
309 0.0014367816091954018
310 0.0011049162918540727
311 0.001085394802598701
312 0.0009643615692153921
313 0.0007418165917041476
314 0.000554410294852574
315 0.0005387931034482763
316 0.00048803723138430845
317 0.0003943340829585213
318 0.00032796101949025526
319 0.00024206646676661693
320 0.00018740629685157423
321 0.000160076211894053
322 0.00014055472263868068
323 0.00011712893553223384
324 5.0755872063968006e-05
325 9.760744627686154e-05
326 6.637306346826585e-05
327 3.9042978510744616e-05
328 3.1234382808595694e-05
329 5.466016991504247e-05
330 1.561719140429785e-05
331 1.561719140429785e-05
332 2.3425787106446772e-05
333 1.1712893553223388e-05
334 1.952148925537231e-05
335 3.904297851074463e-06
336 1.1712893553223388e-05
337 1.561719140429785e-05
338 7.808595702148925e-06
339 3.904297851074463e-06
340 3.904297851074463e-06
341 3.904297851074463e-06
342 7.808595702148925e-06
343 0.0
344 0.0
345 3.904297851074463e-06
346 0.0
347 0.0
348 7.808595702148925e-06
349 0.0
350 0.0
351 0.0
352 0.0
353 0.0
354 0.0
355 3.904297851074463e-06
356 0.0
357 0.0
358 0.0
