0 0.0
1 0.0
2 0.0
3 0.0
4 0.0
5 0.0
6 0.0
7 7.808595702148925e-06
8 0.0
9 0.0
10 0.0
11 3.904297851074463e-06
12 3.904297851074463e-06
13 3.904297851074463e-06
14 0.0
15 3.904297851074463e-06
16 7.808595702148925e-06
17 3.904297851074463e-06
18 3.904297851074463e-06
19 0.0
20 1.1712893553223388e-05
21 1.952148925537231e-05
22 2.3425787106446772e-05
23 2.3425787106446772e-05
24 1.952148925537231e-05
25 7.808595702148925e-06
26 4.685157421289354e-05
27 4.685157421289354e-05
28 4.685157421289354e-05
29 6.246876561719139e-05
30 7.027736131934031e-05
31 0.00010932033983008492
32 0.00010932033983008492
33 0.0001717891054472764
34 0.00022254497751124456
35 0.00018350199900049984
36 0.00026549225387306367
37 0.00022644927536231898
38 0.00032405672163918073
39 0.0004216641679160423
40 0.0004568028485757126
41 0.0006090704647676161
42 0.0006207833583208395
43 0.000776955272363818
44 0.000905797101449275
45 0.0010229260369815087
46 0.001007308845577211
47 0.0012845139930034986
48 0.0014523988005997002
49 0.0017335082458770613
50 0.0020848950524737643
51 0.0022176411794102946
52 0.002280109945027486
53 0.002326961519240377
54 0.002647113943028485
55 0.0029126061969015496
56 0.003084395302348826
57 0.003150768365817091
58 0.0033069402798600704
59 0.003556815342328836
60 0.00375983883058471
61 0.0039472451274362805
62 0.0037754560219890074
63 0.004228354572713643
64 0.004154172913543227
65 0.004165885807096454
66 0.004232258870564719
67 0.004240067466266863
68 0.004079991254372813
69 0.004201024487756121
70 0.004232258870564719
71 0.0038496376811594213
72 0.0039121064467766125
73 0.0037168915542228884
74 0.003670039980009995
75 0.0033655047476261863
76 0.00333427036481759
77 0.0030414480259870064
78 0.0028228073463268354
79 0.0027251999000499766
80 0.002693965517241379
81 0.0024597076461769125
82 0.0021903110944527723
83 0.002069277861069466
84 0.0018974887556221893
85 0.0016359007996002003
86 0.0016163793103448273
87 0.001495346076961519
88 0.0011790979510244875
89 0.00112834207896052
90 0.001089299100449775
91 0.0010502561219390301
92 0.0009995002498750622
93 0.0007301036981509246
94 0.0007613380809595203
95 0.0006207833583208398
96 0.000605166166916542
97 0.00047632433783108513
98 0.00046070714642678707
99 0.00045289855072463823
100 0.0003201524237881063
101 0.0004060469765117447
102 0.0003865254872563721
103 0.00026158795602198925
104 0.0003006309345327339
105 0.0003435782108945531
106 0.00022254497751124453
107 0.0001952148925537233
108 0.00021473638180909558
109 0.0001717891054472764
110 0.00014836331834082957
111 0.00017569340329835092
112 0.0001991191904047977
113 0.00014055472263868065
114 0.00013665042478760617
115 0.00017178910544727642
116 0.00010541604197901046
117 0.00011322463768115938
118 0.0001366504247876062
119 0.00015226761619190404
120 0.00013665042478760617
121 0.000101511744127936
122 0.00015617191404297855
123 0.00012884182908545725
124 0.0001210332333833083
125 0.00018350199900049976
126 0.0001522676161919041
127 0.00018350199900049984
128 0.0001756934032983509
129 0.00019131059470264874
130 0.00017569340329835086
131 0.000226449275362319
132 0.00019521489255372318
133 0.00025768365817091483
134 0.0002615879560219892
135 0.0002850137431284361
136 0.000351386806596702
137 0.0003513868065967019
138 0.0004021426786606702
139 0.0004450899550224893
140 0.0005505059970014998
141 0.0005700274862568719
142 0.0007301036981509248
143 0.0007574337831084459
144 0.0008277111444277853
145 0.001065873313343328
146 0.001042447526236881
147 0.001264992503748126
148 0.0015421976511744138
149 0.0015890492253873055
150 0.0019638618190904547
151 0.0023074400299850067
152 0.0026041666666666657
153 0.0028696589205397284
154 0.003377217641179411
155 0.0036036669165417303
156 0.003955053723138432
157 0.00478276486756621
158 0.00541526111944028
159 0.006000905797101451
160 0.0067153923038480836
161 0.007394740129935036
162 0.008495752123938037
163 0.00921023863068465
164 0.010459613943028488
165 0.011205334832583718
166 0.011857352573713153
167 0.013399550224887584
168 0.014438093453273387
169 0.014933939280359843
170 0.01638243378310847
171 0.017229666416791616
172 0.018174506496751626
173 0.019002217641179417
174 0.019724512743628176
175 0.02036872188905548
176 0.02066544852573713
177 0.021176911544227885
178 0.021661044477761127
179 0.021376030734632685
180 0.02145411669165417
181 0.021153485757121438
182 0.021141772863568217
183 0.020501468015992005
184 0.01995877061469264
185 0.019572245127436282
186 0.01912325087456272
187 0.0180417603698151
188 0.01685875812093956
189 0.01586706646676664
190 0.014961269365317364
191 0.013844640179910068
192 0.01311453648175914
193 0.012376624187906055
194 0.01104525862068965
195 0.010377623688155915
196 0.009440592203898047
197 0.008562125187406296
198 0.007379122938530743
199 0.006840329835082465
200 0.005844733883058472
201 0.0054425912043977965
202 0.004720296101949021
203 0.004298631934032984
204 0.003853541979010495
205 0.003283514492753623
206 0.002963362068965517
207 0.0026041666666666665
208 0.00222154547726137
209 0.001959957521239381
210 0.001733508245877062
211 0.0013508870564717646
212 0.0012376624187906045
213 0.0011400549725137422
214 0.0009799787606196901
215 0.0010229260369815092
216 0.0007066779110444779
217 0.0006949650174912545
218 0.0005817403798100952
219 0.00045289855072463823
220 0.000484132933533234
221 0.0003787168915542233
222 0.000351386806596702
223 0.0003552911044477766
224 0.0003162481259370318
225 0.0002733008495752126
226 0.0001952148925537232
227 0.00023816216891554246
228 0.00020302348825587219
229 0.00023035357321339348
230 0.00019131059470264882
231 0.00019131059470264884
232 0.00013274612693653173
233 0.00011712893553223384
234 0.0001327461269365317
235 0.00012493753123438278
236 0.00014836331834082962
237 0.0001210332333833083
238 0.0001366504247876062
239 0.00014445902048975515
240 0.00013274612693653173
241 0.0001639805097451275
242 0.00012493753123438278
243 0.00014445902048975512
244 0.0001210332333833083
245 0.00016788480759620192
246 0.00017959770114942542
247 0.0002069277861069467
248 0.00014836331834082962
249 0.00016007621189405302
250 0.00016398050974512747
251 0.00023425787106446793
252 0.0002576836581709147
253 0.00023816216891554243
254 0.0003357696151924042
255 0.0003045352323838084
256 0.0003162481259370318
257 0.00032405672163918073
258 0.0004411856571714148
259 0.0004450899550224894
260 0.0004997501249375319
261 0.00047242003998001055
262 0.00045680284857571287
263 0.0006988693153423287
264 0.0006871564217891056
265 0.0008628498250874558
266 0.0008979885057471264
267 0.0009916916541729127
268 0.0009955959520239878
269 0.0011361506746626682
270 0.0012610882058970512
271 0.001292322588705647
272 0.0015734320339830087
273 0.0016593265867066468
274 0.0015695277361319343
275 0.0020107133933033486
276 0.00213565092453773
277 0.002202023988005997
278 0.0023152486256871547
279 0.0027408170914542734
280 0.002693965517241378
281 0.0031039167916041984
282 0.0030687781109445277
283 0.0034553035982008975
284 0.003467016491754124
285 0.003642709895052473
286 0.0039316279360319855
287 0.0038769677661169436
288 0.0041893115942029
289 0.004150268615692153
290 0.004154172913543227
291 0.003951149425287358
292 0.004243971764117939
293 0.004263493253373311
294 0.004212737381309344
295 0.0038925849575212404
296 0.004040948275862071
297 0.003904297851074466
298 0.0038379247876061985
299 0.0037676474262868585
300 0.0035568153423288355
301 0.0034474950024987504
302 0.0030024050474762587
303 0.0029985007496251877
304 0.0026978698150924513
305 0.0025885494752623684
306 0.002490942028985506
307 0.0022332583708145905
308 0.0020068090954522733
309 0.00181159420289855
310 0.001807689905047476
311 0.0014055472263868065
312 0.0014250687156421788
313 0.0012454710144927537
314 0.001061969015492253
315 0.0008667541229385305
316 0.0007066779110444783
317 0.00072619940029985
318 0.000577836081959021
319 0.00047632433783108513
320 0.00040214267866067
321 0.0003045352323838084
322 0.0002654922538730638
323 0.00022254497751124456
324 0.00022254497751124448
325 0.00017178910544727642
326 0.00014836331834082962
327 8.589455272363815e-05
328 6.246876561719139e-05
329 0.00010541604197901046
330 5.856446776611692e-05
331 3.1234382808595694e-05
332 5.0755872063968e-05
333 3.1234382808595694e-05
334 3.9042978510744616e-05
335 1.952148925537231e-05
336 1.1712893553223388e-05
337 2.3425787106446772e-05
338 1.952148925537231e-05
339 7.808595702148925e-06
340 0.0
341 0.0
342 7.808595702148925e-06
343 7.808595702148925e-06
344 3.904297851074463e-06
345 7.808595702148925e-06
346 1.1712893553223388e-05
347 0.0
348 0.0
349 3.904297851074463e-06
350 0.0
351 0.0
352 0.0
353 0.0
354 0.0
355 1.1712893553223388e-05
356 0.0
357 0.0
358 0.0
