0 0.0
1 0.0
2 0.0
3 0.0
4 0.0
5 0.0
6 0.0
7 0.0
8 7.808595702148925e-06
9 0.0
10 0.0
11 3.904297851074463e-06
12 0.0
13 3.904297851074463e-06
14 3.904297851074463e-06
15 0.0
16 1.561719140429785e-05
17 7.808595702148925e-06
18 3.904297851074463e-06
19 0.0
20 3.904297851074463e-06
21 7.808595702148925e-06
22 7.808595702148925e-06
23 1.1712893553223388e-05
24 1.1712893553223388e-05
25 3.904297851074463e-06
26 3.904297851074462e-05
27 5.0755872063968e-05
28 3.9042978510744616e-05
29 4.294727636181908e-05
30 8.589455272363815e-05
31 9.760744627686154e-05
32 0.00011712893553223384
33 0.00012884182908545725
34 0.00018350199900049984
35 0.00024987506246876577
36 0.0002303535732133934
37 0.0003201524237881062
38 0.0003435782108945531
39 0.000425568465767117
40 0.0005231759120439784
41 0.0005973575712143929
42 0.0007183908045977015
43 0.0008550412293853074
44 0.001081490504747626
45 0.001409451524237882
46 0.0014719202898550723
47 0.0018935844577711153
48 0.002045852073963018
49 0.002330865817091454
50 0.002506559220389804
51 0.003162481259370315
52 0.003549006746626688
53 0.004083895552223887
54 0.004431378060969513
55 0.004997501249375311
56 0.00550505997001499
57 0.006313249625187405
58 0.006512368815592204
59 0.007554816341829095
60 0.007593859320339836
61 0.008054566466766624
62 0.0085308908045977
63 0.008815904547726135
64 0.009206334332833584
65 0.009916916541729135
66 0.00951477386306847
67 0.009588955522238879
68 0.009616285607196401
69 0.00973341454272864
70 0.009385932033983009
71 0.009604572713643173
72 0.00876905297351324
73 0.008339580209895054
74 0.008046757871064472
75 0.007835925787106455
76 0.007593859320339831
77 0.0066997751124437755
78 0.006352292603698151
79 0.005747126436781609
80 0.005091204397801097
81 0.004548506996501745
82 0.0040682783608195884
83 0.0036778485757121434
84 0.0031702898550724666
85 0.002768147176411794
86 0.0024558033483258377
87 0.0022683970514742616
88 0.001838924287856073
89 0.001674943778110945
90 0.0013391741629185405
91 0.001206428035982008
92 0.0010853948025987005
93 0.0008003810594702648
94 0.0007613380809595203
95 0.0007379122938530732
96 0.0005036544227886063
97 0.0004333770614692659
98 0.00037481259370314885
99 0.0002967266366816594
100 0.00028501374312843604
101 0.00031624812593703184
102 0.00024206646676661688
103 0.0002342578710644679
104 0.00017569340329835092
105 0.00016398050974512744
106 0.00012884182908545725
107 0.00012493753123438278
108 0.00010932033983008492
109 8.979885057471262e-05
110 8.979885057471262e-05
111 7.027736131934031e-05
112 6.246876561719139e-05
113 5.856446776611692e-05
114 4.685157421289354e-05
115 4.2947276361819084e-05
116 8.19902548725637e-05
117 5.466016991504246e-05
118 4.685157421289354e-05
119 3.9042978510744616e-05
120 6.637306346826585e-05
121 5.466016991504246e-05
122 7.027736131934031e-05
123 4.294727636181908e-05
124 5.0755872063968e-05
125 3.5138680659670155e-05
126 5.466016991504247e-05
127 6.637306346826585e-05
128 5.856446776611693e-05
129 5.466016991504246e-05
130 7.808595702148923e-05
131 8.19902548725637e-05
132 7.808595702148923e-05
133 9.370314842578708e-05
134 7.808595702148925e-05
135 0.00010541604197901046
136 0.00011712893553223386
137 0.0001483633183408296
138 0.00014445902048975515
139 0.0001991191904047977
140 0.0001952148925537233
141 0.0002459707646176913
142 0.0003084395302348829
143 0.00035138680659670195
144 0.0003982383808095957
145 0.00043728135932034044
146 0.000519271614192904
147 0.0006481134432783606
148 0.0007457208895552226
149 0.0008042853573213391
150 0.001007308845577211
151 0.0012064280359820082
152 0.0014758245877061471
153 0.0014758245877061476
154 0.0016944652673663166
155 0.002034139180409796
156 0.0023972388805597183
157 0.0027837643678160925
158 0.003170289855072463
159 0.0035333895552223903
160 0.00406827836081959
161 0.0045563155922038944
162 0.005044352823588205
163 0.005833020989505247
164 0.006387431284357819
165 0.00714876936531735
166 0.007621189405297356
167 0.00847623063468266
168 0.00947573088455772
169 0.010006715392303854
170 0.010568934282858572
171 0.011306846576711648
172 0.011939342828585721
173 0.012521083208395813
174 0.01327070839580212
175 0.013403454522738651
176 0.014297538730634702
177 0.014383433283358341
178 0.014574743878060988
179 0.014785575962019014
180 0.014551318090954541
181 0.014703585707146452
182 0.014242878560719664
183 0.014153079710144949
184 0.013747032733633199
185 0.013122345077461291
186 0.012423475762118956
187 0.012193122188905555
188 0.010850043728135932
189 0.010994502748625689
190 0.00974903173413293
191 0.009464017991004499
192 0.00840595327336332
193 0.0077500312343828145
194 0.007058970514742638
195 0.006192216391804102
196 0.005848638180909548
197 0.005028735632183907
198 0.0045719327836081965
199 0.004079991254372813
200 0.0034123563218390806
201 0.0030102136431784106
202 0.0026510182408795604
203 0.0023347701149425268
204 0.0020458520739630188
205 0.0017608383308345835
206 0.001510963268365817
207 0.0013508870564717646
208 0.0011595764617691156
209 0.0010346389305347327
210 0.0008745627186406796
211 0.0006559220389805095
212 0.0006949650174912545
213 0.00046070714642678734
214 0.0004333770614692661
215 0.00042166416791604243
216 0.0003943340829585213
217 0.0002537793603198403
218 0.00021864067966016998
219 0.0001913105947026488
220 0.00021864067966017003
221 0.0001522676161919041
222 0.00016788480759620192
223 0.00014836331834082962
224 8.589455272363815e-05
225 9.760744627686154e-05
226 8.589455272363815e-05
227 8.19902548725637e-05
228 7.418165917041477e-05
229 6.637306346826585e-05
230 6.637306346826585e-05
231 4.685157421289354e-05
232 3.9042978510744616e-05
233 7.418165917041477e-05
234 8.589455272363815e-05
235 1.952148925537231e-05
236 6.246876561719139e-05
237 3.513868065967016e-05
238 5.0755872063968e-05
239 3.513868065967016e-05
240 5.0755872063968e-05
241 7.418165917041477e-05
242 7.027736131934031e-05
243 5.0755872063968006e-05
244 5.466016991504247e-05
245 5.856446776611692e-05
246 3.9042978510744616e-05
247 8.979885057471262e-05
248 7.027736131934031e-05
249 0.00010541604197901046
250 5.466016991504247e-05
251 7.808595702148923e-05
252 0.0001210332333833083
253 8.19902548725637e-05
254 0.00015226761619190404
255 0.00015226761619190407
256 0.00021864067966017008
257 0.0002537793603198402
258 0.00023425787106446798
259 0.00032015242378810626
260 0.00031234382808595726
261 0.00041385557221389343
262 0.0003865254872563723
263 0.0004411856571714148
264 0.000605166166916542
265 0.0007925724637681156
266 0.0009331271864067966
267 0.0010541604197901045
268 0.0012142366316841582
269 0.0014406859070464771
270 0.0015890492253873066
271 0.001987287606196901
272 0.0023191529235382304
273 0.0023464830084957504
274 0.0027603385807096446
275 0.0031390554722638673
276 0.0034045477261369305
277 0.00423616316841579
278 0.004283014742628686
279 0.005087300099950027
280 0.005684657671164418
281 0.006149269115442282
282 0.006508464517741136
283 0.0072502811094452835
284 0.007523581959020501
285 0.00841376186906547
286 0.008249781359320344
287 0.008827617441279363
288 0.009190717141429283
289 0.00976464892553723
290 0.00995205522238881
291 0.00972170164917541
292 0.009932533733133435
293 0.009667041479260365
294 0.009503060969515243
295 0.009206334332833584
296 0.008858851824087953
297 0.008296632933533233
298 0.007996001999000501
299 0.007429878810594706
300 0.007433783108445781
301 0.006254685157421291
302 0.006262493753123441
303 0.005380122438780612
304 0.004942841079460269
305 0.004650018740629683
306 0.004138555722138927
307 0.003533389555222389
308 0.0031468640679660174
309 0.002752529985007494
310 0.002350387306346826
311 0.002080990754622688
312 0.0017296039480259875
313 0.001561719140429785
314 0.001319652673663168
315 0.0011205334832583708
316 0.0008784670164917538
317 0.0008199025487256369
318 0.0005739317841079463
319 0.0004724200399800106
320 0.00042166416791604227
321 0.0003748125937031488
322 0.00028501374312843615
323 0.00025377936031984025
324 0.0002030234882558722
325 0.00016788480759620197
326 0.00014055472263868068
327 0.00010541604197901046
328 8.589455272363815e-05
329 7.808595702148923e-05
330 3.5138680659670155e-05
331 3.1234382808595694e-05
332 4.2947276361819084e-05
333 5.856446776611693e-05
334 2.7330084957521233e-05
335 7.808595702148925e-06
336 2.3425787106446772e-05
337 3.904297851074463e-06
338 3.904297851074463e-06
339 7.808595702148925e-06
340 1.1712893553223388e-05
341 3.904297851074463e-06
342 7.808595702148925e-06
343 7.808595702148925e-06
344 7.808595702148925e-06
345 0.0
346 0.0
347 0.0
348 3.904297851074463e-06
349 3.904297851074463e-06
350 0.0
351 0.0
352 0.0
353 0.0
354 3.904297851074463e-06
355 3.904297851074463e-06
356 0.0
357 0.0
358 0.0
