0 6.253523447769945e-05
1 0.00010549032921258447
2 9.378133995721218e-05
3 0.00012112510364082694
4 0.000136769670098914
5 0.00012111532921258446
6 0.00010548054500697821
7 0.00014847279117702046
8 0.00019146894164491377
9 0.0001797071622551269
10 0.0001992775256165734
11 0.00019928730982217966
12 0.00029696903355525147
13 0.0002617384826380626
14 0.0002773810891229858
15 0.0003555354632476578
16 0.0003164709759072643
17 0.00045713126903741046
18 0.00043757849652414677
19 0.00048447895657360385
20 0.0006250825298573798
21 0.0006133637583495266
22 0.0007695571792690283
23 0.0008046880415556325
24 0.0008592954076526458
25 0.0009414420807795277
26 0.0011600924977233464
27 0.0010702056733647282
28 0.0013240260972418143
29 0.0012615241235850365
30 0.0014646355582458473
31 0.001655993078823632
32 0.0018472371870641708
33 0.0020931648812294945
34 0.0021947352523956297
35 0.002475862294380551
36 0.0025579072915364537
37 0.002835079203555923
38 0.003100585069678396
39 0.003623682831253529
40 0.003967337218960148
41 0.0038305831699588892
42 0.004392946715046168
43 0.00466618302444882
44 0.00485348374298469
45 0.005435292487093159
46 0.00554454632092988
47 0.005544562020234709
48 0.006149735935141383
49 0.0065284586616345276
50 0.006657237916368228
51 0.0070672243137749665
52 0.007496661928923398
53 0.007824660056833098
54 0.007863736251219408
55 0.007867595565578644
56 0.007871523324408294
57 0.008019913955232482
58 0.008558728583135408
59 0.008347886718889764
60 0.008371234363351607
61 0.008101951135956706
62 0.008039412014794491
63 0.00778953892009966
64 0.007609925582215834
65 0.007598290813717354
66 0.007153091481667451
67 0.006934468412398453
68 0.007118023129185565
69 0.006501083563829605
70 0.005872481815835381
71 0.00580997206485638
72 0.005282915265123431
73 0.004724565510266409
74 0.004263801741755157
75 0.004252084947822067
76 0.003791360235972939
77 0.0033852800670583503
78 0.003307213631526116
79 0.00311194015691476
80 0.002698098294700441
81 0.002463822836705779
82 0.002085092248823861
83 0.0018390570378892588
84 0.0018039086140748265
85 0.0014329690701563307
86 0.001397834291841385
87 0.0012065354334932685
88 0.0012416448162823153
89 0.0009722345936445857
90 0.0008160568329321945
91 0.0006247423241543313
92 0.0007106193075376391
93 0.0006520431210185928
94 0.0006559630341079461
95 0.0005154005106860654
96 0.0004412364286802189
97 0.00032408600777931475
98 0.00032798639742628714
99 0.0002538066943110486
100 0.00023036724020899767
101 0.00023036724020899767
102 0.00022646489645997427
103 0.00013665042478760617
104 0.00023426372751124454
105 0.00014056448338330837
106 0.00017179496189405298
107 0.00013276369627686157
108 8.980080272363816e-05
109 0.00010932814842578709
110 0.000109324244127936
111 0.00011713283983008493
112 9.371291112354026e-05
113 6.247071776611692e-05
114 9.370705272363815e-05
115 6.2474622063968e-05
116 7.808790917041478e-05
117 7.027931346826585e-05
118 3.9046882808595695e-05
119 8.59023632724658e-05
120 7.027931346826585e-05
121 7.028126561719138e-05
122 7.418165917041477e-05
123 5.075977636181908e-05
124 7.028126561719138e-05
125 8.590040917041478e-05
126 6.247266991504246e-05
127 8.199611131934032e-05
128 7.028321776611692e-05
129 9.370705272363815e-05
130 7.027736131934031e-05
131 8.979885057471263e-05
132 8.58965048725637e-05
133 0.00013666409178321047
134 0.00011322854197901048
135 0.00014446487693653176
136 0.00015618167478760622
137 0.00022255473825587218
138 0.00018351761814502956
139 0.00019913285544727647
140 0.00025769537301759344
141 0.00029675396676661687
142 0.00032407233883058496
143 0.0003709317216391808
144 0.0004060684501499254
145 0.00040215829585207435
146 0.0005349298046308889
147 0.0006052110722012059
148 0.0006169298222012057
149 0.0006208380243501314
150 0.0008043263583081522
151 0.0008199650253037562
152 0.0009839552918872606
153 0.0008746017635723155
154 0.0011479397059302385
155 0.0013041135858057578
156 0.0013197327137222403
157 0.0013392581150879661
158 0.001522752301586513
159 0.001542283549633387
160 0.0017570375046890632
161 0.0017570453191441424
162 0.002018623514421503
163 0.00204208054372326
164 0.0021787329069879137
165 0.0021396879802344946
166 0.0023076001218219054
167 0.0023036626335328453
168 0.002315389190175422
169 0.0024441978327291443
170 0.0023544224059884144
171 0.00260042832881802
172 0.002420814994852186
173 0.002420814996805311
174 0.0024911138415284594
175 0.002319320818111454
176 0.0025418814206266045
177 0.0024910923600777774
178 0.002569172458699364
179 0.00242084428099232
180 0.0024051899928990597
181 0.0022021684626514905
182 0.00212409617067248
183 0.0020967387517237504
184 0.001940576596472274
185 0.0021748500847281462
186 0.0017453421765699195
187 0.001499342133624595
188 0.0015657093406460849
189 0.001557937841632898
190 0.001386146784036696
191 0.001280693643415598
192 0.0012260393377598346
193 0.0011791838514365882
194 0.0009956701434487862
195 0.0010034748270405813
196 0.0008472931522529754
197 0.00088633418056792
198 0.0008121349501040501
199 0.0006754884296142948
200 0.000616900534107946
201 0.0006091153680991546
202 0.0005974005223970059
203 0.0005544454354863591
204 0.00042558017866066997
205 0.0004490196308095955
206 0.0003709239130434786
207 0.0003084551474262871
208 0.0003670254716391807
209 0.0002733184189155424
210 0.00023817192966017002
211 0.00024208989255372314
212 0.00023817583395802108
213 0.0002147519990004999
214 0.00023036138180909546
215 0.0002186465361069466
216 0.00013274612693653173
217 0.00020303520114942541
218 0.00014056057908545726
219 0.00014836331834082957
220 0.00016398050974512741
221 0.00016399417478760625
222 0.0001366523769365317
223 0.00016788871189405308
224 0.00012884963963428488
225 0.0001405566747876062
226 0.00011713479197901047
227 0.00014446292478760623
228 0.0001405605790854573
229 0.00011322658983008494
230 0.000109324244127936
231 0.00019521879685157424
232 0.0001288437812343828
233 0.00011322854197901047
234 0.00010541799412793602
235 0.00011713088768115938
236 0.00012885158983008495
237 0.00013274807908545728
238 0.00014055862693653176
239 0.00010932814842578708
240 0.00010542189842578709
241 0.00010541604197901046
242 0.0001288496376811594
243 0.0001405625331875083
244 0.00010932229197901045
245 0.0001483691747876062
246 0.0001639844140429785
247 0.0002186465380600721
248 0.00013665237693653173
249 0.00022255669235792317
250 0.00017180081834082967
251 0.00018741410544727646
252 0.00021864653610694662
253 0.0002615977167666169
254 0.00028112701657081676
255 0.0002850254579751147
256 0.0003514160907837105
257 0.0003396875780859573
258 0.00046854112201809333
259 0.0005388184852905588
260 0.0005075762899800102
261 0.0006130040507119502
262 0.0007574591629976034
263 0.0007613732196401802
264 0.0008628830135723162
265 0.001089336193232486
266 0.0011049748602280898
267 0.0013470510857862088
268 0.001507123393382411
269 0.0016671976531275382
270 0.0020303344480132996
271 0.0020732934372686717
272 0.002428588449920548
273 0.002959572961572927
274 0.0033188191158375897
275 0.003627231312081265
276 0.004095803678247794
277 0.004829796060964639
278 0.005313979750369936
279 0.005763044288417318
280 0.006430667498291875
281 0.006676655838109271
282 0.0077269392881801355
283 0.008468837883811035
284 0.009222308792881882
285 0.01007355505842782
286 0.011143340454780423
287 0.01193988167637667
288 0.01283009673486793
289 0.01324390544184747
290 0.014196634175146841
291 0.015332800437692298
292 0.015774124722828048
293 0.016355851441513646
294 0.016511956949278293
295 0.017234359464851603
296 0.01755058608198247
297 0.01806607836319927
298 0.018007533450137284
299 0.017640490405274996
300 0.01755844545308792
301 0.017804437697203163
302 0.01738272081150052
303 0.016703330042043444
304 0.016269968603624962
305 0.01562570479412151
306 0.014786272949509658
307 0.013985833304075511
308 0.013263540198721013
309 0.01218593249278392
310 0.011701709731103233
311 0.011006801341544081
312 0.010065814811387309
313 0.009351191622954148
314 0.008570376999074772
315 0.007598122838983836
316 0.006657159732649308
317 0.006048044360643904
318 0.005739569689775233
319 0.005036776566823062
320 0.004537012749487558
321 0.003986512634335205
322 0.003494535954700412
323 0.0031118913473205108
324 0.0026511353776275926
325 0.002096697750736937
326 0.0019248949763409314
327 0.0017140921980777722
328 0.0014290550389395927
329 0.0012689495272100548
330 0.0009956584246958566
331 0.000847271676661669
332 0.0007340450868315838
333 0.0006872169638199009
334 0.00046856066696832733
335 0.0004919610546308891
336 0.0002772246806460318
337 0.00027724030956792527
338 0.00030847273045023167
339 0.00024992978324425263
340 0.00021086137792239345
341 0.00018742779395073376
342 0.00020694145310255085
343 0.00016401175585842537
344 0.00018352544824858482
345 0.0001132578594043614
346 0.00010542971875197853
347 7.810550197172318e-05
348 0.00010546098832625498
349 4.29590009858616e-05
350 8.592582229791463e-05
351 7.420902444684016e-05
352 7.811332229791462e-05
353 9.376569930482929e-05
354 6.638283594338282e-05
355 7.422856939707412e-05
356 7.812309672615708e-05
357 7.812114262410605e-05
358 9.380675308471201e-05
