0 0.0
1 0.0
2 0.0
3 0.0
4 0.0
5 0.0
6 0.0
7 0.0
8 3.904297851074463e-06
9 7.808595702148925e-06
10 0.0
11 0.0
12 3.904297851074463e-06
13 3.904297851074463e-06
14 0.0
15 3.904297851074463e-06
16 1.1712893553223388e-05
17 3.904297851074463e-06
18 3.904297851074463e-06
19 7.808595702148925e-06
20 3.904297851074463e-06
21 1.952148925537231e-05
22 2.3425787106446772e-05
23 1.952148925537231e-05
24 1.952148925537231e-05
25 2.3425787106446772e-05
26 3.5138680659670155e-05
27 2.7330084957521233e-05
28 4.294727636181908e-05
29 0.00010541604197901046
30 8.19902548725637e-05
31 7.418165917041477e-05
32 0.00012493753123438278
33 9.760744627686154e-05
34 0.00019521489255372324
35 0.0002459707646176913
36 0.0003006309345327339
37 0.00035138680659670195
38 0.00043728135932034033
39 0.00047632433783108497
40 0.0005348888055972015
41 0.0005426974012993508
42 0.0007808595702148923
43 0.0009057971014492755
44 0.0009682658670664673
45 0.0011478635682158915
46 0.001140054972513743
47 0.0012962268865567216
48 0.001495346076961519
49 0.0016437093953023492
50 0.0018389242878560728
51 0.0021590767116441787
52 0.0022137368815592206
53 0.0023542916041979
54 0.002483133433283357
55 0.0026510182408795583
56 0.0027993815592203884
57 0.0030258308345827074
58 0.003021926536731632
59 0.003240567216391805
60 0.0033030359820089943
61 0.003388930534732634
62 0.0034709207896051965
63 0.0036661356821589214
64 0.0035490067466266866
65 0.003494346576711644
66 0.0035411981509245374
67 0.0034435907046476734
68 0.0037207958520739637
69 0.0034201649175412277
70 0.0034592078960519754
71 0.0033342703648175905
72 0.0033030359820089956
73 0.003119533983008492
74 0.0031078210894552706
75 0.0029399362818590714
76 0.002615879560219887
77 0.0027798600699650167
78 0.0023699087956021983
79 0.0023113443278360802
80 0.002112225137431284
81 0.002139555222388805
82 0.001971670414792604
83 0.001581240629685158
84 0.0015812406296851578
85 0.001518771864067966
86 0.0013079397801099455
87 0.0011673850574712647
88 0.001042447526236881
89 0.0011751936531734124
90 0.0009057971014492754
91 0.0007769552723638179
92 0.0008628498250874558
93 0.0007222951024487753
94 0.000624687656171914
95 0.0005895489755122439
96 0.0005036544227886062
97 0.0004958458270864572
98 0.00044508995502248917
99 0.0003709082958520744
100 0.0003787168915542232
101 0.0003709082958520744
102 0.00030453523238380836
103 0.00032796101949025526
104 0.00020692778610694671
105 0.00022254497751124453
106 0.00021473638180909558
107 0.0002693965517241382
108 0.00015226761619190404
109 0.0001756934032983508
110 0.0001756934032983509
111 0.00018350199900049987
112 0.00017959770114942534
113 0.000101511744127936
114 0.00015226761619190407
115 0.0001756934032983509
116 0.00014055472263868065
117 8.979885057471262e-05
118 0.00012493753123438278
119 0.00012884182908545725
120 9.760744627686154e-05
121 0.0001327461269365317
122 0.0001366504247876062
123 0.00014055472263868065
124 0.00015226761619190407
125 0.00017178910544727644
126 0.00019521489255372318
127 0.0001756934032983509
128 0.00016007621189405302
129 0.00018740629685157426
130 0.00016788480759620197
131 0.0002420664667666168
132 0.00022644927536231898
133 0.0002693965517241382
134 0.00040214267866067006
135 0.0003748125937031488
136 0.00032796101949025526
137 0.0004060469765117446
138 0.00042166416791604254
139 0.000562218890554723
140 0.0006051661669165418
141 0.0005661231884057972
142 0.0007730509745127438
143 0.000878467016491754
144 0.0010424475262368815
145 0.0011127248875562215
146 0.0013079397801099447
147 0.0013860257371314333
148 0.0015968578210894565
149 0.001991191904047976
150 0.0021044165417291342
151 0.0025026549225387307
152 0.002861850324837581
153 0.003068778110944527
154 0.003771551724137932
155 0.004068278360819589
156 0.004837425037481259
157 0.005423069715142433
158 0.005942341329335335
159 0.006336675412293855
160 0.007234663918040988
161 0.008003810594702654
162 0.00898378935532234
163 0.010014523988006
164 0.010635307346326837
165 0.011779266616691661
166 0.012919321589205418
167 0.013950056221889077
168 0.014664542728635705
169 0.015925630934532753
170 0.01676895927036483
171 0.018139367816091954
172 0.018767959770114945
173 0.019693278360819588
174 0.020642022738630687
175 0.020700587206396802
176 0.021364317841079467
177 0.021169102948525722
178 0.022297445027486255
179 0.021793790604697653
180 0.021715704647676165
181 0.02149315967016492
182 0.02140726511744128
183 0.020778673163418283
184 0.020673257121439276
185 0.019931440529735125
186 0.019255997001499256
187 0.0183931471764118
188 0.017034451524237892
189 0.015929535232383826
190 0.015109632683658194
191 0.01427801724137933
192 0.013301942778610713
193 0.012446901549225406
194 0.011576243128435793
195 0.00997548100949524
196 0.009401549225387301
197 0.008608976761619192
198 0.007800787106446786
199 0.007359601449275368
200 0.006157077711144433
201 0.00546992128935532
202 0.004876468015992001
203 0.004337674912543727
204 0.003955053723138431
205 0.0034592078960519763
206 0.003080491004497749
207 0.0027408170914542725
208 0.0023425787106446765
209 0.001971670414792603
210 0.0018818715642178912
211 0.0014563030984507748
212 0.001210332333833083
213 0.0011205334832583708
214 0.0009838830584707645
215 0.0009370314842578711
216 0.000819902548725637
217 0.0007886681659170415
218 0.0006246876561719139
219 0.0005544102948525738
220 0.0004607071464267871
221 0.00048413293353323397
222 0.0004333770614692659
223 0.0003630997001499254
224 0.00029672663668165947
225 0.0002967266366816595
226 0.00022644927536231903
227 0.00024206646676661685
228 0.0002069277861069467
229 0.00021083208395802114
230 0.0002225449775112446
231 0.0001913105947026488
232 0.00018350199900049981
233 0.00018740629685157423
234 0.00010932033983008492
235 0.00013274612693653173
236 0.00015226761619190407
237 0.0001210332333833083
238 0.00014836331834082962
239 0.00016788480759620197
240 9.370314842578708e-05
241 0.00017178910544727644
242 9.370314842578708e-05
243 0.00014055472263868068
244 0.00012493753123438278
245 0.00015617191404297857
246 0.00014445902048975512
247 0.00020302348825587216
248 0.00015226761619190404
249 0.00023425787106446787
250 0.00023035357321339345
251 0.00027330084957521267
252 0.00022644927536231898
253 0.0003006309345327339
254 0.00027330084957521267
255 0.0003240567216391807
256 0.00029282233883058494
257 0.0004294727636181914
258 0.0003552911044477765
259 0.0004216641679160426
260 0.000468515742128936
261 0.0005348888055972017
262 0.000589548975512244
263 0.0005856446776611698
264 0.0007379122938530739
265 0.0007574337831084456
266 0.000819902548725637
267 0.000839424037981009
268 0.0010502561219390306
269 0.0010736819090454775
270 0.00130403548225887
271 0.00123375812093953
272 0.0014758245877061471
273 0.0016437093953023498
274 0.001678848075962019
275 0.0018818715642178907
276 0.0018740629685157428
277 0.002104416541729135
278 0.0025612193903048457
279 0.0024870377311344313
280 0.0027056784107946014
281 0.0032093328335832086
282 0.0030063093453273353
283 0.0030804910044977493
284 0.0032757058970514733
285 0.0033459832583708155
286 0.0037988818090954526
287 0.0034904422788605686
288 0.0038652548725637186
289 0.0036231884057971
290 0.003939436531734134
291 0.0038105947026486754
292 0.0037520302348825574
293 0.003970670914542729
294 0.0038066904047976005
295 0.003712987256371814
296 0.0037832646176911536
297 0.0036856571714142927
298 0.0035060594702648667
299 0.00352558095952024
300 0.003451399300349825
301 0.0030961081959020482
302 0.0028930847076461745
303 0.002666635432283857
304 0.002693965517241377
305 0.0026002623688155912
306 0.002303535732133932
307 0.0021239380309845068
308 0.0017608383308345828
309 0.0017413168415792103
310 0.0014914417791104448
311 0.001444590204897551
312 0.001237662418790605
313 0.001042447526236881
314 0.0008901799100449774
315 0.0008589455272363818
316 0.0006793478260869565
317 0.0006246876561719142
318 0.000527080209895053
319 0.0004841329335332341
320 0.00037481259370314885
321 0.0003240567216391807
322 0.00023035357321339343
323 0.00024206646676661682
324 0.00019911919040479774
325 0.00015226761619190407
326 9.760744627686154e-05
327 0.00010932033983008492
328 8.19902548725637e-05
329 8.19902548725637e-05
330 4.685157421289354e-05
331 3.5138680659670155e-05
332 2.7330084957521233e-05
333 2.3425787106446772e-05
334 2.7330084957521233e-05
335 1.952148925537231e-05
336 7.808595702148925e-06
337 2.3425787106446772e-05
338 2.3425787106446772e-05
339 7.808595702148925e-06
340 0.0
341 1.1712893553223388e-05
342 3.904297851074463e-06
343 0.0
344 0.0
345 0.0
346 3.904297851074463e-06
347 3.904297851074463e-06
348 0.0
349 7.808595702148925e-06
350 3.904297851074463e-06
351 0.0
352 1.1712893553223388e-05
353 0.0
354 0.0
355 0.0
356 0.0
357 0.0
358 3.904297851074463e-06
