0 0.0
1 0.0
2 3.904297851074463e-06
3 0.0
4 3.904297851074463e-06
5 0.0
6 0.0
7 3.904297851074463e-06
8 0.0
9 0.0
10 7.808595702148925e-06
11 0.0
12 0.0
13 0.0
14 3.904297851074463e-06
15 3.904297851074463e-06
16 0.0
17 0.0
18 7.808595702148925e-06
19 0.0
20 0.0
21 3.904297851074463e-06
22 1.561719140429785e-05
23 0.0
24 1.952148925537231e-05
25 2.3425787106446772e-05
26 1.952148925537231e-05
27 4.6851574212893545e-05
28 2.3425787106446772e-05
29 6.246876561719139e-05
30 4.6851574212893545e-05
31 8.19902548725637e-05
32 0.00012493753123438278
33 0.00012493753123438278
34 0.00021473638180909558
35 0.0002069277861069467
36 0.000226449275362319
37 0.0002147363818090956
38 0.0003201524237881063
39 0.00034357821089455305
40 0.00044508995502248917
41 0.00043337706146926586
42 0.0005036544227886061
43 0.0005934532733633185
44 0.0007457208895552225
45 0.0008042853573213391
46 0.0010580647176411787
47 0.0011595764617691152
48 0.0012610882058970518
49 0.0014602073963018499
50 0.001729603948025987
51 0.0017725512243878063
52 0.0018662543728135941
53 0.0021122251374312835
54 0.002311344327836082
55 0.0024401861569215396
56 0.0026939655172413773
57 0.002857946026986505
58 0.0031000124937531227
59 0.003193715642178909
60 0.003310844577711144
61 0.003287418790604697
62 0.0035138680659670147
63 0.0038105947026486763
64 0.0035763368315842067
65 0.0036075712143928025
66 0.0035997626186906545
67 0.0038223075962019004
68 0.0037598388305847066
69 0.003685657171414294
70 0.003537293853073464
71 0.003611475512243876
72 0.00352558095952024
73 0.0035802411294352833
74 0.0033108445777111427
75 0.0032093328335832077
76 0.00296726636681659
77 0.0028267116441779098
78 0.002857946026986507
79 0.002479229135432285
80 0.0024362818590704643
81 0.0023230572213893057
82 0.0021395552223888053
83 0.0017803598200899556
84 0.0017998813093453275
85 0.0016398050974512743
86 0.0014992503748125943
87 0.001491441779110445
88 0.0012376624187906045
89 0.0012610882058970516
90 0.0011244377811094454
91 0.0009331271864067964
92 0.0008394240379810093
93 0.0006910607196401801
94 0.0006598263368315841
95 0.0006129747626186909
96 0.0006285919540229888
97 0.000605166166916542
98 0.0004450899550224894
99 0.0003748125937031488
100 0.00038262118940529796
101 0.00039042978510744675
102 0.0003201524237881063
103 0.0003435782108945529
104 0.00024206646676661685
105 0.00028501374312843593
106 0.0002850137431284361
107 0.00021864067966017
108 0.0002615879560219892
109 0.00018350199900049984
110 0.00020302348825587219
111 0.00021473638180909556
112 0.00017959770114942534
113 0.00016788480759620194
114 0.00014055472263868068
115 0.00013274612693653173
116 0.00010541604197901046
117 0.00015617191404297852
118 0.00015226761619190407
119 0.00013665042478760617
120 0.00011712893553223384
121 0.00012884182908545725
122 0.00015617191404297852
123 0.00010932033983008492
124 0.00012493753123438278
125 0.00017178910544727644
126 0.00012493753123438278
127 0.00012884182908545722
128 0.00016398050974512747
129 0.00018740629685157432
130 0.00023816216891554232
131 0.0002693965517241382
132 0.000226449275362319
133 0.0002459707646176913
134 0.0002889180409795105
135 0.0003123438280859573
136 0.00030453523238380836
137 0.00041385557221389343
138 0.0003670039980009998
139 0.0005348888055972019
140 0.0005544102948525742
141 0.0006207833583208398
142 0.0006559220389805097
143 0.0008784670164917541
144 0.0009487443778110944
145 0.0011049162918540718
146 0.0012376624187906042
147 0.0014133558220889553
148 0.001624187906046977
149 0.0018350199900049981
150 0.0021785982008995495
151 0.002350387306346826
152 0.002869658920539729
153 0.0030843953023488237
154 0.003720795852073964
155 0.004068278360819592
156 0.00453288980509745
157 0.005360600949525238
158 0.005715892053973012
159 0.0065123688155922085
160 0.007027736131934039
161 0.007996001999000506
162 0.008464517741129439
163 0.009749031734132933
164 0.010928129685157426
165 0.011720702148925548
166 0.012735819590204915
167 0.013528392053973035
168 0.015133058470764642
169 0.015503966766616716
170 0.0169563655672164
171 0.017678660669665187
172 0.019037356321839085
173 0.019833833083458274
174 0.02011103823088456
175 0.02064202273863068
176 0.02114177286356822
177 0.021766460519740134
178 0.02291041979010494
179 0.022719109195402293
180 0.02215689030484757
181 0.022117847326336832
182 0.021739130434782615
183 0.021946058220889554
184 0.021571245627186413
185 0.020290635932033996
186 0.019751842828585713
187 0.01872110819590205
188 0.01796367441279361
189 0.017100824587706162
190 0.016210644677661184
191 0.014754341579210415
192 0.01352839205397303
193 0.012052567466266874
194 0.0118807783608196
195 0.011185813343328337
196 0.010014523988005994
197 0.009022832333833088
198 0.007980384807596207
199 0.007176099450274868
200 0.006590454772613696
201 0.005739317841079463
202 0.005009214142928533
203 0.004599262868565717
204 0.00420883308345827
205 0.003467016491754124
206 0.003029735132433784
207 0.002744721389305347
208 0.002447994752623688
209 0.001991191904047976
210 0.0017061781609195405
211 0.001620283608195902
212 0.0014914417791104452
213 0.001124437781109445
214 0.0010814905047476263
215 0.0009018928035982008
216 0.0008159982508745627
217 0.000667634932533733
218 0.0006012618690654678
219 0.0004724200399800105
220 0.0004880372313843083
221 0.00036309970014992553
222 0.00039823838080959564
223 0.00033186531734132974
224 0.0003318653173413297
225 0.00025377936031984025
226 0.0003240567216391808
227 0.00019911919040479766
228 0.00022254497751124456
229 0.00020692778610694666
230 0.00022644927536231898
231 0.00017178910544727642
232 0.00015617191404297857
233 0.0001366504247876062
234 0.00012493753123438278
235 0.0001483633183408296
236 0.0001327461269365317
237 0.00014445902048975512
238 9.760744627686154e-05
239 0.0001327461269365317
240 8.19902548725637e-05
241 0.00014836331834082962
242 0.00014836331834082962
243 0.0001366504247876062
244 9.760744627686154e-05
245 0.00013274612693653173
246 0.00014836331834082962
247 0.00010541604197901046
248 0.0001483633183408296
249 0.00017178910544727647
250 0.00021473638180909558
251 0.00015226761619190407
252 0.00019131059470264874
253 0.00019911919040479768
254 0.00019521489255372324
255 0.0002537793603198403
256 0.0003552911044477765
257 0.0002537793603198403
258 0.00042947276361819154
259 0.00033186531734132974
260 0.000484132933533234
261 0.00040995127436281906
262 0.0005973575712143931
263 0.0005895489755122442
264 0.0006442091454272866
265 0.0007105822088955523
266 0.000819902548725637
267 0.0008589455272363819
268 0.000905797101449275
269 0.0009995002498750627
270 0.0011634807596201905
271 0.0011049162918540724
272 0.0013157483758120942
273 0.0014680159920039979
274 0.0016319965017491261
275 0.0016359007996002003
276 0.0018037856071964015
277 0.002065373563218391
278 0.0021512681159420294
279 0.002303535732133931
280 0.002479229135432281
281 0.0027759557721139423
282 0.002569027986006996
283 0.002893084707646177
284 0.0029165104947526223
285 0.0030414480259870046
286 0.003084395302348824
287 0.003295227386306846
288 0.003178098450774613
289 0.003295227386306847
290 0.003439686406796603
291 0.0035646239380309843
292 0.0036075712143928047
293 0.0037325087456271853
294 0.0035021551724137945
295 0.0034943465767116448
296 0.003392834832583707
297 0.0032444715142428775
298 0.003076586706646677
299 0.003072682408795602
300 0.002842328835582208
301 0.002943840579710144
302 0.0029047976011993995
303 0.002576836581709143
304 0.0022488755622188904
305 0.002151268115942029
306 0.002096607946026986
307 0.0018467328835582212
308 0.001917010244877562
309 0.0014797288855572211
310 0.0014211644177911055
311 0.0012571839080459766
312 0.0012025237381309342
313 0.0009760744627686152
314 0.0007691466766616687
315 0.0006832521239380308
316 0.0006168790604697649
317 0.0006090704647676162
318 0.0005387931034482764
319 0.0004060469765117446
320 0.0003591954022988509
321 0.00030063093453273394
322 0.00025377936031984025
323 0.00021864067966017006
324 0.00017959770114942534
325 0.00015226761619190407
326 0.00011712893553223384
327 0.00012493753123438278
328 9.370314842578708e-05
329 8.979885057471262e-05
330 5.856446776611693e-05
331 4.2947276361819084e-05
332 2.3425787106446772e-05
333 2.3425787106446772e-05
334 1.952148925537231e-05
335 1.561719140429785e-05
336 1.952148925537231e-05
337 7.808595702148925e-06
338 1.1712893553223388e-05
339 1.1712893553223388e-05
340 1.1712893553223388e-05
341 0.0
342 0.0
343 3.904297851074463e-06
344 0.0
345 0.0
346 0.0
347 3.904297851074463e-06
348 7.808595702148925e-06
349 0.0
350 0.0
351 3.904297851074463e-06
352 0.0
353 0.0
354 0.0
355 0.0
356 0.0
357 3.904297851074463e-06
358 0.0
