0 1.1712893553223388e-05
1 1.1712893553223388e-05
2 2.3425787106446772e-05
3 7.808595702148925e-06
4 3.904297851074463e-06
5 7.808595702148925e-06
6 0.0
7 0.0
8 3.904297851074463e-06
9 2.3425787106446772e-05
10 3.904297851074463e-06
11 1.1712893553223388e-05
12 3.904297851074463e-06
13 1.561719140429785e-05
14 1.952148925537231e-05
15 7.808595702148925e-06
16 3.904297851074463e-06
17 0.0
18 7.808595702148925e-06
19 3.904297851074463e-06
20 1.1712893553223388e-05
21 3.904297851074463e-06
22 7.808595702148925e-06
23 3.904297851074463e-06
24 1.561719140429785e-05
25 7.808595702148925e-06
26 7.808595702148925e-06
27 3.904297851074463e-06
28 1.1712893553223388e-05
29 1.952148925537231e-05
30 3.904297851074463e-06
31 3.904297851074463e-06
32 2.7330084957521233e-05
33 3.904297851074463e-06
34 1.1712893553223388e-05
35 1.952148925537231e-05
36 1.561719140429785e-05
37 1.952148925537231e-05
38 1.561719140429785e-05
39 2.7330084957521233e-05
40 4.685157421289354e-05
41 1.561719140429785e-05
42 2.3425787106446772e-05
43 2.3425787106446772e-05
44 2.7330084957521233e-05
45 4.2947276361819084e-05
46 2.3425787106446772e-05
47 4.685157421289354e-05
48 5.0755872063968e-05
49 7.027736131934031e-05
50 7.418165917041477e-05
51 7.027736131934031e-05
52 0.00010151369627686154
53 9.760744627686154e-05
54 0.00011712893553223386
55 9.760744627686154e-05
56 0.00014055472263868065
57 0.000160076211894053
58 0.00022254692966017006
59 0.0002108320839580211
60 0.00028111139742628715
61 0.0003357715673413297
62 0.00040604892866067017
63 0.00033967586519240416
64 0.0004997501249375318
65 0.0005036563749375319
66 0.0005583165448525741
67 0.0005817423319590206
68 0.0007222970545977011
69 0.0009409435907046476
70 0.0010073147020239885
71 0.001038547132683658
72 0.001249379216641679
73 0.0014328792634932543
74 0.0013821253435782107
75 0.0014602073963018486
76 0.0016788539324087961
77 0.0017881781765367317
78 0.002088805206771614
79 0.0021786138180909537
80 0.002233266179410294
81 0.0024167681784107936
82 0.0027486334957521237
83 0.003002412856071963
84 0.0029048054097951014
85 0.0030492780953273366
86 0.0032796199556471783
87 0.003470926646051975
88 0.003623204022988507
89 0.0038574638462019004
90 0.0038886962768615698
91 0.004080010775862068
92 0.004091715860819589
93 0.004458723763118438
94 0.00461099333145927
95 0.004579751140054969
96 0.004915528563843074
97 0.004985807877311344
98 0.005305960301099446
99 0.005458231821589204
100 0.005637835379185406
101 0.005872089345952027
102 0.005829144021739133
103 0.006086821823463272
104 0.006200052317591209
105 0.006032165557846079
106 0.006500675443528242
107 0.006481148097826091
108 0.0068013219952523804
109 0.00691063452648676
110 0.006688073931784113
111 0.007019949009870073
112 0.007144886541104452
113 0.007543124921914051
114 0.006965288839955031
115 0.007176117019615198
116 0.007094130669040484
117 0.007113654110444786
118 0.007562654219765126
119 0.007125380669040488
120 0.0070394744034232935
121 0.007207345545977018
122 0.006988730244252881
123 0.006910628670039985
124 0.00687549584582709
125 0.00691454663293354
126 0.006656849309720145
127 0.006813027080209902
128 0.006797411840954528
129 0.006539728182783616
130 0.006309360944527741
131 0.006223472248250881
132 0.006285931253123443
133 0.006016546414292852
134 0.00648116566716642
135 0.005715911575462272
136 0.00576277291041979
137 0.005590987709270368
138 0.005278632168290851
139 0.005387944699525233
140 0.005305956396801594
141 0.005231780594077958
142 0.005044370392928534
143 0.0046773742035232345
144 0.00475154805409795
145 0.004704702336331833
146 0.004275229572713642
147 0.004322069434032986
148 0.004271315514117938
149 0.0043064639555222385
150 0.003845747048350824
151 0.003701280219265366
152 0.0038769853354572734
153 0.003709094671414298
154 0.003685664980009996
155 0.0034084637368815584
156 0.0034201766304347834
157 0.0034397039761369314
158 0.0033069558970514738
159 0.003244477370689655
160 0.003103926552348826
161 0.0033186648863068454
162 0.0028540534420289834
163 0.0030609870845827083
164 0.0029048034576461775
165 0.002873578835582207
166 0.002951658936156921
167 0.002701791682283859
168 0.0027135065279860057
169 0.002596363927411294
170 0.0025651275924537713
171 0.0027408307564967516
172 0.002506576789730134
173 0.002498760385432283
174 0.0024987584332833573
175 0.002459717406921537
176 0.0024558111569215387
177 0.0025104732789855057
178 0.0024245767741129408
179 0.0025143795289855066
180 0.002502664683283357
181 0.002588555331709144
182 0.002522188124687657
183 0.00258465493815592
184 0.002580758448900547
185 0.002584656890304846
186 0.002522178363943028
187 0.002580750640304847
188 0.002826719452773614
189 0.002600274081709146
190 0.0027173991129435275
191 0.002713502623688154
192 0.0026002643209645177
193 0.002666645193028486
194 0.0028970007183908054
195 0.0028501491441779133
196 0.0028774889898800613
197 0.0030453659888805594
198 0.0031000320152423807
199 0.0029087136119440274
200 0.0032171531421789122
201 0.0033264734820089964
202 0.003221051583583208
203 0.003541219624562719
204 0.00358805948588206
205 0.003529500874562717
206 0.003689575134307846
207 0.003849657202648678
208 0.00418933306784108
209 0.003939448244627686
210 0.0040839150737131446
211 0.004216659248500748
212 0.004255696370564716
213 0.004392354603948025
214 0.004735926958395803
215 0.0047046886712893525
216 0.004903835191779107
217 0.00499361647301349
218 0.005079516882183903
219 0.00478667697401299
220 0.00527472006184408
221 0.00547385096514243
222 0.005712005325462269
223 0.00575496236256872
224 0.006032159701399299
225 0.006254712487506248
226 0.0062820445246127
227 0.006270321870314845
228 0.005977507340079962
229 0.006348419540229887
230 0.006344499625187413
231 0.006879404047976021
232 0.006383552364442781
233 0.006832538808720646
234 0.007246409998125946
235 0.0072425057002748665
236 0.007055095499125444
237 0.00726983578523239
238 0.007316687359445283
239 0.007078525190529742
240 0.007340109242253879
241 0.0071683201368066005
242 0.007226884604572715
243 0.007148800599700153
244 0.007605601496126943
245 0.0072620232852323935
246 0.006988730244252882
247 0.0072542244502748696
248 0.007062904094827589
249 0.006984825946401804
250 0.006840355213018494
251 0.006773978245252382
252 0.006578765304847578
253 0.0066997926817841105
254 0.006770070043103452
255 0.006106345264867569
256 0.0060907280734632694
257 0.006024339392803597
258 0.005926741707271363
259 0.0057979037824837576
260 0.00566125921414293
261 0.005485565810844579
262 0.005391860710269863
263 0.00500142897301349
264 0.0047554621126936515
265 0.004610983570714642
266 0.004431399534607696
267 0.004407963986756621
268 0.004091729525862071
269 0.003837934548350825
270 0.0036895731821589206
271 0.0036895751343078466
272 0.003470938358945528
273 0.003228864083583207
274 0.003084405063093454
275 0.0029477643990504726
276 0.0026900787887306323
277 0.0027486530172413787
278 0.00238553769990005
279 0.00226450056221889
280 0.002205938046601699
281 0.002045863786856572
282 0.0019131118034732642
283 0.0015461117097701148
284 0.001577344140429786
285 0.0015734359382808597
286 0.0012923303973013493
287 0.0012884202430034982
288 0.0011088244940029985
289 0.0009448439842578713
290 0.000870662325087456
291 0.0007066779110444778
292 0.0006129767147676163
293 0.0006871603260869567
294 0.0005973653798100953
295 0.0005544122470014993
296 0.00034748446089455295
297 0.00037481454585207443
298 0.00028891999312843605
299 0.00027330084957521256
300 0.00027330084957521267
301 0.00016007621189405305
302 0.00017569535544727645
303 0.000160076211894053
304 0.00013665237693653173
305 0.0001756934032983509
306 0.00011712893553223384
307 0.00010541604197901046
308 0.000105417994127936
309 6.246876561719139e-05
310 3.904297851074462e-05
311 5.466016991504246e-05
312 5.0755872063968e-05
313 2.7330084957521233e-05
314 3.5138680659670155e-05
315 2.7330084957521233e-05
316 3.5138680659670155e-05
317 3.1234382808595694e-05
318 2.3425787106446772e-05
319 3.1234382808595694e-05
320 1.952148925537231e-05
321 1.952148925537231e-05
322 1.561719140429785e-05
323 3.904297851074463e-06
324 1.561719140429785e-05
325 1.1712893553223388e-05
326 1.561719140429785e-05
327 7.808595702148925e-06
328 2.3425787106446772e-05
329 1.561719140429785e-05
330 1.1712893553223388e-05
331 1.1712893553223388e-05
332 3.904297851074463e-06
333 0.0
334 7.808595702148925e-06
335 3.904297851074463e-06
336 1.561719140429785e-05
337 7.808595702148925e-06
338 1.1712893553223388e-05
339 7.808595702148925e-06
340 1.1712893553223388e-05
341 1.1712893553223388e-05
342 1.1712893553223388e-05
343 7.808595702148925e-06
344 3.904297851074463e-06
345 1.561719140429785e-05
346 2.7330084957521233e-05
347 0.0
348 7.808595702148925e-06
349 7.808595702148925e-06
350 1.1712893553223388e-05
351 1.1712893553223388e-05
352 3.904297851074463e-06
353 3.904297851074463e-06
354 1.1712893553223388e-05
355 1.561719140429785e-05
356 3.904297851074463e-06
357 3.904297851074463e-06
358 1.1712893553223388e-05
