0 1.561719140429785e-05
1 1.1714845702148925e-05
2 1.1712893553223388e-05
3 1.952148925537231e-05
4 7.808595702148925e-06
5 1.1712893553223388e-05
6 7.810547851074463e-06
7 3.904297851074463e-06
8 7.808595702148925e-06
9 3.904297851074463e-06
10 1.1712893553223388e-05
11 3.904297851074463e-06
12 3.904297851074463e-06
13 3.904297851074463e-06
14 1.561719140429785e-05
15 0.0
16 7.808595702148925e-06
17 1.561719140429785e-05
18 1.561719140429785e-05
19 1.952148925537231e-05
20 1.952148925537231e-05
21 1.952148925537231e-05
22 1.1712893553223388e-05
23 3.12343828085957e-05
24 2.733008495752124e-05
25 6.637306346826585e-05
26 3.904297851074462e-05
27 3.513868065967016e-05
28 6.637306346826585e-05
29 6.24687656171914e-05
30 5.4660169915042474e-05
31 4.2947276361819084e-05
32 8.199025487256372e-05
33 0.00013274612693653175
34 0.00010932033983008495
35 0.00011712893553223387
36 8.19902548725637e-05
37 0.00011322463768115941
38 9.370314842578708e-05
39 0.000160076211894053
40 0.00017959770114942537
41 0.0001874062968515743
42 0.00022254497751124448
43 0.00020692778610694663
44 0.00022254497751124442
45 0.00017959770114942528
46 0.00026940045602198915
47 0.0002811094452773615
48 0.00033186726949025516
49 0.0003904317372563721
50 0.00039043173725637217
51 0.0004489981571714147
52 0.0005114649706396805
53 0.0005856485819590206
54 0.0007535372938530734
55 0.0006910763368315843
56 0.00092142014930035
57 0.001151777626811594
58 0.0013274807908545724
59 0.0016944750281109452
60 0.0018779809314092956
61 0.0021083345046226895
62 0.002424592391304347
63 0.0028540651549225373
64 0.0031351726480509743
65 0.003986319340329836
66 0.00434160654047976
67 0.004817938686906548
68 0.00543093101886557
69 0.005794038527611197
70 0.0061219858820589675
71 0.006766206740379809
72 0.007258142413168416
73 0.007707158139680164
74 0.00800389453710645
75 0.008519261853448269
76 0.008737906437406297
77 0.009202521785982009
78 0.009323572588705649
79 0.009600785544727633
80 0.00974132660232385
81 0.00972179730447276
82 0.0098779809314093
83 0.009881867659920038
84 0.009694475028110949
85 0.00991313132496252
86 0.009589055081834082
87 0.009604711316216891
88 0.0097257367410045
89 0.009550016007621192
90 0.009335283530109937
91 0.0090385354197901
92 0.00886677169227886
93 0.008128828164042978
94 0.008230371142553723
95 0.00769937687406297
96 0.007558806534232882
97 0.007293324041104452
98 0.006824798538230884
99 0.006664706709145429
100 0.0063133179503998
101 0.005778442809845078
102 0.005790173272738634
103 0.005118594999375313
104 0.00470082732071464
105 0.004349446370564716
106 0.0042830615942029
107 0.0037091317622438753
108 0.0034241219234132925
109 0.0030805144302848567
110 0.002873604213518239
111 0.002744746767241378
112 0.002459736928410793
113 0.002022453616941529
114 0.001956094218515743
115 0.0016202992253873058
116 0.001553928114067966
117 0.0013391858758120938
118 0.0012884300037481259
119 0.0011205432440029985
120 0.0010502717391304346
121 0.0008745685750874567
122 0.0007964884745127437
123 0.0007301095545977008
124 0.0006520255497251377
125 0.0006246954647676164
126 0.0006481212518740631
127 0.0006481173475762117
128 0.0005661290448525739
129 0.0006520216454272865
130 0.0005153712206396807
131 0.0005856485819590209
132 0.0005544239598950528
133 0.0005309884120439784
134 0.000612978666916542
135 0.0005622286512993506
136 0.0005973653798100956
137 0.0006832579803848075
138 0.000757439639555222
139 0.0006988732196401799
140 0.0007379142460019991
141 0.000816004107321339
142 0.0008277130965767114
143 0.0009604670321089451
144 0.0011322541854072957
145 0.0010190354041729134
146 0.0012610960144927533
147 0.0012142444402798598
148 0.0014602210613443285
149 0.0016163929753873064
150 0.0015109730291104455
151 0.0019131293728135927
152 0.001967783686281859
153 0.002049779797601199
154 0.002424584582708644
155 0.002584672507496251
156 0.002674479166666666
157 0.002662752608070965
158 0.002877492894177909
159 0.003072719499625187
160 0.0030883249781359303
161 0.0032991648706896548
162 0.0036427411294352808
163 0.0040292802817341305
164 0.003990237303223385
165 0.004232297913543225
166 0.004447032343203397
167 0.004747674990629683
168 0.005079534451524233
169 0.005298188796226883
170 0.005579294337206398
171 0.005786237740504746
172 0.005817460410419787
173 0.006207886291229383
174 0.006145425334207896
175 0.006110286653548227
176 0.006531941060719638
177 0.0066373707677411286
178 0.006809138399550226
179 0.006734972357571215
180 0.006945814202273862
181 0.007199587706146926
182 0.007359681487381309
183 0.0071527419883808075
184 0.007234734195402298
185 0.0073011131153173404
186 0.007312818200274864
187 0.00764859562406297
188 0.006883363005997001
189 0.007652513586956519
190 0.0077930761181909105
191 0.007402613146551723
192 0.007426038933658175
193 0.007250370908295855
194 0.007375320152423789
195 0.007379195168040982
196 0.0074572986944028
197 0.007195710738380812
198 0.0070278239786356845
199 0.006922392319465269
200 0.006887273160294853
201 0.007020027095827088
202 0.006664702804847578
203 0.00664128677848576
204 0.006176685094952524
205 0.006141536653548225
206 0.005868229947526237
207 0.005887753388930532
208 0.005555886119440281
209 0.005434843125312342
210 0.005235743456396796
211 0.004665678879310343
212 0.004583698385182406
213 0.004486085082458769
214 0.004286971748500749
215 0.004115178738755622
216 0.0032679422007746103
217 0.0036388563530734626
218 0.0032210867222638682
219 0.0029868210426036964
220 0.0027330533951774112
221 0.0025261158483258364
222 0.002245012259495252
223 0.0020146411169415283
224 0.001858475059345327
225 0.001753059017366317
226 0.001714008230259871
227 0.001479758167791104
228 0.0012649964080459772
229 0.0011634905203648173
230 0.001132260041854073
231 0.0010268537606196902
232 0.000886285372938531
233 0.0007144962674912545
234 0.0006871622782358816
235 0.00067154703898051
236 0.0006598341454272866
237 0.0005075684813843084
238 0.00043337706146926575
239 0.0004138633808095956
240 0.00039043368940529764
241 0.0003709102480009999
242 0.000359199306596702
243 0.00030063483883058494
244 0.00032406453023488285
245 0.0002498770146176913
246 0.0003123477323838084
247 0.0003045371845327339
248 0.0002498789667666169
249 0.00026549225387306367
250 0.0003240567216391807
251 0.00023816607321339351
252 0.00026939655172413814
253 0.0002811133495752126
254 0.0002967266366816594
255 0.0003006309345327338
256 0.0003474825087456275
257 0.00031234968453273384
258 0.0003006348388305849
259 0.0003123477323838083
260 0.000398240332958521
261 0.0003631016522988509
262 0.0004138555722138934
263 0.00046461339642678707
264 0.00048413488568215923
265 0.00047242003998001044
266 0.0004841329335332338
267 0.0005505118534482762
268 0.0006168849169165419
269 0.0006129747626186907
270 0.0006285997626186906
271 0.0005700274862568718
272 0.0007340158045977012
273 0.0008277189530234882
274 0.0007574357352573713
275 0.0008472384901299348
276 0.0008628576336831584
277 0.0008784728729385303
278 0.00103464869127936
279 0.0009565646864067966
280 0.0009916994627686155
281 0.0010736975262368813
282 0.0011986389617691152
283 0.0012689143709395296
284 0.0013430882215142428
285 0.0014172776892803598
286 0.0015343988162168916
287 0.0016476273581959024
288 0.0017725746501749122
289 0.0018272445808345831
290 0.0018936117878560724
291 0.002155193887431283
292 0.002100537621814092
293 0.0023660474450274854
294 0.0022762446901549225
295 0.0026120025924537727
296 0.002920455787731134
297 0.002850168665667164
298 0.002939983133433285
299 0.0031195749781359325
300 0.003221092578710645
301 0.003627153220264869
302 0.003818454054222887
303 0.003959010729010492
304 0.004177661169415289
305 0.004431458099075459
306 0.004505635853948023
307 0.00460714369377811
308 0.0047789386556721615
309 0.004958534404672662
310 0.004818012868565716
311 0.005138155531609192
312 0.00499756567028985
313 0.0051732805472263855
314 0.004817966016991502
315 0.005044423100949522
316 0.004946835176161915
317 0.00489216719765117
318 0.0047399054379060465
319 0.004415829194777612
320 0.004388485444777609
321 0.004150336940904547
322 0.004115180690904549
323 0.003650590720264868
324 0.003674032124562718
325 0.0032484558501999
326 0.003197686313093451
327 0.0028853307721139424
328 0.0024987994284107933
329 0.0022645337487506227
330 0.0021473970046226873
331 0.0020536899518990522
332 0.001729627373813093
333 0.001561752326961519
334 0.0012650159295352315
335 0.0010971213611944027
336 0.0009214260057471262
337 0.0008745763836831587
338 0.0008550646551724137
339 0.0007301095545977009
340 0.0005700391991504249
341 0.0005075665292353827
342 0.0004529102636181913
343 0.00034358406734132975
344 0.0002928262431284361
345 0.0001561738661919041
346 0.00023035747751124462
347 0.0001483691747876062
348 8.979885057471262e-05
349 9.370705272363816e-05
350 0.0001327500312343828
351 3.9042978510744616e-05
352 5.856641991504246e-05
353 8.58965048725637e-05
354 4.294727636181908e-05
355 5.0755872063968e-05
356 1.1712893553223388e-05
357 1.1712893553223388e-05
358 1.9523441404297847e-05
