0 0.0
1 0.0
2 3.904297851074463e-06
3 0.0
4 0.0
5 0.0
6 0.0
7 0.0
8 3.904297851074463e-06
9 0.0
10 0.0
11 0.0
12 0.0
13 0.0
14 3.904297851074463e-06
15 7.808595702148925e-06
16 1.1712893553223388e-05
17 3.904297851074463e-06
18 7.808595702148925e-06
19 1.952148925537231e-05
20 1.952148925537231e-05
21 3.904297851074463e-06
22 2.3425787106446772e-05
23 7.808595702148925e-06
24 3.1234382808595694e-05
25 2.7330084957521233e-05
26 1.561719140429785e-05
27 4.294727636181908e-05
28 7.027736131934031e-05
29 5.466016991504247e-05
30 8.589455272363815e-05
31 0.0001210332333833083
32 0.0001210332333833083
33 0.0002108320839580211
34 0.0002459707646176913
35 0.000292822338830585
36 0.00032796101949025526
37 0.0004450899550224893
38 0.0004568028485757126
39 0.0005778360819590206
40 0.0007379122938530736
41 0.0007261994002998502
42 0.0007535294852573712
43 0.0010580647176411794
44 0.0012884182908545726
45 0.0014055472263868065
46 0.0016241879060469775
47 0.0017647426286856573
48 0.0020029047976012
49 0.0020458520739630188
50 0.0023230572213893052
51 0.002670539730134932
52 0.0030961081959020487
53 0.002920414792603697
54 0.0033811219390304853
55 0.003720795852073966
56 0.003689561469265369
57 0.003955053723138429
58 0.00420883308345827
59 0.004372813593203399
60 0.004782764867566218
61 0.0045406984007996
62 0.004610975762118938
63 0.004829616441779111
64 0.004802286356821585
65 0.004970171164417789
66 0.004622688655672164
67 0.004759339080459772
68 0.004571932783608196
69 0.004806190654672661
70 0.0045602198900549715
71 0.004365004997501246
72 0.004165885807096452
73 0.0041736944027985995
74 0.0037676474262868585
75 0.0037754560219890074
76 0.0034006434282858556
77 0.003388930534732635
78 0.00337721764117941
79 0.002795477261369315
80 0.0028189030484757614
81 0.0024987506246876554
82 0.0022996314342828587
83 0.0021161294352823588
84 0.001975574712643679
85 0.001811594202898551
86 0.0016710394802598707
87 0.0016749437781109452
88 0.0014719202898550723
89 0.0014250687156421788
90 0.0012220452273863068
91 0.001147863568215892
92 0.000894084207896052
93 0.0008159982508745624
94 0.0008901799100449776
95 0.0008120939530234884
96 0.0007222951024487759
97 0.0005661231884057974
98 0.0005309845077461274
99 0.000519271614192904
100 0.00046070714642678723
101 0.0003943340829585212
102 0.00037481259370314874
103 0.00031234382808595736
104 0.00032405672163918073
105 0.00023816216891554238
106 0.0002537793603198403
107 0.0002459707646176913
108 0.00020692778610694666
109 0.00020692778610694666
110 0.0001835019990004998
111 0.00012493753123438278
112 0.00020692778610694663
113 0.0001639805097451275
114 0.00017178910544727644
115 0.00011322463768115938
116 0.0001210332333833083
117 0.0001210332333833083
118 0.0001210332333833083
119 0.00010541604197901046
120 0.00013665042478760617
121 0.00013274612693653173
122 0.0001210332333833083
123 0.0001210332333833083
124 8.979885057471262e-05
125 0.00012884182908545725
126 0.000101511744127936
127 0.00010541604197901046
128 8.979885057471262e-05
129 0.00013274612693653173
130 0.0001366504247876062
131 0.00016788480759620192
132 0.00016398050974512752
133 0.00017959770114942534
134 0.00015226761619190407
135 0.0002889180409795105
136 0.0002381621689155424
137 0.00030843953023488283
138 0.0003279610194902553
139 0.0003240567216391806
140 0.00038652548725637227
141 0.00035919540229885095
142 0.0005387931034482763
143 0.0005817403798100953
144 0.0005778360819590211
145 0.0008238068465767115
146 0.0007652423788105945
147 0.0008862756121939032
148 0.0010736819090454777
149 0.0013118440779610189
150 0.0016359007996002
151 0.0016007621189405294
152 0.0020224262868565714
153 0.0022137368815592197
154 0.0025221764117941
155 0.0030336394302848567
156 0.003599762618690655
157 0.004318153423288354
158 0.004443090954522738
159 0.005173194652673666
160 0.0055441029485257375
161 0.0065748375812094
162 0.007285419790104955
163 0.008308345827086458
164 0.009030640929535235
165 0.010276111944027985
166 0.01108039730134933
167 0.012075993253373316
168 0.012907608695652186
169 0.0144966579210395
170 0.015523488255872088
171 0.016729916291854087
172 0.017608383308345837
173 0.018350199900049977
174 0.01944340329835082
175 0.020341391804097955
176 0.020247688655672173
177 0.021286231884057965
178 0.021270614692653674
179 0.022020239880059966
180 0.021703991754122933
181 0.021813312093953027
182 0.020833333333333336
183 0.020396051974013
184 0.020142272613693155
185 0.01902173913043478
186 0.018463424537731137
187 0.01699931284357822
188 0.016554222888555743
189 0.01580850199900052
190 0.014441997751124465
191 0.013196526736631704
192 0.01217360069965019
193 0.01133808095952025
194 0.01028782483758121
195 0.008659732633683156
196 0.008288824337831088
197 0.007261994002998507
198 0.00628591954022989
199 0.00586035107446277
200 0.0051536731634182886
201 0.004345483508245876
202 0.0037910732133933046
203 0.003361600449775113
204 0.0031156296851574217
205 0.0025885494752623675
206 0.0022020239880059973
207 0.0021356509245377304
208 0.0016593265867066477
209 0.0014211644177911037
210 0.0013001311844077958
211 0.0010502561219390303
212 0.001046351824087956
213 0.0008081896551724141
214 0.00076133808095952
215 0.0006598263368315841
216 0.0005778360819590206
217 0.0005153673163418299
218 0.0004216641679160424
219 0.0003006309345327338
220 0.00030453523238380836
221 0.0003162481259370319
222 0.00019521489255372324
223 0.00025768365817091483
224 0.0002069277861069466
225 0.00019521489255372326
226 0.00022254497751124456
227 0.00019521489255372326
228 0.00017569340329835092
229 0.00013665042478760617
230 0.00014836331834082957
231 0.00013665042478760617
232 0.00014445902048975515
233 0.00015226761619190407
234 0.00011322463768115938
235 0.00015617191404297855
236 0.00013665042478760617
237 7.418165917041477e-05
238 0.0001210332333833083
239 0.0001210332333833083
240 0.00015617191404297857
241 0.00013665042478760617
242 0.0001366504247876062
243 0.00014836331834082962
244 0.00012103323338330832
245 0.00015617191404297855
246 0.0001366504247876062
247 0.00019521489255372326
248 0.00016007621189405305
249 0.00016398050974512747
250 0.00021864067966017008
251 0.00019911919040479766
252 0.00025377936031984025
253 0.00025377936031984035
254 0.000292822338830585
255 0.00032015242378810626
256 0.0003318653173413298
257 0.0003943340829585212
258 0.0005075587206396805
259 0.00047242003998001066
260 0.00046070714642678707
261 0.0004997501249375318
262 0.0005153673163418295
263 0.0006559220389805097
264 0.0007027736131934035
265 0.0007613380809595202
266 0.000886275612193903
267 0.0009565529735132433
268 0.0010268303348325832
269 0.0012806096951524237
270 0.0011634807596201905
271 0.001428973013493253
272 0.0015421976511744125
273 0.001710082458770614
274 0.0017881684157921042
275 0.002080990754622689
276 0.00227620564717641
277 0.0023152486256871573
278 0.0025963580709645185
279 0.002654922538730635
280 0.003053160919540229
281 0.0032249500249875076
282 0.003408452023988006
283 0.003642709895052474
284 0.003947245127436284
285 0.0038144990004997507
286 0.0040058095952023995
287 0.004212737381309345
288 0.00438452648675662
289 0.004423569465267363
290 0.004911606696651669
291 0.004696870314842575
292 0.004716391804097948
293 0.004798382058970514
294 0.0048452336331834085
295 0.004845233633183405
296 0.004821807846076965
297 0.004614880059970012
298 0.004638305847076459
299 0.0045211769115442255
300 0.00456021989005497
301 0.004189311594202896
302 0.004048756871564219
303 0.003974575212393804
304 0.003974575212393802
305 0.003521676661669166
306 0.0028735632183908046
307 0.002904797601199399
308 0.002756434282858571
309 0.0024675162418790583
310 0.0022098325837081457
311 0.0020731821589205393
312 0.0017569340329835095
313 0.0015695277361319343
314 0.001370408545727137
315 0.0012923225887056466
316 0.0010971076961519232
317 0.0008979885057471266
318 0.0008003810594702652
319 0.0006754435282358824
320 0.0005583145927036486
321 0.0005036544227886062
322 0.0003748125937031489
323 0.0002498750624687659
324 0.0003123438280859574
325 0.0001639805097451275
326 0.00020302348825587219
327 0.00010541604197901046
328 7.808595702148923e-05
329 7.027736131934031e-05
330 9.370314842578708e-05
331 6.246876561719139e-05
332 7.418165917041477e-05
333 2.7330084957521233e-05
334 2.3425787106446772e-05
335 1.952148925537231e-05
336 1.561719140429785e-05
337 1.561719140429785e-05
338 7.808595702148925e-06
339 1.1712893553223388e-05
340 3.904297851074463e-06
341 3.904297851074463e-06
342 1.952148925537231e-05
343 0.0
344 3.904297851074463e-06
345 3.904297851074463e-06
346 7.808595702148925e-06
347 3.904297851074463e-06
348 0.0
349 3.904297851074463e-06
350 0.0
351 7.808595702148925e-06
352 0.0
353 0.0
354 0.0
355 3.904297851074463e-06
356 0.0
357 0.0
358 0.0
