0 0.00027733211527547334
1 0.0002617325225377256
2 0.0002968946250665149
3 0.0002773614268267788
4 0.00022652543847022984
5 0.0002500078926211666
6 0.000253925871166135
7 0.0002422051650962836
8 0.00018750396683600844
9 0.00019142976568368373
10 0.00018360748931112544
11 0.00027344930865537816
12 0.00019142976764561888
13 0.00022661143859148595
14 0.00021482817971001287
15 0.00012110552739657235
16 0.00018753329990103218
17 0.00016016996975933036
18 0.00017189265924864348
19 0.0002148399180206027
20 0.00016405277052004914
21 0.00015234575687751354
22 0.0002148848526109467
23 0.00019139262599956187
24 0.00019532039655089614
25 0.0001289062949570953
26 0.00020704301956059773
27 0.00017970123735799404
28 0.0001796895225142538
29 0.00017578717290585392
30 0.00010546096485354006
31 0.00018361921784141303
32 0.0001562520049185228
33 0.0001796816982876825
34 0.00017187310648298078
35 0.0001718789590147027
36 0.0001562324697485853
37 0.0001562461269638931
38 0.00017966410548637415
39 0.00019922662308991757
40 0.00017579303717686889
41 0.00014450587987646998
42 0.00019530670218512977
43 0.00020313092094099207
44 0.00021093168653958574
45 0.0001835938125469611
46 0.00016797467290292125
47 0.00019921293654838948
48 0.00024216996973978156
49 0.00020311529593708581
50 0.0002695196015977297
51 0.00026559966896538514
52 0.00025001178129108707
53 0.00020703714943901008
54 0.00020312311038922588
55 0.0003280996806929419
56 0.0002695254599946932
57 0.0002577852050859703
58 0.00025781255471391906
59 0.00031245317381641853
60 0.00023045122951714537
61 0.00023827154787847492
62 0.00028905864846000983
63 0.0002617051259790219
64 0.00026559576074661407
65 0.00025388091700345586
66 0.00023045707423930382
67 0.00023826371974565273
68 0.00019529888186774208
69 0.0002538828574306959
70 0.00020311135644190162
71 0.00028121687601522703
72 0.0002655898828066534
73 0.00017576760644483425
74 0.0002382637158335306
75 0.00032026569532427155
76 0.00019917777050050024
77 0.0002656035634829397
78 0.00019527932714014437
79 0.0001991816787046023
80 0.0001835605810493279
81 0.00021872466701225958
82 0.00018355667284229328
83 0.00020309573925342996
84 0.0002265547519981335
85 0.00017964456249219824
86 0.0002460742597607525
87 0.00019921489650394586
88 0.00021481059473294265
89 0.00023436918262746952
90 0.0001327929941386811
91 0.00021481839159522294
92 0.0002226230849643826
93 0.0002343359863330406
94 0.0002343516074277632
95 0.0002421543486479974
96 0.0002070039433672174
97 0.0002070098017671194
98 0.00027341217874274896
99 0.00023822074119581038
100 0.00023435355176418688
101 0.00021871098633010795
102 0.00021091800977542143
103 0.00018354300194043803
104 0.0003046504697583793
105 0.0002343281601445401
106 0.0002929336484433937
107 0.00024215628710450444
108 0.00021872075685503206
109 0.00036713679493560416
110 0.0002343672519893298
111 0.00028903130469730285
112 0.00030076568556645667
113 0.00029682623144778935
114 0.00035150200096143786
115 0.00035929888768802094
116 0.0003163457666040434
117 0.00033587116796976875
118 0.00038665829591853323
119 0.0003788731396812344
120 0.0003827891504170583
121 0.00038271883006350566
122 0.00039446102931746185
123 0.00045695711524224676
124 0.0004569454042900769
125 0.000449150499050382
126 0.00038272078417142774
127 0.00044521102537992564
128 0.0004608575048716118
129 0.00045306063574956343
130 0.0005155508789053216
131 0.0005662911416021236
132 0.0005389649316191658
133 0.0006600294443365068
134 0.0006248927158374985
135 0.0006014122372788526
136 0.0007147169677916145
137 0.0007655411748218672
138 0.0006795607178033507
139 0.000726490405331697
140 0.0008123361152462147
141 0.0009608166504542976
142 0.0008435978633194936
143 0.0008787130517212492
144 0.001132568586879478
145 0.0010740256572809722
146 0.0011560764170133332
147 0.001070138958096454
148 0.0013278636309172437
149 0.0014723792617316405
150 0.0015154574141584894
151 0.001581775799899251
152 0.0016403558594309266
153 0.0016559398779929714
154 0.0018277230820158408
155 0.001995697745117919
156 0.0021832622716068716
157 0.0022065669433987923
158 0.0024487662598431763
159 0.002667443985384651
160 0.002702555300762023
161 0.0028704654921829797
162 0.003100942146514095
163 0.0032063171797172742
164 0.003448479338867151
165 0.0034994012941036777
166 0.003784473591899031
167 0.00392877241501858
168 0.0045458956054703166
169 0.0049677199805544725
170 0.005061489505932366
171 0.005233288483590337
172 0.005530143934675164
173 0.005916731966942389
174 0.006174526862360711
175 0.00628764399112619
176 0.006326696822248871
177 0.006721187133803155
178 0.007115548574163955
179 0.007291384564464842
180 0.0074437478378866695
181 0.007560833802702117
182 0.007713128862392279
183 0.008236490160066353
184 0.008177814417940502
185 0.00850988290728686
186 0.00816229496685075
187 0.008466859487336612
188 0.00873618365513624
189 0.008353513697187542
190 0.008459086016549362
191 0.008533197310494218
192 0.008634748156247254
193 0.008662076287070443
194 0.008974568548828327
195 0.008763505952988311
196 0.008564459080004928
197 0.00820114249790327
198 0.008673855588840462
199 0.00843952355763934
200 0.008267564355329026
201 0.008275439445226566
202 0.008240341798806712
203 0.007560767433565435
204 0.00792787489737153
205 0.00785369911027582
206 0.007845845654266633
207 0.00752569127838831
208 0.007689605332947746
209 0.007307003590716115
210 0.007494372894529348
211 0.007455271269410997
212 0.007275636457930061
213 0.007123458726593737
214 0.0072639743554403745
215 0.0070256754774593415
216 0.0069047711738515136
217 0.006978984102572728
218 0.006998495897589483
219 0.007014152006849051
220 0.007213327858424293
221 0.007060947027369136
222 0.007064890415123608
223 0.006666564140740296
224 0.006627380500035136
225 0.006658663668912443
226 0.006580700849749097
227 0.006385319887762179
228 0.006455774966884707
229 0.006658716435641658
230 0.006463673488484443
231 0.006420562108492652
232 0.006522095431847836
233 0.0062917261280355805
234 0.0060181615820203245
235 0.006221450761886764
236 0.006143198735393939
237 0.005998802287217696
238 0.006010444752919208
239 0.005826987831269116
240 0.006034034663219163
241 0.005823087353652283
242 0.005901054190506265
243 0.005666741626062889
244 0.005815206577265081
245 0.005834651838944737
246 0.005580735712912911
247 0.005690282699398451
248 0.005315425257109956
249 0.005229397774495392
250 0.005362210360541511
251 0.0055613529571493315
252 0.0052879720264818065
253 0.005159151706199589
254 0.005194239484405972
255 0.004905263004064338
256 0.00495991914654076
257 0.005088905606633218
258 0.004827171143688793
259 0.004936593098852008
260 0.004725694622319809
261 0.004745133990317124
262 0.0047217551095310875
263 0.00472564768275225
264 0.004487532445580029
265 0.004776421108543284
266 0.004901321496143284
267 0.004335182784369451
268 0.004581143768761142
269 0.00469055590451849
270 0.004405358463905389
271 0.004276633922087731
272 0.0045264952901995234
273 0.004448327215852636
274 0.004475655405325344
275 0.004436686657345925
276 0.004323423006044751
277 0.004518663300004282
278 0.004577298027491975
279 0.0043819913233419695
280 0.004741315618280518
281 0.004753151680950666
282 0.00436245812510517
283 0.004475704211019217
284 0.004874264975851017
285 0.0047686398878509124
286 0.005018555857453773
287 0.004694485572431458
288 0.0048194366650811706
289 0.0048662902657263096
290 0.004917048097778105
291 0.005135680919955761
292 0.00490928244151341
293 0.0050420891417542165
294 0.004948301964919639
295 0.0048781613751716635
296 0.004788163313609668
297 0.004772698426878129
298 0.004659409426975941
299 0.004827362563723085
300 0.004253276534468188
301 0.004378196384904975
302 0.004167379951356169
303 0.0041048291622692275
304 0.00406958693956215
305 0.0037611181720563548
306 0.003561999028635139
307 0.0036362060070568567
308 0.0036048954552487036
309 0.003179213672991269
310 0.0030191062618941215
311 0.0029528133049410866
312 0.002749660884938999
313 0.0026168190284599534
314 0.002655910853683132
315 0.00233960613893225
316 0.00230442247478075
317 0.002144285716934981
318 0.002030988824367614
319 0.0019334420237457535
320 0.001710758259932052
321 0.0015700961495477333
322 0.001538853954245982
323 0.0013826683634241758
324 0.0014803383019129591
325 0.001351424235522362
326 0.0012069984621552383
327 0.0012108108858660217
328 0.0009608850421140208
329 0.001062420247226402
330 0.0009530413018747683
331 0.0008241604044025727
332 0.0008397932345178645
333 0.000749961156337095
334 0.0006991955059386396
335 0.0006913009746681378
336 0.0007069376895118775
337 0.000699168168047045
338 0.0005937443585495826
339 0.0005702833741012316
340 0.0005859552804069652
341 0.0005820216983776858
342 0.0004921778701822598
343 0.00043362905480781296
344 0.00044529114361976084
345 0.0004492208467476858
346 0.00041402748249820797
347 0.00043747672469449697
348 0.0004101270771998204
349 0.00036715830961582
350 0.00033594543563100765
351 0.0003008009161202859
352 0.0003632930997003515
353 0.00029690441904361975
354 0.0003281524375537933
355 0.00028518176474576283
356 0.00029298448837320444
357 0.000343742304747179
358 0.0004140841554167493
