0 0.0
1 3.904297851074463e-06
2 0.0
3 0.0
4 0.0
5 0.0
6 0.0
7 0.0
8 0.0
9 0.0
10 7.808595702148925e-06
11 3.904297851074463e-06
12 0.0
13 3.904297851074463e-06
14 3.904297851074463e-06
15 0.0
16 0.0
17 3.904297851074463e-06
18 3.904297851074463e-06
19 0.0
20 7.808595702148925e-06
21 0.0
22 7.808595702148925e-06
23 2.3425787106446772e-05
24 1.561719140429785e-05
25 1.561719140429785e-05
26 2.7330084957521233e-05
27 3.9042978510744616e-05
28 1.561719140429785e-05
29 3.513868065967016e-05
30 4.294727636181908e-05
31 7.418165917041477e-05
32 5.466016991504246e-05
33 0.00012884182908545725
34 0.00010541604197901046
35 0.0001327461269365317
36 0.00016007621189405302
37 0.00023425787106446795
38 0.00026939655172413814
39 0.0003045352323838084
40 0.00036700399800099995
41 0.0004138555722138935
42 0.0004099512743628191
43 0.0004763243378310851
44 0.000597357571214393
45 0.00069106071964018
46 0.000956552973513243
47 0.000870658420789605
48 0.001093203398300849
49 0.0011322463768115938
50 0.0014211644177911035
51 0.0015421976511744123
52 0.001550006246876562
53 0.0018935844577711147
54 0.001913105947026487
55 0.0020653735632183913
56 0.002276205647176411
57 0.0024518990504747607
58 0.0023074400299850075
59 0.0028306159420289855
60 0.002826711644177909
61 0.0029750749625187395
62 0.0027759557721139423
63 0.003096108195902049
64 0.002982883558220891
65 0.0029750749625187386
66 0.0028657546226886557
67 0.003103916791604197
68 0.0030843953023488254
69 0.003037543728135932
70 0.002967266366816592
71 0.003111725387306347
72 0.002795477261369315
73 0.002760338580709646
74 0.0027642428785607178
75 0.0023699087956021965
76 0.0025026549225387294
77 0.002330865817091454
78 0.002244971264367816
79 0.0020692778610694644
80 0.0018545414792603696
81 0.001819402798600699
82 0.0015929535232383802
83 0.0015695277361319345
84 0.001370408545727137
85 0.0013704085457271371
86 0.001257183908045977
87 0.001167385057471264
88 0.0010541604197901043
89 0.0009643615692153921
90 0.0009565529735132434
91 0.0007730509745127433
92 0.0007457208895552223
93 0.0006598263368315843
94 0.0006715392303848078
95 0.0004958458270864573
96 0.0004646114442778615
97 0.00046851574212893607
98 0.0004489942528735636
99 0.000476324337831085
100 0.00034357821089455305
101 0.00033186531734132963
102 0.00026549225387306367
103 0.000292822338830585
104 0.00028891804097951057
105 0.00028501374312843604
106 0.00020302348825587224
107 0.00022254497751124445
108 0.0002069277861069467
109 0.00017178910544727644
110 0.000226449275362319
111 0.0001952148925537232
112 0.00016007621189405302
113 0.0001522676161919041
114 0.0001483633183408296
115 0.000101511744127936
116 0.0001522676161919041
117 0.00012884182908545725
118 0.00015617191404297857
119 0.0001210332333833083
120 0.00013274612693653173
121 0.0001483633183408296
122 0.00010932033983008492
123 0.00016007621189405297
124 0.0001366504247876062
125 0.00015617191404297855
126 0.00022644927536231906
127 0.00014055472263868068
128 0.00019911919040479777
129 0.00022254497751124453
130 0.00018740629685157423
131 0.0002069277861069467
132 0.0002615879560219892
133 0.000300630934532734
134 0.00032015242378810626
135 0.00037481259370314885
136 0.0003474825087456274
137 0.00038652548725637227
138 0.0004958458270864573
139 0.0005661231884057976
140 0.0005778360819590205
141 0.0006949650174912542
142 0.000773050974512744
143 0.0009018928035982007
144 0.0010580647176411787
145 0.0011908108445777108
146 0.001222045227386307
147 0.0014602073963018505
148 0.0016671351824087965
149 0.001991191904047976
150 0.0021903110944527736
151 0.0025612193903048475
152 0.0026978698150924513
153 0.0033420789605197398
154 0.0036856571714142935
155 0.004368909295352322
156 0.005298132183908047
157 0.005587050224887559
158 0.00612193903048476
159 0.007023831834082966
160 0.007730509745127443
161 0.00860116816591704
162 0.009581146926536726
163 0.010397145177411296
164 0.011751936531734139
165 0.012552317591204407
166 0.013559626436781626
167 0.014668447026486781
168 0.015386837831084481
169 0.016647926036981522
170 0.017448307096451787
171 0.01861569215392304
172 0.019521489255372317
173 0.01989630184907546
174 0.021106634182908538
175 0.021867972263868066
176 0.022184220389805106
177 0.02265664042978512
178 0.0230861131934033
179 0.023035357321339333
180 0.023316466766616695
181 0.023019740129935035
182 0.02302754872563718
183 0.022106134432783604
184 0.021567341329335334
185 0.021364317841079453
186 0.02031015742128936
187 0.018916323088455776
188 0.018853854322838582
189 0.01774112943528238
190 0.01663230884557722
191 0.01610522863568218
192 0.014617691154422813
193 0.013282421289355343
194 0.012232165167416304
195 0.01121314342828586
196 0.010647020239880059
197 0.009850543478260875
198 0.008238068465767122
199 0.008132652423788108
200 0.006937937281359327
201 0.006075087456271868
202 0.005844733883058473
203 0.0050014055472263836
204 0.004556315592203898
205 0.00363099700149925
206 0.003361600449775114
207 0.0029985007496251873
208 0.0027251999000499744
209 0.002280109945027486
210 0.0021122251374312835
211 0.0018623500749625197
212 0.0015656234382808594
213 0.0011517678660669661
214 0.0012337581209395305
215 0.0009838830584707643
216 0.0009955959520239884
217 0.0007379122938530733
218 0.0007340079960019988
219 0.0006520177411294353
220 0.0005817403798100953
221 0.00044118565717141475
222 0.00043337706146926575
223 0.00035919540229885106
224 0.0003201524237881062
225 0.0002772051474262871
226 0.00023425787106446785
227 0.00024206646676661682
228 0.0001952148925537232
229 0.00023035357321339343
230 0.00017959770114942542
231 0.0001952148925537233
232 0.00014055472263868068
233 0.0001835019990004998
234 0.00019911919040479763
235 8.19902548725637e-05
236 0.0001327461269365317
237 0.00014445902048975515
238 0.00012884182908545725
239 0.00014055472263868068
240 0.00014055472263868068
241 0.00013665042478760617
242 0.00017178910544727644
243 0.00016398050974512747
244 0.00013665042478760617
245 0.00012884182908545722
246 0.00014055472263868065
247 0.00018740629685157423
248 0.00021083208395802114
249 0.0002108320839580211
250 0.0001874062968515743
251 0.00015617191404297855
252 0.00018350199900049984
253 0.0002615879560219892
254 0.0002381621689155424
255 0.000292822338830585
256 0.00025377936031984025
257 0.000285013743128436
258 0.0003474825087456276
259 0.00037481259370314885
260 0.00041385557221389354
261 0.0004099512743628191
262 0.0005348888055972017
263 0.0005387931034482765
264 0.0005817403798100952
265 0.0006168790604697653
266 0.0007340079960019988
267 0.0007144865067466263
268 0.0008316154422788603
269 0.0009175099950024987
270 0.0009136056971514243
271 0.0009253185907046476
272 0.0011908108445777105
273 0.0011595764617691156
274 0.0012532796101949021
275 0.0013782171414292855
276 0.0017139867566216896
277 0.0016437093953023494
278 0.001803785607196402
279 0.001979479010494753
280 0.002120033733133433
281 0.0023542916041978993
282 0.002287918540729634
283 0.002502654922538728
284 0.0026197838580709625
285 0.0027173913043478243
286 0.002842328835582209
287 0.002838424537731134
288 0.0028306159420289833
289 0.0029672663668165915
290 0.0030219265367316334
291 0.003111725387306344
292 0.0031937156421789127
293 0.0030882996001998994
294 0.002971170664667666
295 0.0029906921539230376
296 0.003209332833583209
297 0.003232758620689655
298 0.002834520239880061
299 0.002744721389305345
300 0.0026236881559220386
301 0.0022566841579210383
302 0.002330865817091452
303 0.0023816216891554215
304 0.0019990004997501253
305 0.0019638618190904555
306 0.0016437093953023483
307 0.0016359007996002007
308 0.001526580459770114
309 0.0013860257371314344
310 0.0012298538230884556
311 0.001151767866066966
312 0.0009097013993003493
313 0.0009331271864067965
314 0.0008120939530234881
315 0.0007261994002998494
316 0.0005739317841079464
317 0.0004958458270864572
318 0.0003748125937031489
319 0.0003045352323838084
320 0.0003045352323838083
321 0.0002342578710644679
322 0.00019911919040479768
323 0.00018350199900049984
324 0.00012493753123438278
325 7.418165917041477e-05
326 0.00010541604197901046
327 7.418165917041477e-05
328 7.418165917041477e-05
329 4.294727636181908e-05
330 2.3425787106446772e-05
331 2.7330084957521233e-05
332 2.7330084957521237e-05
333 3.1234382808595694e-05
334 2.3425787106446772e-05
335 7.808595702148925e-06
336 0.0
337 7.808595702148925e-06
338 1.1712893553223388e-05
339 0.0
340 0.0
341 3.904297851074463e-06
342 0.0
343 0.0
344 0.0
345 0.0
346 0.0
347 0.0
348 0.0
349 3.904297851074463e-06
350 0.0
351 0.0
352 0.0
353 0.0
354 0.0
355 0.0
356 0.0
357 0.0
358 3.904297851074463e-06
