0 0.0
1 0.0
2 0.0
3 0.0
4 0.0
5 0.0
6 0.0
7 0.0
8 0.0
9 0.0
10 0.0
11 0.0
12 0.0
13 0.0
14 0.0
15 0.0
16 0.0
17 0.0
18 0.0
19 0.0
20 0.0
21 0.0
22 0.0
23 0.0
24 0.0
25 0.0
26 0.0
27 0.0
28 0.0
29 0.0
30 0.0
31 0.0
32 0.0
33 3.904297851074463e-06
34 0.0
35 0.0
36 0.0
37 0.0
38 0.0
39 0.0
40 0.0
41 0.0
42 0.0
43 3.904297851074463e-06
44 0.0
45 1.1712893553223388e-05
46 7.808595702148925e-06
47 0.0
48 1.1712893553223388e-05
49 3.904297851074463e-06
50 1.561719140429785e-05
51 1.561719140429785e-05
52 3.513868065967016e-05
53 2.3425787106446772e-05
54 1.561719140429785e-05
55 1.561719140429785e-05
56 2.7330084957521233e-05
57 4.2947276361819084e-05
58 5.856446776611693e-05
59 3.9042978510744616e-05
60 5.466016991504247e-05
61 0.000101511744127936
62 7.027736131934031e-05
63 0.00012493753123438278
64 0.00017959770114942528
65 0.00020692778610694658
66 0.00015226761619190402
67 0.00021864067966017006
68 0.0003162481259370317
69 0.0003435782108945529
70 0.0003552911044477763
71 0.0003982383808095954
72 0.0004919415292353826
73 0.0005348888055972017
74 0.0006051661669165419
75 0.0006949650174912546
76 0.0008628498250874562
77 0.000827711144427786
78 0.0009760744627686155
79 0.0010814905047476261
80 0.0011049162918540722
81 0.0013469827586206895
82 0.001386025737131434
83 0.0014328773113443279
84 0.0016280922038980508
85 0.0017569340329835078
86 0.00188968015992004
87 0.0018194027986006994
88 0.0018857758620689652
89 0.001944340329835082
90 0.0019248188405797092
91 0.002139555222388805
92 0.0019833833083458263
93 0.0019911919040479765
94 0.0021903110944527723
95 0.0019443403298350828
96 0.0020302348825587202
97 0.0021512681159420286
98 0.002022426286856571
99 0.002092703648175912
100 0.002073182158920538
101 0.0020848950524737634
102 0.002205928285857071
103 0.0023113443278360807
104 0.0024362818590704634
105 0.0023269615192403788
106 0.0023113443278360807
107 0.0024479947526236875
108 0.002736912793603197
109 0.0028735632183908033
110 0.0029008933033483246
111 0.002631496751624187
112 0.002978979260369812
113 0.003088299600199899
114 0.0031663855572213874
115 0.0032054285357321333
116 0.0030961081959020456
117 0.0032132371314342813
118 0.0030648738130934516
119 0.003221045727136429
120 0.003381121939030483
121 0.0035138680659670143
122 0.003517772363818089
123 0.003271801599200397
124 0.003467016491754119
125 0.003467016491754121
126 0.0033811219390304827
127 0.0032757058970514733
128 0.0032210457271364306
129 0.003295227386306844
130 0.003396739130434782
131 0.0031741941529235375
132 0.0032366629185407282
133 0.0032913230884557706
134 0.0030492566216891535
135 0.0031195339830084935
136 0.0030961081959020474
137 0.003127342578710641
138 0.0029438405797101415
139 0.002865754622688654
140 0.0029985007496251856
141 0.0028891804097951005
142 0.003232758620689654
143 0.0028852761119440287
144 0.003092203898050973
145 0.002896989005497248
146 0.00311562968515742
147 0.003096108195902048
148 0.003385026236881557
149 0.0033655047476261837
150 0.0032210457271364306
151 0.003303035982008995
152 0.0033225574712643646
153 0.003693465767116441
154 0.0035333895552223855
155 0.003681752873563217
156 0.003935532233883056
157 0.003759838830584705
158 0.003970670914542726
159 0.004033139680159919
160 0.0038262118940529718
161 0.004407952273863066
162 0.004158077211394301
163 0.004255684657671161
164 0.0045680284857571194
165 0.00454460269865067
166 0.004724200399800094
167 0.004931128185907043
168 0.004790573463268362
169 0.004728104697651171
170 0.004732008995502246
171 0.004853042228885555
172 0.004989692653673161
173 0.0054738255872063945
174 0.005231759120439775
175 0.005009214142928532
176 0.005387931034482755
177 0.0056221889055472225
178 0.005329366566716639
179 0.005134151674162916
180 0.00525128060969515
181 0.005466016991504244
182 0.005321557971014486
183 0.005501155672163918
184 0.005181003248375808
185 0.005192716141929032
186 0.005231759120439773
187 0.005372313843078458
188 0.005087300099950021
189 0.005036544227886057
190 0.004958458270864565
191 0.0051263430784607685
192 0.004677348825587202
193 0.004743721889055468
194 0.005013118440779603
195 0.00473591329335332
196 0.004712487506246872
197 0.004802286356821586
198 0.004774956271864066
199 0.004638305847076462
200 0.004696870314842575
201 0.004458708145927034
202 0.004439186656671662
203 0.004692966016991497
204 0.00460316716641679
205 0.004724200399800097
206 0.004294727636181911
207 0.004197120189905045
208 0.00391991504247876
209 0.004544602698650674
210 0.004446995252373809
211 0.004353292103948024
212 0.004181502998500748
213 0.004193215892053971
214 0.004056565467266364
215 0.004341579210394801
216 0.004259588955522237
217 0.004119034232883556
218 0.004236163168415792
219 0.004060469765117441
220 0.003884776361819088
221 0.0039862881059470265
222 0.004357196401799099
223 0.004185407296351821
224 0.004189311594202898
225 0.004013618190904546
226 0.004329866316841578
227 0.004107321339330334
228 0.0044079522738630665
229 0.004400143678160917
230 0.004443090954522736
231 0.004591454272863568
232 0.004767147676161915
233 0.004755434782608693
234 0.004528985507246376
235 0.00478666916541729
236 0.004837425037481257
237 0.004938936781609193
238 0.005044352823588204
239 0.005243472013993002
240 0.005204429035482257
241 0.005063874312843574
242 0.005571433033483257
243 0.0056768490754622696
244 0.005981384307846077
245 0.005801786606696649
246 0.005985288605697146
247 0.006188312093953023
248 0.006094608945527237
249 0.006434282858570714
250 0.006746626686656673
251 0.006773956771614191
252 0.007289324087956022
253 0.007027736131934031
254 0.007574337831084455
255 0.008007714892553723
256 0.007800787106446772
257 0.008062375062468765
258 0.008370814592703646
259 0.008550412293853065
260 0.009089205397301339
261 0.009073588205897046
262 0.009456209395302347
263 0.009819309095452271
264 0.00972560594702648
265 0.010014523988005996
266 0.00959285982008995
267 0.010131652923538223
268 0.010010619690154921
269 0.010096514242878562
270 0.010287824837581207
271 0.009948150924537725
272 0.009456209395302343
273 0.009057971014492749
274 0.008878373313343324
275 0.0086987756121939
276 0.008413761869065468
277 0.008308345827086455
278 0.007703179660169913
279 0.007671945277361317
280 0.006785669665167411
281 0.006492847326336828
282 0.005926724137931029
283 0.005672944777611193
284 0.005411356821589204
285 0.004810094952523732
286 0.004532889805097448
287 0.0038457333833083434
288 0.0034631121939030477
289 0.00332646176911544
290 0.0029204147926036954
291 0.002705678410794601
292 0.002428473263368314
293 0.002092703648175911
294 0.0018935844577711138
295 0.0017022738630684652
296 0.0013547913543228384
297 0.0012181409295352317
298 0.0010892991004497745
299 0.0009097013993003498
300 0.0007808595702148925
301 0.0006949650174912545
302 0.0005622188905547228
303 0.0004919415292353827
304 0.0004138555722138933
305 0.0003943340829585209
306 0.0003474825087456274
307 0.00024597076461769124
308 0.0002537793603198402
309 0.00020302348825587213
310 0.00011712893553223387
311 0.00010932033983008492
312 8.589455272363815e-05
313 9.370314842578708e-05
314 6.637306346826585e-05
315 3.904297851074462e-05
316 5.466016991504247e-05
317 3.5138680659670155e-05
318 3.513868065967016e-05
319 3.513868065967016e-05
320 1.952148925537231e-05
321 1.561719140429785e-05
322 1.952148925537231e-05
323 7.808595702148925e-06
324 3.904297851074463e-06
325 3.904297851074463e-06
326 3.904297851074463e-06
327 7.808595702148925e-06
328 3.904297851074463e-06
329 0.0
330 7.808595702148925e-06
331 3.904297851074463e-06
332 0.0
333 0.0
334 0.0
335 0.0
336 0.0
337 0.0
338 3.904297851074463e-06
339 0.0
340 0.0
341 0.0
342 0.0
343 0.0
344 0.0
345 0.0
346 0.0
347 0.0
348 0.0
349 0.0
350 0.0
351 0.0
352 0.0
353 0.0
354 0.0
355 0.0
356 0.0
357 0.0
358 0.0
