0 0.0
1 0.0
2 0.0
3 3.904297851074463e-06
4 0.0
5 0.0
6 0.0
7 0.0
8 0.0
9 0.0
10 3.904297851074463e-06
11 3.904297851074463e-06
12 0.0
13 0.0
14 3.904297851074463e-06
15 7.808595702148925e-06
16 3.904297851074463e-06
17 7.808595702148925e-06
18 7.808595702148925e-06
19 7.808595702148925e-06
20 7.808595702148925e-06
21 1.1712893553223388e-05
22 3.904297851074463e-06
23 1.561719140429785e-05
24 2.3425787106446772e-05
25 3.9042978510744616e-05
26 2.3425787106446772e-05
27 4.294727636181908e-05
28 4.685157421289354e-05
29 6.246876561719139e-05
30 6.246876561719139e-05
31 5.0755872063968e-05
32 9.760744627686154e-05
33 0.00012493753123438278
34 0.00018350199900049987
35 0.00016788480759620197
36 0.0002147363818090956
37 0.00026549225387306367
38 0.0003513868065967019
39 0.0003982383808095957
40 0.0004177598700649679
41 0.000546601699150425
42 0.0005856446776611698
43 0.0008667541229385307
44 0.0008120939530234882
45 0.0009721701649175416
46 0.001214236631684158
47 0.0013704085457271358
48 0.0014758245877061478
49 0.001671039480259871
50 0.0017569340329835089
51 0.001956053223388306
52 0.002174693903048475
53 0.002490942028985506
54 0.0026549225387306336
55 0.002803285857071462
56 0.002932127686156919
57 0.0032405672163918035
58 0.003517772363818092
59 0.003709082958520742
60 0.0037949775112443786
61 0.0039121064467766125
62 0.0037012743628185925
63 0.003849637681159421
64 0.004037043978010995
65 0.0041268428285857065
66 0.004130747126436781
67 0.004142460019990005
68 0.003986288105947027
69 0.003802786106946528
70 0.003994096701649176
71 0.0038535419790104953
72 0.0038496376811594213
73 0.0035138680659670173
74 0.0034318778110944536
75 0.003338174662668668
76 0.0030922038980509734
77 0.0030258308345827083
78 0.002822807346326833
79 0.0027525299850074975
80 0.0024050474762618685
81 0.002362100199900048
82 0.0021746939030484764
83 0.0021317466266866573
84 0.00196776611694153
85 0.0017491254372813594
86 0.0016241879060469768
87 0.0014289730134932537
88 0.0012415667166416797
89 0.0012767053973013495
90 0.0009643615692153919
91 0.0009799787606196897
92 0.0009253185907046478
93 0.0008159982508745624
94 0.0007613380809595202
95 0.0006754435282358821
96 0.0006090704647676164
97 0.0006012618690654677
98 0.0005348888055972018
99 0.0005661231884057972
100 0.0003513868065967021
101 0.0004411856571714148
102 0.00033576961519240416
103 0.00031624812593703184
104 0.00033967391304347863
105 0.00029282233883058505
106 0.00028891804097951046
107 0.000285013743128436
108 0.000226449275362319
109 0.00022254497751124445
110 0.00021083208395802103
111 0.0002108320839580211
112 0.0001561719140429785
113 0.0001366504247876062
114 0.00014836331834082957
115 0.00016398050974512747
116 0.0001366504247876062
117 0.00011322463768115938
118 0.00013665042478760617
119 0.0001639805097451275
120 0.000160076211894053
121 0.00014445902048975515
122 0.00010932033983008492
123 0.00012493753123438278
124 0.0001327461269365317
125 0.00012884182908545722
126 0.00012884182908545725
127 0.00014836331834082957
128 0.00012884182908545725
129 0.00016007621189405302
130 0.00018740629685157434
131 0.0002147363818090956
132 0.00020302348825587224
133 0.0001991191904047977
134 0.0003045352323838083
135 0.00033967391304347847
136 0.000292822338830585
137 0.0004060469765117446
138 0.0003826211894052978
139 0.0005309845077461276
140 0.000519271614192904
141 0.0005231759120439786
142 0.0006324962518740632
143 0.000784763868065967
144 0.0009331271864067964
145 0.00094484007996002
146 0.00112834207896052
147 0.001421164417791104
148 0.0013665042478760625
149 0.0017022738630684657
150 0.002010713393303349
151 0.0020927036481759123
152 0.0025338893053473252
153 0.0029750749625187386
154 0.003677848575712146
155 0.003974575212393804
156 0.004267397551224387
157 0.005013118440779609
158 0.005423069715142426
159 0.006168790604697653
160 0.006711488005997006
161 0.007445496001999006
162 0.008444996251874063
163 0.009475730884557726
164 0.010377623688155924
165 0.011217047726136936
166 0.012501561719140445
167 0.013563530734632706
168 0.014180409795102471
169 0.014871470514742654
170 0.01655031859070466
171 0.01724137931034484
172 0.018276018240879564
173 0.0191115379810095
174 0.019525393553223382
175 0.020306253123438284
176 0.020821620439780107
177 0.021161294352823594
178 0.021149581459270362
179 0.021333083458270865
180 0.02166104447776111
181 0.021368222138930533
182 0.02153220264867565
183 0.02062250124937531
184 0.020376530484757623
185 0.01995096201899051
186 0.019189623938030986
187 0.017834832583708153
188 0.017065685907046494
189 0.015925630934532753
190 0.015273613193403321
191 0.014035950774612711
192 0.0133956459270365
193 0.012485944527736147
194 0.011174100449775121
195 0.010287824837581207
196 0.009218047226386802
197 0.008507465017491255
198 0.007851542978510755
199 0.006793478260869568
200 0.0058720639680159906
201 0.005653423288355824
202 0.005087300099950028
203 0.0042947276361819066
204 0.0036817528735632204
205 0.0036388055972013966
206 0.003006309345327336
207 0.0023699087956021987
208 0.002295727136431783
209 0.0019482446276861572
210 0.0017256996501749135
211 0.0014445902048975511
212 0.0013001311844077958
213 0.0010424475262368815
214 0.000968265867066467
215 0.0008745627186406795
216 0.0007301036981509241
217 0.0006520177411294355
218 0.000519271614192904
219 0.00048803723138430855
220 0.0004607071464267872
221 0.00044899425287356375
222 0.0003826211894052977
223 0.00030843953023488283
224 0.0002693965517241382
225 0.00025768365817091467
226 0.0002967266366816594
227 0.000167884807596202
228 0.00018350199900049984
229 0.00016788480759620197
230 0.0001561719140429785
231 0.00012884182908545725
232 0.0001795977011494254
233 0.00013274612693653173
234 0.00012493753123438278
235 0.00018740629685157432
236 0.00021083208395802114
237 0.00013274612693653173
238 0.00011712893553223384
239 0.000101511744127936
240 0.00017569340329835084
241 0.00013665042478760617
242 0.00011322463768115938
243 0.00012884182908545725
244 0.00018350199900049984
245 0.00010541604197901046
246 0.00018740629685157432
247 0.00012493753123438278
248 0.00015226761619190407
249 0.0001483633183408296
250 0.00020302348825587224
251 0.00019911919040479774
252 0.00020302348825587216
253 0.0003045352323838084
254 0.00030063093453273383
255 0.0002615879560219892
256 0.0003240567216391806
257 0.0003552911044477766
258 0.0003787168915542234
259 0.0004411856571714148
260 0.00042166416791604243
261 0.0005270802098950528
262 0.0005387931034482763
263 0.000648113443278361
264 0.0007027736131934027
265 0.0008550412293853077
266 0.0009526486756621685
267 0.0008901799100449776
268 0.001011213143428286
269 0.0011205334832583701
270 0.0013430784607696145
271 0.001405547226386806
272 0.001409451524237881
273 0.001655422288855572
274 0.0017530297351324347
275 0.0018467328835582207
276 0.001991191904047975
277 0.0021825024987506235
278 0.0023308658170914536
279 0.00249484632683658
280 0.0027056784107946023
281 0.0027915729635182417
282 0.0030219265367316325
283 0.0031741941529235384
284 0.0034592078960519745
285 0.003314748875562219
286 0.00350605947026487
287 0.0039316279360319855
288 0.0038418290854572703
289 0.003978479510244879
290 0.00408389555222389
291 0.0038574462768615706
292 0.004161981509245377
293 0.004095608445777112
294 0.004185407296351822
295 0.004025331084457772
296 0.004087799850074963
297 0.004013618190904549
298 0.0037090829585207413
299 0.0036466141929035484
300 0.003755934532733635
301 0.0033381746626686658
302 0.0031468640679660183
303 0.0029985007496251873
304 0.0027173913043478243
305 0.0025729322838580694
306 0.0022918228385807086
307 0.002272301349325337
308 0.0021668853073463254
309 0.0018389242878560723
310 0.0017452211394302852
311 0.0014523988005997004
312 0.0012884182908545732
313 0.0011439592703648175
314 0.0011127248875562213
315 0.0008745627186406799
316 0.0008081896551724133
317 0.0005895489755122441
318 0.0006051661669165419
319 0.0004060469765117446
320 0.00041385557221389343
321 0.0003162481259370318
322 0.0002889180409795105
323 0.00019131059470264874
324 0.0001835019990004999
325 0.00017959770114942537
326 0.00010541604197901046
327 0.00014055472263868065
328 0.00012884182908545725
329 8.19902548725637e-05
330 7.027736131934031e-05
331 3.5138680659670155e-05
332 3.904297851074462e-05
333 3.1234382808595694e-05
334 2.7330084957521233e-05
335 1.952148925537231e-05
336 1.1712893553223388e-05
337 1.1712893553223388e-05
338 1.561719140429785e-05
339 1.1712893553223388e-05
340 1.1712893553223388e-05
341 1.1712893553223388e-05
342 3.904297851074463e-06
343 7.808595702148925e-06
344 3.904297851074463e-06
345 3.904297851074463e-06
346 3.904297851074463e-06
347 7.808595702148925e-06
348 3.904297851074463e-06
349 0.0
350 0.0
351 7.808595702148925e-06
352 0.0
353 0.0
354 1.1712893553223388e-05
355 0.0
356 0.0
357 0.0
358 0.0
