0 0.0
1 3.904297851074463e-06
2 0.0
3 3.904297851074463e-06
4 3.904297851074463e-06
5 0.0
6 0.0
7 0.0
8 0.0
9 0.0
10 0.0
11 0.0
12 0.0
13 3.904297851074463e-06
14 3.904297851074463e-06
15 0.0
16 0.0
17 0.0
18 0.0
19 7.808595702148925e-06
20 3.904297851074463e-06
21 3.904297851074463e-06
22 7.808595702148925e-06
23 1.1712893553223388e-05
24 7.808595702148925e-06
25 1.952148925537231e-05
26 1.561719140429785e-05
27 1.952148925537231e-05
28 4.294727636181908e-05
29 2.3425787106446772e-05
30 3.12343828085957e-05
31 7.418165917041477e-05
32 7.808595702148923e-05
33 6.246876561719139e-05
34 9.760744627686154e-05
35 0.00013665042478760617
36 0.00014445902048975515
37 0.0002225449775112446
38 0.00023425787106446787
39 0.000300630934532734
40 0.0002889180409795105
41 0.00041775987006496796
42 0.0005348888055972017
43 0.0005583145927036483
44 0.0006598263368315842
45 0.0007886681659170411
46 0.0007769552723638184
47 0.0009916916541729132
48 0.0012103323338330837
49 0.0011673850574712638
50 0.001405547226386806
51 0.0015343890554722632
52 0.0018272113943028486
53 0.0018233070964517736
54 0.002147363818090954
55 0.0021942153923038476
56 0.0022957271364317834
57 0.0024089517741129416
58 0.002693965517241378
59 0.002697869815092453
60 0.002885276111944027
61 0.0028189030484757596
62 0.0029672663668165906
63 0.0032249500249875067
64 0.003053160919540229
65 0.0032327586206896547
66 0.003174194152923537
67 0.003303035982008996
68 0.0033303660669665182
69 0.0031195339830084965
70 0.002889180409795101
71 0.0029867878560719636
72 0.002978979260369815
73 0.0030141179410294846
74 0.0028306159420289855
75 0.002639305347326337
76 0.002483133433283356
77 0.0024792291354322825
78 0.0022644927536231876
79 0.0022683970514742625
80 0.0021473638180909546
81 0.0020302348825587215
82 0.001780359820089955
83 0.0017178910544727636
84 0.0014016429285357327
85 0.0014523988005997008
86 0.0012259495252373812
87 0.0011517678660669668
88 0.001171289355322339
89 0.0009370314842578707
90 0.0009682658670664666
91 0.0008355197401299348
92 0.0006910607196401803
93 0.000628591954022989
94 0.0005934532733633187
95 0.0005739317841079466
96 0.0005856446776611697
97 0.0004880372313843085
98 0.00048022863568215944
99 0.00045289855072463823
100 0.0003865254872563723
101 0.0003630997001499254
102 0.0003474825087456276
103 0.0002772051474262871
104 0.0002576836581709147
105 0.0002654922538730637
106 0.00020692778610694663
107 0.0002733008495752126
108 0.00027330084957521267
109 0.000226449275362319
110 0.00018740629685157437
111 0.00020692778610694663
112 0.00020692778610694666
113 0.000160076211894053
114 0.00016788480759620194
115 0.0001483633183408296
116 0.00012884182908545725
117 0.00019131059470264876
118 0.0001366504247876062
119 0.00010541604197901046
120 0.0001639805097451275
121 0.00013665042478760617
122 0.0001561719140429785
123 0.00015617191404297855
124 0.00014055472263868068
125 0.00014055472263868068
126 0.00017959770114942537
127 0.00013274612693653173
128 0.0002342578710644679
129 0.00023035357321339345
130 0.00023035357321339348
131 0.00018740629685157434
132 0.00031624812593703184
133 0.00023425787106446793
134 0.0002693965517241382
135 0.00035529110444777637
136 0.0003865254872563723
137 0.0003435782108945531
138 0.0004841329335332339
139 0.0005348888055972019
140 0.0006754435282358822
141 0.0006442091454272865
142 0.0006871564217891058
143 0.0009018928035982008
144 0.001089299100449775
145 0.0010736819090454775
146 0.0013313655672163914
147 0.0013938343328335832
148 0.001737412543728136
149 0.002092703648175913
150 0.0023152486256871577
151 0.0025729322838580707
152 0.0029672663668165898
153 0.003088299600199901
154 0.003998000999500251
155 0.004380622188905544
156 0.004591454272863567
157 0.005231759120439777
158 0.006239067966016999
159 0.006629497751124444
160 0.007750031234382813
161 0.008304441529235386
162 0.009260994502748627
163 0.01016288730634683
164 0.011232664917541236
165 0.012138462018990508
166 0.013169196651674184
167 0.014809001749125462
168 0.01573822463768118
169 0.016097420039980034
170 0.017256996501749132
171 0.018377529985007496
172 0.019494159170414787
173 0.02064592703648175
174 0.02059907546226886
175 0.021633714392803607
176 0.021930441029485253
177 0.022223263368315833
178 0.022629310344827586
179 0.022957271364317838
180 0.022758152173913047
181 0.022371626686656675
182 0.02232477511244379
183 0.022375530984507744
184 0.021715704647676155
185 0.020782577461269373
186 0.020454616441779105
187 0.019650331084457774
188 0.01815888930534733
189 0.017303848075962032
190 0.016355103698150936
191 0.01541807221389308
192 0.014250687156421806
193 0.012958364567716155
194 0.011779266616691665
195 0.010830522238880569
196 0.010756340579710153
197 0.008940842078960518
198 0.00882761744127936
199 0.007566529235382318
200 0.007199525237381318
201 0.005950149925037483
202 0.005290323588205897
203 0.004767147676161913
204 0.004306440529735132
205 0.003755934532733633
206 0.003385026236881561
207 0.0027876686656671673
208 0.0025221764117941024
209 0.002346483008495751
210 0.002194215392303848
211 0.0018311156921539233
212 0.0014836331834082962
213 0.0013547913543228382
214 0.0012064280359820095
215 0.0009565529735132434
216 0.0009292228885557223
217 0.0007652423788105943
218 0.0006871564217891052
219 0.0006129747626186906
220 0.0005700274862568718
221 0.00047632433783108486
222 0.0003630997001499255
223 0.000351386806596702
224 0.0003513868065967021
225 0.00029672663668165936
226 0.00030843953023488283
227 0.0002147363818090956
228 0.00025768365817091467
229 0.00023816216891554238
230 0.00019521489255372326
231 0.00018350199900049987
232 0.0001522676161919041
233 0.0001483633183408296
234 0.00014445902048975515
235 0.00014445902048975512
236 0.00014836331834082962
237 8.979885057471262e-05
238 0.00010932033983008492
239 0.00015617191404297855
240 9.760744627686154e-05
241 0.0001522676161919041
242 0.00015617191404297855
243 0.00014445902048975507
244 0.00015226761619190407
245 0.00013274612693653173
246 0.00021473638180909556
247 0.0001835019990004999
248 0.00012884182908545725
249 0.0002069277861069467
250 0.0001952148925537232
251 0.00023425787106446793
252 0.0002381621689155424
253 0.00023035357321339343
254 0.0002772051474262871
255 0.0002654922538730637
256 0.00026939655172413814
257 0.00031624812593703184
258 0.00040995127436281906
259 0.00035919540229885095
260 0.0003982383808095958
261 0.000491941529235383
262 0.0005348888055972017
263 0.0004607071464267872
264 0.00048413293353323397
265 0.0006364005497251376
266 0.0006832521239380312
267 0.000835519740129935
268 0.0008199025487256372
269 0.0009643615692153925
270 0.0009526486756621687
271 0.0011205334832583703
272 0.0011088205897051477
273 0.0013274612693653174
274 0.0013625999500249874
275 0.001518771864067966
276 0.0016944652673663168
277 0.0018467328835582216
278 0.00196776611694153
279 0.002065373563218391
280 0.0023542916041978993
281 0.0023855259870064955
282 0.002401143178410793
283 0.002537793603198401
284 0.002651018240879558
285 0.0029985007496251864
286 0.0028501374312843567
287 0.0031507683658170923
288 0.003115629685157421
289 0.00301021364317841
290 0.0032678973013493258
291 0.0032639930034982514
292 0.00308049100449775
293 0.003224950024987507
294 0.0032835144927536226
295 0.003427973513243377
296 0.0031546726636681663
297 0.0031976199400299853
298 0.0030961081959020487
299 0.0027525299850074954
300 0.0029828835582208896
301 0.002647113943028484
302 0.0025377936031983996
303 0.0024206646676661657
304 0.0024753248375812076
305 0.00208099075462269
306 0.0020497563718140936
307 0.0018194027986007
308 0.0016085707146426783
309 0.001460207396301849
310 0.0012649925037481258
311 0.0012181409295352328
312 0.0009253185907046476
313 0.001022926036981509
314 0.0008394240379810096
315 0.0006090704647676165
316 0.0006715392303848077
317 0.0005387931034482761
318 0.00042166416791604254
319 0.00032796101949025515
320 0.00030843953023488283
321 0.00020302348825587219
322 0.00026158795602198925
323 0.00015617191404297857
324 0.00013274612693653173
325 0.00011322463768115938
326 0.00010541604197901046
327 9.370314842578708e-05
328 3.1234382808595694e-05
329 2.7330084957521233e-05
330 2.3425787106446772e-05
331 1.952148925537231e-05
332 2.3425787106446772e-05
333 1.952148925537231e-05
334 1.561719140429785e-05
335 7.808595702148925e-06
336 7.808595702148925e-06
337 1.561719140429785e-05
338 3.904297851074463e-06
339 3.904297851074463e-06
340 0.0
341 0.0
342 3.904297851074463e-06
343 3.904297851074463e-06
344 3.904297851074463e-06
345 3.904297851074463e-06
346 3.904297851074463e-06
347 0.0
348 0.0
349 0.0
350 0.0
351 0.0
352 0.0
353 0.0
354 0.0
355 0.0
356 0.0
357 0.0
358 0.0
