0 3.904297851074463e-06
1 3.904297851074463e-06
2 0.0
3 0.0
4 0.0
5 0.0
6 0.0
7 0.0
8 0.0
9 0.0
10 7.808595702148925e-06
11 3.904297851074463e-06
12 0.0
13 3.904297851074463e-06
14 7.808595702148925e-06
15 0.0
16 0.0
17 7.808595702148925e-06
18 7.808595702148925e-06
19 3.904297851074463e-06
20 1.952148925537231e-05
21 1.561719140429785e-05
22 7.808595702148925e-06
23 2.7330084957521233e-05
24 1.561719140429785e-05
25 1.952148925537231e-05
26 1.561719140429785e-05
27 5.856446776611693e-05
28 5.0755872063968e-05
29 5.466016991504246e-05
30 8.19902548725637e-05
31 0.00010541604197901046
32 0.00010932033983008492
33 0.00013274612693653173
34 0.00016788480759620197
35 0.00020302348825587213
36 0.0002654922538730637
37 0.0002967266366816594
38 0.0003123438280859574
39 0.00044118565717141497
40 0.0004919415292353829
41 0.0005387931034482765
42 0.0007730509745127439
43 0.0009097013993003498
44 0.0010971076961519238
45 0.0012298538230884552
46 0.0015304847576211905
47 0.0017959770114942528
48 0.0020536606696651676
49 0.0023699087956021987
50 0.0026939655172413786
51 0.0033381746626686653
52 0.0036231884057971006
53 0.0040917041479260376
54 0.004372813593203395
55 0.0049155109945027455
56 0.005450399800099949
57 0.0063601011994003
58 0.006625593453273368
59 0.007109726386806603
60 0.0071917166416791654
61 0.007867160169915047
62 0.008620689655172414
63 0.00903064092953523
64 0.00943668790604697
65 0.009452305097451263
66 0.009436687906046971
67 0.009546008245877056
68 0.009749031734132925
69 0.00930784607696151
70 0.009089205397301344
71 0.009136056971514246
72 0.00894865067466267
73 0.00825758995502249
74 0.007874968765617196
75 0.007804691404297855
76 0.006879372813593209
77 0.006500655922038985
78 0.005903298350824588
79 0.005708083458270861
80 0.004985788355822085
81 0.004372813593203396
82 0.003670039980009997
83 0.003552911044477763
84 0.00287746751624188
85 0.002693965517241378
86 0.002330865817091454
87 0.0020653735632183905
88 0.0016905609695152418
89 0.0015656234382808597
90 0.0013899300349825084
91 0.0011517678660669661
92 0.0010229260369815092
93 0.0009526486756621689
94 0.000718390804597701
95 0.0006012618690654673
96 0.0005778360819590205
97 0.0004724200399800106
98 0.000351386806596702
99 0.0003787168915542233
100 0.0002654922538730636
101 0.00023816216891554243
102 0.00028501374312843604
103 0.00014445902048975515
104 0.0001639805097451275
105 0.0001444590204897551
106 0.00015617191404297855
107 0.000101511744127936
108 0.00010932033983008492
109 8.19902548725637e-05
110 8.979885057471262e-05
111 5.0755872063968e-05
112 5.856446776611693e-05
113 7.418165917041477e-05
114 4.685157421289354e-05
115 8.19902548725637e-05
116 7.418165917041477e-05
117 3.1234382808595694e-05
118 3.5138680659670155e-05
119 4.294727636181908e-05
120 5.466016991504246e-05
121 5.466016991504246e-05
122 3.9042978510744616e-05
123 6.246876561719139e-05
124 3.5138680659670155e-05
125 3.9042978510744616e-05
126 4.685157421289354e-05
127 2.3425787106446772e-05
128 7.808595702148923e-05
129 5.856446776611693e-05
130 4.6851574212893545e-05
131 9.370314842578708e-05
132 9.370314842578708e-05
133 8.589455272363815e-05
134 7.027736131934031e-05
135 0.00010932033983008492
136 0.00015617191404297855
137 0.00012884182908545725
138 0.00013665042478760617
139 0.00011322463768115938
140 0.00021864067966017006
141 0.00024597076461769135
142 0.00021083208395802108
143 0.0004255684657671171
144 0.0003748125937031488
145 0.0003904297851074468
146 0.000546601699150425
147 0.0006051661669165422
148 0.0006910607196401802
149 0.0009253185907046476
150 0.0009526486756621685
151 0.0011127248875562221
152 0.0012806096951524242
153 0.0015656234382808592
154 0.001811594202898552
155 0.0021434595202398793
156 0.0021864067966016975
157 0.002604166666666665
158 0.003037543728135932
159 0.0034006434282858582
160 0.003912106446776613
161 0.00450555972013993
162 0.00515367316341829
163 0.005637806096951524
164 0.0062117378810594755
165 0.006992597451274371
166 0.008011619190404806
167 0.008304441529235386
168 0.009167291354322838
169 0.010198025987006495
170 0.010783670664667675
171 0.01143959270364818
172 0.012185313593203408
173 0.012411762868565724
174 0.013544009245377329
175 0.01396567341329337
176 0.01418431409295354
177 0.014192122688655695
178 0.01500031234382811
179 0.015090111194402822
180 0.014801193153423311
181 0.014707490004997523
182 0.014535700899550247
183 0.013610382308845596
184 0.013805597201399324
185 0.01295836456771616
186 0.012528891804097955
187 0.012040854572713654
188 0.011170196151924033
189 0.010799287856071966
190 0.009854447776111944
191 0.00903454522738631
192 0.008074087956021995
193 0.007851542978510751
194 0.006773956771614198
195 0.006184407796101949
196 0.0057939780109945065
197 0.004892085207396303
198 0.004802286356821585
199 0.0039003935532233897
200 0.003463112193903048
201 0.003178098450774611
202 0.002682252623688156
203 0.0022332583708145923
204 0.002065373563218391
205 0.0017647426286856575
206 0.0016163793103448276
207 0.001179097951024487
208 0.0010775862068965506
209 0.0009331271864067964
210 0.0009136056971514248
211 0.0007222951024487757
212 0.0006481134432783614
213 0.0005466016991504251
214 0.00042556846576711685
215 0.0004607071464267872
216 0.0002498750624687657
217 0.00026158795602198925
218 0.00028110944527736157
219 0.00021864067966017006
220 0.00020302348825587213
221 0.00017569340329835095
222 0.00014836331834082962
223 0.00011712893553223384
224 0.00010541604197901046
225 6.637306346826585e-05
226 8.19902548725637e-05
227 6.246876561719139e-05
228 4.294727636181908e-05
229 3.9042978510744616e-05
230 0.000101511744127936
231 6.637306346826585e-05
232 3.1234382808595694e-05
233 3.5138680659670155e-05
234 5.466016991504246e-05
235 4.294727636181908e-05
236 5.856446776611693e-05
237 1.952148925537231e-05
238 4.294727636181908e-05
239 5.0755872063968e-05
240 6.637306346826585e-05
241 3.9042978510744616e-05
242 5.856446776611692e-05
243 5.466016991504246e-05
244 5.0755872063968e-05
245 6.637306346826585e-05
246 8.19902548725637e-05
247 6.246876561719139e-05
248 7.418165917041477e-05
249 7.027736131934031e-05
250 8.979885057471262e-05
251 0.000101511744127936
252 0.00010932033983008492
253 0.00010932033983008492
254 0.00016398050974512744
255 0.00016788480759620194
256 0.000160076211894053
257 0.00026549225387306367
258 0.00021864067966017
259 0.0002889180409795104
260 0.0003201524237881063
261 0.0004177598700649681
262 0.00044899425287356354
263 0.0005348888055972018
264 0.000605166166916542
265 0.0007574337831084457
266 0.000835519740129935
267 0.0011010119940029989
268 0.0011751936531734135
269 0.0013821214392803595
270 0.0015929535232383808
271 0.0018935844577711153
272 0.002155172413793102
273 0.002334770114942528
274 0.002846233133433282
275 0.003107821089455273
276 0.003482633683158421
277 0.004212737381309343
278 0.004575837081459266
279 0.005212237631184408
280 0.005665136181909046
281 0.006317153923038483
282 0.00669977511244378
283 0.007265898300849581
284 0.007765648425787111
285 0.008320058720639685
286 0.008472326336831586
287 0.008905703398300843
288 0.00924147301349325
289 0.009772457521239375
290 0.00994815092453773
291 0.009959863818090949
292 0.010166791604197903
293 0.009674850074962512
294 0.009944246626686656
295 0.009518678160919542
296 0.00899550224887556
297 0.00849965642178911
298 0.00857383808095952
299 0.007707083958020996
300 0.007406453023488259
301 0.00673881809095453
302 0.0061844077961019555
303 0.005661231884057973
304 0.0051458645677161415
305 0.004919415292353821
306 0.004161981509245379
307 0.003673944277861071
308 0.003377217641179412
309 0.002916510494752624
310 0.0023933345827086452
311 0.002299631434282858
312 0.0018233070964517742
313 0.0016632308845577228
314 0.0013313655672163923
315 0.001183002248875562
316 0.0009097013993003498
317 0.000718390804597701
318 0.0006207833583208399
319 0.0005583145927036486
320 0.00040214267866067017
321 0.00036309970014992537
322 0.0003826211894052978
323 0.0003045352323838084
324 0.000226449275362319
325 0.00014836331834082957
326 0.00013665042478760617
327 0.0001327461269365317
328 7.808595702148923e-05
329 7.027736131934031e-05
330 6.637306346826585e-05
331 5.466016991504246e-05
332 3.5138680659670155e-05
333 3.9042978510744616e-05
334 3.1234382808595694e-05
335 2.3425787106446772e-05
336 1.952148925537231e-05
337 1.1712893553223388e-05
338 1.561719140429785e-05
339 1.561719140429785e-05
340 3.904297851074463e-06
341 3.904297851074463e-06
342 1.1712893553223388e-05
343 3.904297851074463e-06
344 0.0
345 1.1712893553223388e-05
346 3.904297851074463e-06
347 0.0
348 3.904297851074463e-06
349 0.0
350 0.0
351 0.0
352 3.904297851074463e-06
353 0.0
354 3.904297851074463e-06
355 0.0
356 0.0
357 0.0
358 0.0
