0 0.0017577477272076934
1 0.0017147445568382633
2 0.0018562883295162283
3 0.0015781223777930112
4 0.0016559003270339467
5 0.0016677033769307986
6 0.001761738409227288
7 0.0018010277046402229
8 0.0018554777709562415
9 0.0018833456164855577
10 0.0018051125250909117
11 0.0018676039318973297
12 0.0017891623449765083
13 0.0020044063934978114
14 0.0020321647731402865
15 0.0019963829584065634
16 0.002079128810331776
17 0.0023139412355930424
18 0.0021729759773468495
19 0.0021804904795023885
20 0.002380343659728924
21 0.0024426774020696626
22 0.0024700197346956693
23 0.0024700456943569427
24 0.002548391926495746
25 0.0026261705336255055
26 0.002865115572038944
27 0.0029507779043384456
28 0.0028257874368522737
29 0.003104146059820477
30 0.0032797732660672695
31 0.0033698925083326526
32 0.0035068686645894887
33 0.0033270739184131765
34 0.003572498364109534
35 0.0036467510979754482
36 0.003948414964542061
37 0.004136194531518083
38 0.004296784606103711
39 0.00423751850148398
40 0.004135846107788097
41 0.004464349498925154
42 0.00452264092973661
43 0.004561662245569177
44 0.004785106312683903
45 0.0047454541346201575
46 0.005109142493900591
47 0.0051086839624579555
48 0.005175140201478659
49 0.005194900857553315
50 0.005198775252475696
51 0.005362590819452395
52 0.005327928772220252
53 0.005448574344141007
54 0.005624247788143591
55 0.005749950690041725
56 0.005468302805446396
57 0.00539358771084253
58 0.00537009391383943
59 0.005393241966990236
60 0.005150977999396649
61 0.005053101330173744
62 0.005092037803999984
63 0.0051778112362434155
64 0.00495882843345449
65 0.004888737685884846
66 0.004916018587778892
67 0.005146753544503643
68 0.004544107755395011
69 0.004571809195008318
70 0.0043993774078434755
71 0.0042431827679455004
72 0.003988844319845313
73 0.004121744353920918
74 0.0035666428176032777
75 0.003832531860896789
76 0.0034332995501915355
77 0.0031555209927238985
78 0.0031637944065609548
79 0.003007321059678178
80 0.003073614142362369
81 0.002960682514680034
82 0.0025927299364173796
83 0.0025148786818071276
84 0.002401142044083192
85 0.0024206045056997297
86 0.002287674177988223
87 0.002080329642237049
88 0.0019435972050335065
89 0.0018340754980948968
90 0.0018458726274211594
91 0.001849629676301298
92 0.0018105403660607792
93 0.0017050288105915996
94 0.0015055761748715435
95 0.0014391211665808438
96 0.0013530593155033515
97 0.0014587804753261866
98 0.0012554522144426785
99 0.001314005694843084
100 0.0012982688475195415
101 0.0011262787866425123
102 0.001157505010656135
103 0.0012160337273401645
104 0.0009580239370075204
105 0.001055817149890072
106 0.0010361803198154422
107 0.0010713537264708131
108 0.0009778110080421304
109 0.0010831864153226151
110 0.0009972159556998414
111 0.0008995700504926094
112 0.00087982055900331
113 0.000860220801584598
114 0.0009228303805587611
115 0.0008993123436521417
116 0.0008250938589258295
117 0.0008288802883280663
118 0.0008407689897343507
119 0.0007312657844673728
120 0.0007625154237512282
121 0.0007780502390684048
122 0.0007155443767800197
123 0.000852513966562797
124 0.0008250411240181206
125 0.0007155229392796939
126 0.000727214200023899
127 0.0007390703871011537
128 0.0007078023497554108
129 0.0007117678230624502
130 0.0007391845774352937
131 0.0006139671312056619
132 0.0006764939216919383
133 0.0007665080002892275
134 0.0008016468577928682
135 0.0006842690056404382
136 0.0006881557751297983
137 0.0007351088915538523
138 0.0007194762030831891
139 0.0007234040995349313
140 0.0008054487115812395
141 0.0006412786007938849
142 0.0008172340146844889
143 0.0008132809568522185
144 0.0007351462609463143
145 0.0008289883688532076
146 0.0008876702732635808
147 0.0007429076085779667
148 0.0007742302897448701
149 0.0008016424896709177
150 0.0008056191357175513
151 0.0009307232416364802
152 0.0008681113453618083
153 0.0009345565633964973
154 0.0008290096005021838
155 0.0009073367835468707
156 0.0007664059294137367
157 0.0009423850890277435
158 0.0008523375887922823
159 0.0010323873626222138
160 0.000926673639165131
161 0.0009305819398357179
162 0.000981392540084307
163 0.0009657791276145028
164 0.0010480301185349585
165 0.0009266344691797017
166 0.0010049298148639553
167 0.0009814592255651302
168 0.0009265913568738908
169 0.0010478692318999163
170 0.000903242243465829
171 0.0009500699792835365
172 0.000910925224624842
173 0.0011181640036384886
174 0.0009892423350288048
175 0.0012315120698889843
176 0.0010126580532991134
177 0.0010751344309206383
178 0.001122027222192542
179 0.0010987170152186394
180 0.0011573323196348857
181 0.0011182913404100834
182 0.0011377501432515357
183 0.001040086082309084
184 0.0011221093727171764
185 0.0011846465496632293
186 0.0011181972016413807
187 0.0011064687638550651
188 0.0011963223056690386
189 0.0012473032056166766
190 0.0011925787704203912
191 0.001192404197529272
192 0.0012003520783512062
193 0.001137982912156024
194 0.0012160768076396274
195 0.0011574026356246984
196 0.0012042071995793738
197 0.0012472425302223822
198 0.0012198280146113569
199 0.0011025310379918576
200 0.0012158533316785317
201 0.0012315508886501251
202 0.0011650506223766012
203 0.0011533595363892803
204 0.001176926080819694
205 0.0012277013074921156
206 0.0012275427981025657
207 0.0012786450973021296
208 0.0011806776608534058
209 0.0011571284100806499
210 0.001223669594748701
211 0.0012432501627496076
212 0.001172845604433021
213 0.0012235913505655549
214 0.0011532537476301712
215 0.0013839651079981126
216 0.001079001608946456
217 0.0011689705510632756
218 0.0012080683209300309
219 0.0011885684366494758
220 0.0011963499523651609
221 0.001204037066338042
222 0.0012080353201013687
223 0.0012198360768631439
224 0.0012197129627392906
225 0.001211966717518812
226 0.0011964083512640584
227 0.0012627460155312236
228 0.001348732721620059
229 0.0012667110665559966
230 0.0012940841066552801
231 0.001387818273448393
232 0.0013722719186840314
233 0.001395676185006005
234 0.001536486987144969
235 0.001411426754786009
236 0.0014426448662386963
237 0.0014347816126969268
238 0.001438809620266081
239 0.0016147354786401518
240 0.001481762574042182
241 0.0016029342617910232
242 0.001470016499966759
243 0.0016810458427463926
244 0.0016382436383202159
245 0.0016613068842414188
246 0.0017905793782700594
247 0.0018217842900031425
248 0.0017437457169211417
249 0.0018570382960555693
250 0.0018806069386488665
251 0.0017398809410998726
252 0.001950829251205888
253 0.002044663498181016
254 0.0020370861123141086
255 0.0020681772875822783
256 0.002064340083587721
257 0.0020838008794528988
258 0.0021192447880059562
259 0.00217755586750233
260 0.002314612241502426
261 0.0023263328020956845
262 0.0023691035023429567
263 0.002353723632841494
264 0.0022323437963220035
265 0.0024162939797194214
266 0.0026429076009509816
267 0.0027017916443841613
268 0.0028269716129588475
269 0.0026856890554784393
270 0.0028657516634944848
271 0.0029829997445719094
272 0.003002493935059496
273 0.0031433948702555576
274 0.0032761452263520368
275 0.0033660280792366204
276 0.003721921085365957
277 0.003839118427118022
278 0.0038941078006083313
279 0.0038354259401930718
280 0.004230239225588339
281 0.004257673831071939
282 0.004386998375774932
283 0.0049030150209623145
284 0.0048010528694312615
285 0.0051923886908466195
286 0.0053252362608690535
287 0.005606858088857073
288 0.005966672372429316
289 0.006369124544468619
290 0.006467365721714487
291 0.006576791444732273
292 0.007022345729794197
293 0.007370035569946768
294 0.007554510603884159
295 0.007488247574179812
296 0.007707073777814589
297 0.007890709059677618
298 0.008129441125999668
299 0.008016053767048057
300 0.008622361789829915
301 0.008618175782538396
302 0.00863427823739903
303 0.009091587778005703
304 0.009052767030838037
305 0.009228577722579515
306 0.008896535090424896
307 0.00893545055447666
308 0.009151081675130908
309 0.009190147482841601
310 0.009080220358565478
311 0.008776031309069817
312 0.008376899727320234
313 0.008564846707322318
314 0.008228770139681435
315 0.007943129962520296
316 0.00783756977233231
317 0.007470444853438595
318 0.007431547628230545
319 0.007055776390030145
320 0.007329822947222758
321 0.0066530993426722005
322 0.006661911137833649
323 0.006316588179542476
324 0.005960829054523877
325 0.0057776523175467834
326 0.0052649941050948385
327 0.0052148021789162734
328 0.004705896518401196
329 0.004725691218875043
330 0.00453421900683399
331 0.00418204031838192
332 0.0038453680124945554
333 0.0037795742696692613
334 0.003618992579370885
335 0.003470328652697586
336 0.003278901906679988
337 0.0032788999148497173
338 0.003032346469391322
339 0.0029380466100373875
340 0.0026099172283916942
341 0.0025162187736874338
342 0.0023281581496303826
343 0.002422219934007083
344 0.0024301245586093854
345 0.0021367763633292703
346 0.0021015841043511337
347 0.00216064914427469
348 0.0019255978416472363
349 0.0019492233044377488
350 0.0020004323623397427
351 0.001969167235811469
352 0.0018829885502585615
353 0.0017812170803339518
354 0.001785075476797926
355 0.0017298066122496537
356 0.0018437472063355508
357 0.0016913320977110572
358 0.0017891199221337119
