0 0.0
1 0.0
2 0.0
3 7.808595702148925e-06
4 0.0
5 3.904297851074463e-06
6 0.0
7 0.0
8 0.0
9 7.808595702148925e-06
10 3.904297851074463e-06
11 0.0
12 3.904297851074463e-06
13 3.904297851074463e-06
14 3.904297851074463e-06
15 1.1712893553223388e-05
16 3.904297851074463e-06
17 1.1712893553223388e-05
18 7.808595702148925e-06
19 7.808595702148925e-06
20 1.1712893553223388e-05
21 3.904297851074463e-06
22 1.1712893553223388e-05
23 3.5138680659670155e-05
24 1.952148925537231e-05
25 3.1234382808595694e-05
26 5.466016991504247e-05
27 5.466016991504247e-05
28 6.637306346826585e-05
29 6.637306346826585e-05
30 0.00013665042478760617
31 0.0001522676161919041
32 0.00019521489255372326
33 0.00026549225387306367
34 0.00028501374312843593
35 0.0003474825087456274
36 0.00040995127436281896
37 0.00048803723138430834
38 0.0006598263368315845
39 0.000706677911044478
40 0.00090970139930035
41 0.0011010119940029974
42 0.0013782171414292842
43 0.001350887056471764
44 0.0016983695652173906
45 0.0019365317341329326
46 0.002162981009495251
47 0.0025338893053473252
48 0.0027330084957521233
49 0.003135151174412793
50 0.0034435907046476747
51 0.0037793603198400774
52 0.00395505372313843
53 0.0038808720639680137
54 0.004243971764117938
55 0.0044743253373313325
56 0.004985788355822084
57 0.004696870314842575
58 0.004634401549225384
59 0.004716391804097947
60 0.004778860569715137
61 0.004478229635182406
62 0.004486038230884557
63 0.004548506996501747
64 0.003978479510244876
65 0.004033139680159919
66 0.0035294852573713124
67 0.0033147488755622184
68 0.002939936281859071
69 0.002518272113943027
70 0.002272301349325336
71 0.002123938030984507
72 0.0020263305847076462
73 0.0016905609695152411
74 0.0015539105447276362
75 0.0013313655672163914
76 0.0011205334832583712
77 0.0011049162918540729
78 0.0010424475262368813
79 0.0008003810594702644
80 0.0007418165917041478
81 0.0006481134432783607
82 0.0005075587206396802
83 0.00045289855072463807
84 0.00043728135932034006
85 0.00036309970014992526
86 0.0002576836581709147
87 0.00023035357321339337
88 0.00017178910544727642
89 0.00015226761619190402
90 0.00010151174412793601
91 6.637306346826585e-05
92 9.760744627686155e-05
93 8.199025487256371e-05
94 4.6851574212893545e-05
95 2.3425787106446772e-05
96 1.952148925537231e-05
97 2.3425787106446772e-05
98 3.904297851074463e-06
99 1.1712893553223388e-05
100 0.0
101 0.0
102 3.904297851074463e-06
103 0.0
104 0.0
105 3.904297851074463e-06
106 0.0
107 0.0
108 0.0
109 0.0
110 0.0
111 0.0
112 0.0
113 0.0
114 0.0
115 0.0
116 0.0
117 0.0
118 0.0
119 0.0
120 0.0
121 0.0
122 0.0
123 0.0
124 0.0
125 0.0
126 0.0
127 0.0
128 0.0
129 0.0
130 0.0
131 0.0
132 0.0
133 0.0
134 0.0
135 0.0
136 0.0
137 0.0
138 0.0
139 0.0
140 0.0
141 0.0
142 0.0
143 0.0
144 0.0
145 0.0
146 0.0
147 0.0
148 0.0
149 0.0
150 0.0
151 3.904297851074463e-06
152 0.0
153 0.0
154 0.0
155 0.0
156 0.0
157 0.0
158 3.904297851074463e-06
159 3.904297851074463e-06
160 1.1712893553223388e-05
161 7.808595702148925e-06
162 1.561719140429785e-05
163 1.1712893553223388e-05
164 3.904297851074463e-06
165 7.808595702148925e-06
166 3.904297851074463e-06
167 2.342578710644678e-05
168 1.561719140429785e-05
169 5.856446776611693e-05
170 3.513868065967016e-05
171 3.904297851074462e-05
172 5.466016991504247e-05
173 7.418165917041477e-05
174 6.637306346826586e-05
175 0.00010151174412793603
176 0.00010932033983008493
177 0.00016398050974512741
178 0.00014055472263868068
179 0.0001991191904047976
180 0.00023035357321339334
181 0.0002576836581709146
182 0.00025377936031984014
183 0.00029282233883058483
184 0.00026549225387306356
185 0.0003006309345327337
186 0.00033576961519240383
187 0.00027720514742628693
188 0.00030453523238380814
189 0.00034748250874562725
190 0.00030453523238380814
191 0.00030453523238380804
192 0.00030063093453273367
193 0.00030063093453273367
194 0.0003123438280859571
195 0.0002733008495752125
196 0.0003123438280859571
197 0.00024987506246876566
198 0.00021864067966016998
199 0.0001795977011494254
200 0.0002147363818090955
201 0.00019911919040479766
202 0.0001561719140429785
203 0.0001444590204897551
204 0.0001874062968515743
205 0.00012884182908545728
206 9.370314842578708e-05
207 7.808595702148923e-05
208 0.00013274612693653173
209 8.979885057471264e-05
210 4.6851574212893545e-05
211 5.466016991504247e-05
212 4.294727636181908e-05
213 7.418165917041479e-05
214 3.12343828085957e-05
215 3.12343828085957e-05
216 1.952148925537231e-05
217 3.12343828085957e-05
218 3.1234382808595694e-05
219 1.952148925537231e-05
220 1.952148925537231e-05
221 1.1712893553223388e-05
222 2.7330084957521233e-05
223 1.952148925537231e-05
224 7.808595702148925e-06
225 7.808595702148925e-06
226 3.904297851074463e-06
227 1.1712893553223388e-05
228 3.904297851074463e-06
229 3.904297851074463e-06
230 3.904297851074463e-06
231 3.904297851074463e-06
232 0.0
233 0.0
234 3.904297851074463e-06
235 3.904297851074463e-06
236 3.904297851074463e-06
237 0.0
238 0.0
239 0.0
240 0.0
241 3.904297851074463e-06
242 7.808595702148925e-06
243 0.0
244 0.0
245 3.904297851074463e-06
246 0.0
247 0.0
248 0.0
249 7.808595702148925e-06
250 1.1712893553223388e-05
251 1.1712893553223388e-05
252 3.904297851074463e-06
253 1.1712893553223388e-05
254 0.0
255 0.0
256 1.1712893553223388e-05
257 7.808595702148925e-06
258 1.952148925537231e-05
259 1.1712893553223388e-05
260 3.9042978510744616e-05
261 3.1234382808595694e-05
262 3.1234382808595694e-05
263 8.19902548725637e-05
264 7.027736131934031e-05
265 0.00011322463768115938
266 7.027736131934031e-05
267 0.0001483633183408296
268 0.00014055472263868068
269 0.00019521489255372324
270 0.00027330084957521256
271 0.00038652548725637227
272 0.00046851574212893607
273 0.0005505059970014993
274 0.0008003810594702647
275 0.0009292228885557219
276 0.0011634807596201898
277 0.0013313655672163912
278 0.001870158670664667
279 0.0021005122438780607
280 0.003002405047476261
281 0.003408452023988005
282 0.0041619815092453745
283 0.004966266866566715
284 0.005766647926036979
285 0.006789573963018489
286 0.008058470764617692
287 0.009682658670664666
288 0.01105697151424288
289 0.013071589205397305
290 0.014762150174912553
291 0.01690560969515243
292 0.01885775862068965
293 0.020630309845077476
294 0.02347654297851074
295 0.025905016241879054
296 0.027814217891054475
297 0.030219265367316325
298 0.03189030484757621
299 0.0328390492253873
300 0.03465845202398801
301 0.03538465142428785
302 0.03600933908045976
303 0.03632168290854573
304 0.03587659295352324
305 0.034728729385307334
306 0.03385807096451773
307 0.03287418790604697
308 0.030984507746126946
309 0.02916900924537731
310 0.026740535982008994
311 0.02462440654672664
312 0.022246689155422283
313 0.019544915042478763
314 0.01746392428785608
315 0.01512915417291356
316 0.013110632183908053
317 0.011135057471264373
318 0.009549912543728131
319 0.007945246126936534
320 0.0069067028985507276
321 0.005719796351824088
322 0.004681253123438279
323 0.003869159170414793
324 0.0029399362818590693
325 0.0025456021989005494
326 0.0021395552223888053
327 0.0015773363318340823
328 0.0013040354822588703
329 0.0008550412293853073
330 0.0007457208895552221
331 0.0005466016991504252
332 0.00042556846576711685
333 0.0003318653173413297
334 0.00022644927536231895
335 0.00022644927536231898
336 0.00017959770114942537
337 7.027736131934031e-05
338 0.0001210332333833083
339 4.685157421289354e-05
340 6.246876561719139e-05
341 3.1234382808595694e-05
342 5.466016991504246e-05
343 3.5138680659670155e-05
344 1.952148925537231e-05
345 2.7330084957521233e-05
346 3.1234382808595694e-05
347 2.3425787106446772e-05
348 1.1712893553223388e-05
349 1.1712893553223388e-05
350 3.904297851074463e-06
351 7.808595702148925e-06
352 3.904297851074463e-06
353 3.904297851074463e-06
354 0.0
355 0.0
356 0.0
357 7.808595702148925e-06
358 3.904297851074463e-06
