0 0.0016958478764799233
1 0.0014959405610445369
2 0.0017857508611878942
3 0.0016807618616834434
4 0.0017230254503521564
5 0.001910772068938481
6 0.001797567687158101
7 0.0019501922302917194
8 0.0019459042545187041
9 0.002051600157765871
10 0.0020550548473684113
11 0.0019529144028548027
12 0.0021922434489262434
13 0.001922015864701522
14 0.0021528273950345944
15 0.0020624516299435547
16 0.002171940253674989
17 0.0023829526682581877
18 0.002285354019777174
19 0.002414836530480314
20 0.002386889322305872
21 0.0024850171422336727
22 0.0027037083297564036
23 0.002684512012773974
24 0.0028519291542900985
25 0.002836381688706874
26 0.0029458729183749494
27 0.002973384336294588
28 0.0029886714064513886
29 0.003306076018567967
30 0.003329317761029225
31 0.0034382168555659354
32 0.003661113215711518
33 0.003790432586638439
34 0.0040488474965370115
35 0.004075883358482303
36 0.004353365053684718
37 0.00442794658133517
38 0.004454935168725681
39 0.005205579273322123
40 0.005268651506823501
41 0.005131526086192439
42 0.005475748389463019
43 0.005972123578601505
44 0.006073872286209581
45 0.006770541273606476
46 0.006585413225169807
47 0.006691767211723986
48 0.006926169418819592
49 0.007485444634929858
50 0.007500970165432917
51 0.007567656926686698
52 0.007704230054449506
53 0.00794671214674663
54 0.008177397375985591
55 0.008529131854495569
56 0.008517564014060756
57 0.008376567495572744
58 0.009111652912967491
59 0.008790633205158006
60 0.00900203304655654
61 0.008912511898121594
62 0.00910717627454496
63 0.009029306567080515
64 0.009068654165405714
65 0.008920059112632387
66 0.00881804179441223
67 0.00852043971637981
68 0.00791468766221907
69 0.008446476591929973
70 0.008192045722403476
71 0.007773350437769612
72 0.0076838350350046285
73 0.007511738620923615
74 0.007178585529182935
75 0.0070186411116244084
76 0.006889524746640418
77 0.006182003472812132
78 0.0065458391589664185
79 0.006111507367448362
80 0.0056968770268956154
81 0.005419232723035686
82 0.005376289835746287
83 0.005200295120540791
84 0.005083016484939264
85 0.0046175287824510355
86 0.004335920450276601
87 0.00419172319326227
88 0.004066042646897235
89 0.0036126659582308256
90 0.0034952764509144757
91 0.0034562878563346605
92 0.003342413730258198
93 0.0030456762221009255
94 0.002916683983933245
95 0.002713446712952393
96 0.0026469919942947655
97 0.00257279524693082
98 0.0024866068984148158
99 0.002318445690971407
100 0.002291196583198061
101 0.002087741900704091
102 0.0021656885683731166
103 0.002126655194782887
104 0.0017788939094889494
105 0.0020681876876142403
106 0.0018999604723026454
107 0.001798194468188052
108 0.0018882757771454702
109 0.001888227190304341
110 0.0018217561162860573
111 0.0018493992941552475
112 0.0017592527562714463
113 0.0018451802236187408
114 0.0017437971061254034
115 0.0015949648161030887
116 0.001622479046379307
117 0.0016733883061237453
118 0.001735525011936381
119 0.0018297186304481515
120 0.0016965212681791448
121 0.0017827042683684845
122 0.0017632534209673385
123 0.001825809885436996
124 0.0017239752234635805
125 0.0018062046010759057
126 0.001755363317332702
127 0.0018293573004862793
128 0.002009583685715632
129 0.0020837432178218893
130 0.0021150039171893343
131 0.0019817895834600818
132 0.002150034235223848
133 0.0021618999943773393
134 0.0021226616166258997
135 0.002204995129782479
136 0.0023261749722906814
137 0.002474397837816402
138 0.0024820676212413467
139 0.002638487792414156
140 0.002661981751248674
141 0.0027206703854714713
142 0.002967220813913752
143 0.002853898462407135
144 0.002849831194840485
145 0.003260378739896533
146 0.0032213163552798478
147 0.0032523611794131047
148 0.0035888874019728823
149 0.0032916574055803253
150 0.0036866177474158776
151 0.0036709624822119633
152 0.004155611391637178
153 0.004042254844403084
154 0.004210407323541254
155 0.004229690586190924
156 0.004452714453927805
157 0.004511672803631072
158 0.0047223650727133
159 0.0045780054390110155
160 0.00484378341896133
161 0.005199466741658558
162 0.004995781689958974
163 0.005081941371882114
164 0.005379050824911071
165 0.0054538397687247525
166 0.005371668449719158
167 0.005535954121095153
168 0.005653058838185042
169 0.005469444738817637
170 0.005379869429981593
171 0.005610353469359189
172 0.0056100204579485995
173 0.005512266218382186
174 0.005371512394683291
175 0.0055479035227057345
176 0.00517246693209663
177 0.0050899240032103105
178 0.00530938341573979
179 0.005035151132563897
180 0.0050509580048645345
181 0.005317168031571459
182 0.004777300108735114
183 0.005016209175779567
184 0.004503483061826097
185 0.004616937912052324
186 0.004288693834165075
187 0.004226132671875539
188 0.0038623154623683427
189 0.003756918018698201
190 0.003761292186172329
191 0.003479488012667588
192 0.003565349498441156
193 0.003163084440458975
194 0.0031276161050102606
195 0.0030494933116145223
196 0.0029047140970718424
197 0.0028970189460409733
198 0.002560759023200128
199 0.0024826612217650323
200 0.0022870703254607165
201 0.002224588017089122
202 0.002126841971095593
203 0.0020723205509597183
204 0.002037000465238502
205 0.001939268995823945
206 0.0018063133516063828
207 0.001673347888793106
208 0.0017477435215869602
209 0.0015992217857375658
210 0.0014818982583375319
211 0.001258966625738749
212 0.001395894401430424
213 0.0012708743747105726
214 0.0012119987499006808
215 0.0011769628332887535
216 0.001239448960249514
217 0.0010049309810505015
218 0.0012121224414021483
219 0.0011378863023455016
220 0.001188671550623607
221 0.0011026754401521892
222 0.0010009718188064127
223 0.000985270138706009
224 0.0010048818391739176
225 0.0008680062589178426
226 0.0010050052690849319
227 0.0008757955594584686
228 0.0009931182632026783
229 0.0007664537055618849
230 0.000813228583112206
231 0.0008564600126433812
232 0.0007898126250724316
233 0.0008602974565966139
234 0.0008211037297158285
235 0.0006882346574477911
236 0.0008054886653410107
237 0.0008407942999455381
238 0.0008368031622765858
239 0.0006998652336093818
240 0.0007037933828047317
241 0.0006374789364717367
242 0.0007312267228633395
243 0.0007077443216012575
244 0.0007273342808146794
245 0.0007273049464647542
246 0.0008016216389146559
247 0.0007117488556741212
248 0.0007156295094137658
249 0.0007196633928927287
250 0.0007782664186499579
251 0.0006217461113573891
252 0.0007312698502767085
253 0.0007233985111285463
254 0.0006842869682972572
255 0.0007704559516980736
256 0.000743120119976844
257 0.0006139786340439163
258 0.0007586256074994276
259 0.0008134029109221683
260 0.0007508774236927729
261 0.0008954555988817813
262 0.0007117484395356761
263 0.0008524441091574398
264 0.0008799722150902703
265 0.0009816150340568896
266 0.0008837152870470831
267 0.0008133087298544848
268 0.0008524147484795921
269 0.0008448197050564018
270 0.0008017389919552828
271 0.0008526439374487334
272 0.0008878435277733701
273 0.0009113256785235038
274 0.0008682568551962365
275 0.0009034545858471618
276 0.0009503197400779209
277 0.0009583479476615068
278 0.0009426187868641702
279 0.0008759169445840407
280 0.0010560369324964655
281 0.0009034644921137584
282 0.0009661307187412455
283 0.001016864893908828
284 0.0009543748745405859
285 0.00107556416820536
286 0.0009191912520994795
287 0.0010639788530942623
288 0.0009895914458687355
289 0.0009349061693138705
290 0.0010717835175273016
291 0.0010170939926579371
292 0.0010089641904640163
293 0.0011615958624979813
294 0.0011186193967798702
295 0.001173554232089035
296 0.0011109222859960089
297 0.0011694962496158012
298 0.0011616271577259258
299 0.0010990839083780816
300 0.0010717443177365173
301 0.001259406436408653
302 0.0012321433447187087
303 0.001169413923729382
304 0.0011970406868748425
305 0.0012359946996210677
306 0.0011187767147705964
307 0.0012127360471788343
308 0.0012830841354950454
309 0.001228319624991616
310 0.001181203645622904
311 0.0012633815957753586
312 0.0012362056146178445
313 0.0011617648697466907
314 0.0011813137666164097
315 0.0011581101902438076
316 0.001173601754599063
317 0.0011463704578813306
318 0.0011150270560893799
319 0.0012442210385367602
320 0.001330532733023158
321 0.0011113964764516897
322 0.0011582248879298193
323 0.0011936169706354364
324 0.0013031920520401783
325 0.0012443016701509573
326 0.0011388718357075683
327 0.0011590013811982821
328 0.0011430701817357347
329 0.0012370226465547058
330 0.0012407571216155719
331 0.0012764347296169126
332 0.0011900756946425883
333 0.0012604839937075875
334 0.0011946382853812948
335 0.0011668492417401728
336 0.0012802753113161948
337 0.001257053389643711
338 0.0012765329422273826
339 0.0012261037169333867
340 0.0010885366490023668
341 0.0012610685488460415
342 0.0013119390706648197
343 0.0011865918469119714
344 0.0013353968763249308
345 0.0012650104620608926
346 0.001316039211199322
347 0.0012883506924993386
348 0.0014606981929362528
349 0.0014647745297786477
350 0.0014295102515748542
351 0.0013830290570942447
352 0.0013982995778459328
353 0.001386582951255739
354 0.001602089340424144
355 0.0014996211343068408
356 0.0015002735720351893
357 0.0015078627142282126
358 0.0015706767092883423
