0 0.0
1 0.0
2 0.0
3 0.0
4 0.0
5 0.0
6 0.0
7 0.0
8 0.0
9 0.0
10 0.0
11 0.0
12 0.0
13 0.0
14 0.0
15 0.0
16 0.0
17 0.0
18 0.0
19 0.0
20 0.0
21 0.0
22 0.0
23 0.0
24 0.0
25 0.0
26 0.0
27 0.0
28 0.0
29 0.0
30 0.0
31 0.0
32 0.0
33 0.0
34 0.0
35 0.0
36 0.0
37 0.0
38 0.0
39 0.0
40 0.0
41 3.904297851074463e-06
42 0.0
43 3.904297851074463e-06
44 0.0
45 0.0
46 0.0
47 0.0
48 0.0
49 0.0
50 0.0
51 0.0
52 0.0
53 0.0
54 3.904297851074463e-06
55 0.0
56 1.1712893553223388e-05
57 0.0
58 3.904297851074463e-06
59 1.561719140429785e-05
60 3.904297851074463e-06
61 2.733008495752124e-05
62 1.1712893553223388e-05
63 2.7330084957521233e-05
64 3.513868065967016e-05
65 2.7330084957521233e-05
66 4.6851574212893545e-05
67 3.513868065967016e-05
68 4.685157421289355e-05
69 5.856446776611693e-05
70 6.637306346826586e-05
71 0.0001132246376811594
72 8.979885057471263e-05
73 0.0001249375312343828
74 0.00015226761619190407
75 0.00013274612693653173
76 0.00019911919040479766
77 0.0001795977011494253
78 0.0003123438280859571
79 0.00028501374312843593
80 0.0002967266366816592
81 0.00038652548725637205
82 0.0005505059970014995
83 0.0005622188905547228
84 0.0005505059970014995
85 0.0006793478260869567
86 0.0008667541229385305
87 0.0008862756121939028
88 0.0008862756121939024
89 0.000886275612193903
90 0.0011010119940029982
91 0.0012064280359820082
92 0.0012688968015991998
93 0.0014523988005996995
94 0.001710082458770614
95 0.0017842641179410285
96 0.001819402798600699
97 0.0019872876061969007
98 0.001940436031984008
99 0.0021746939030484755
100 0.0023425787106446765
101 0.002428473263368313
102 0.0025416979010494736
103 0.0023972388805597188
104 0.002709582708645675
105 0.0026939655172413773
106 0.0026197838580709633
107 0.0026314967516241857
108 0.002709582708645673
109 0.002522176411794101
110 0.002432377561219388
111 0.0024597076461769095
112 0.00224887556221889
113 0.0023621001999000477
114 0.0022723013493253373
115 0.0023581959020489754
116 0.002342578710644677
117 0.0023113443278360807
118 0.002244971264367815
119 0.0020848950524737626
120 0.0020029047976011997
121 0.0020809907546226864
122 0.0020966079460269845
123 0.002112225137431284
124 0.0020966079460269854
125 0.002155172413793102
126 0.002077086456771614
127 0.002264492753623187
128 0.0021746939030484747
129 0.0022605884557721123
130 0.0023777173913043454
131 0.002323057221389304
132 0.0023503873063468253
133 0.002444090454772612
134 0.002444090454772613
135 0.002600262368815591
136 0.0026119752623688154
137 0.0027759557721139423
138 0.0026744440279860052
139 0.0029360319840079935
140 0.003131246876561719
141 0.002943840579710142
142 0.0032913230884557723
143 0.0032249500249875046
144 0.003342078960519739
145 0.0036153798100949496
146 0.0034084520239880058
147 0.0036114755122438743
148 0.003822307596201896
149 0.004325962018990504
150 0.004005809595202398
151 0.00448994252873563
152 0.004817903548225887
153 0.004665635932033981
154 0.0048920852073963
155 0.005290323588205894
156 0.005477729885057468
157 0.0062039292853573215
158 0.006410857071464266
159 0.006734913793103444
160 0.006965267366316836
161 0.007180003748125936
162 0.007722701149425288
163 0.007425974512743627
164 0.008308345827086455
165 0.008706584207896051
166 0.00899550224887556
167 0.009214142928535729
168 0.009374219140429779
169 0.009791979010494747
170 0.009955959520239872
171 0.010127748625687152
172 0.010397145177411278
173 0.010525987006496741
174 0.010932033983008493
175 0.010783670664667662
176 0.010272207646176907
177 0.01087346951524237
178 0.010900799600199892
179 0.010873469515242372
180 0.01062359445277361
181 0.010604072963518235
182 0.010303442028985497
183 0.010264399050474755
184 0.010096514242878558
185 0.010112131434282844
186 0.009147769865067459
187 0.00909310969515242
188 0.00890960769615192
189 0.009042353823088453
190 0.008261494252873564
191 0.008136556721639182
192 0.007914011744127937
193 0.007687562468765618
194 0.007445496001998997
195 0.007172195152423788
196 0.006746626686656675
197 0.00666073213393303
198 0.006488943028485756
199 0.006047757371314339
200 0.005817403798100947
201 0.005426974012993503
202 0.005317653673163415
203 0.005239567716141927
204 0.005196620439780107
205 0.004841329335332332
206 0.004497751124437781
207 0.004669540229885055
208 0.004536794102948522
209 0.004388430784607696
210 0.004076086956521735
211 0.0040097138930534695
212 0.003755934532733633
213 0.0034670164917541234
214 0.003502155172413793
215 0.003474825087456272
216 0.0033459832583708155
217 0.003205428535732133
218 0.0033030359820089947
219 0.0030297351324337822
220 0.0031000124937531235
221 0.0030609695152423767
222 0.002916510494752621
223 0.00264320964517741
224 0.002936031984007994
225 0.002814998750624688
226 0.002596358070964517
227 0.0026354010494752628
228 0.0027330084957521237
229 0.0026197838580709625
230 0.002928223388305847
231 0.0027486256871564222
232 0.0028969890054972506
233 0.0028110944527736112
234 0.0029945964517741116
235 0.002842328835582209
236 0.0030336394302848567
237 0.0031234382808595714
238 0.002834520239880059
239 0.002998500749625187
240 0.003115629685157421
241 0.003373313343328334
242 0.0034748250874562705
243 0.0034279735132433753
244 0.0036778485757121442
245 0.003892584957521237
246 0.003697370064967515
247 0.004341579210394801
248 0.004450899550224887
249 0.004568028485757121
250 0.004532889805097449
251 0.004774956271864067
252 0.005305940779610189
253 0.005247376311844075
254 0.005661231884057969
255 0.005766647926036982
256 0.00635229260369815
257 0.006324962518740628
258 0.006535794602698649
259 0.006926224387806097
260 0.007051161919040479
261 0.007289324087956023
262 0.007964767616191906
263 0.007753935532233884
264 0.00800381059470265
265 0.00809360944527736
266 0.007941341829085456
267 0.008675349825087454
268 0.008566029485257368
269 0.008066279360319837
270 0.008031140679660171
271 0.008007714892553721
272 0.007839830084957521
273 0.007882777361319341
274 0.007441591704147929
275 0.007265898300849569
276 0.00661388055972014
277 0.006356196901549222
278 0.006145364817591204
279 0.00532155797101449
280 0.004825712143928031
281 0.004474325337331334
282 0.004306440529735131
283 0.0036778485757121434
284 0.003236662918540726
285 0.0029985007496251847
286 0.0023933345827086444
287 0.0024245689655172397
288 0.0020887993503248383
289 0.0018076899050474763
290 0.0014680159920039979
291 0.001401642928535732
292 0.0010346389305347322
293 0.0009916916541729136
294 0.0009097013993003495
295 0.0007730509745127438
296 0.000675443528235882
297 0.000573931784107946
298 0.00044508995502248917
299 0.000460707146426787
300 0.0004216641679160423
301 0.00032015242378810637
302 0.0003279610194902552
303 0.0001913105947026487
304 0.00021083208395802108
305 0.00017959770114942537
306 0.0001210332333833083
307 0.00011712893553223384
308 7.418165917041477e-05
309 0.00010932033983008493
310 6.637306346826585e-05
311 5.0755872063968e-05
312 6.246876561719139e-05
313 5.856446776611693e-05
314 2.7330084957521233e-05
315 3.513868065967016e-05
316 1.952148925537231e-05
317 1.952148925537231e-05
318 7.808595702148925e-06
319 2.3425787106446772e-05
320 7.808595702148925e-06
321 3.904297851074463e-06
322 1.1712893553223388e-05
323 1.561719140429785e-05
324 3.904297851074463e-06
325 7.808595702148925e-06
326 3.904297851074463e-06
327 0.0
328 7.808595702148925e-06
329 3.904297851074463e-06
330 3.904297851074463e-06
331 0.0
332 0.0
333 0.0
334 0.0
335 0.0
336 0.0
337 0.0
338 3.904297851074463e-06
339 0.0
340 0.0
341 0.0
342 0.0
343 3.904297851074463e-06
344 0.0
345 0.0
346 0.0
347 0.0
348 0.0
349 0.0
350 0.0
351 0.0
352 0.0
353 0.0
354 0.0
355 0.0
356 0.0
357 0.0
358 0.0
