0 0.0004927265905410017
1 0.0006061527638908728
2 0.0005554010786579257
3 0.0006491589105200043
4 0.0005553715395847892
5 0.0006569400349234146
6 0.0006138653869513156
7 0.0006413405503736166
8 0.000660946340946993
9 0.0005669629471411643
10 0.0007118040007038218
11 0.0007546257420109477
12 0.0006841426089279238
13 0.0008797610340460041
14 0.0006648094458909028
15 0.0006609070077735843
16 0.0008288679095523111
17 0.0007938707859238219
18 0.0007897958103604368
19 0.0009189018137742187
20 0.0009343915922341083
21 0.0008875831374100958
22 0.0009892772572801948
23 0.0010163698969433155
24 0.0009931324218555011
25 0.0011102551279545
26 0.0010867979946661223
27 0.0013366940402522434
28 0.0013954642169616974
29 0.0014070104467689018
30 0.001516518623140676
31 0.001645360507812398
32 0.0017000263242010366
33 0.0017859990899634264
34 0.002020346720265783
35 0.0021026836972114185
36 0.002078953933085063
37 0.0024816051356862812
38 0.002492865811556647
39 0.0026416870097200626
40 0.0028877223762531746
41 0.002793860554714593
42 0.0031301858826775124
43 0.00329006023974095
44 0.003446243674760173
45 0.003497083600059691
46 0.003946335624190719
47 0.0037820970924181125
48 0.0040439796570014355
49 0.004250985940548356
50 0.004384015750603245
51 0.004645605831485373
52 0.004606225817539856
53 0.004587117455743144
54 0.004696316088190587
55 0.004922845230780102
56 0.0046885645970631855
57 0.004942462983347494
58 0.004852341270131291
59 0.005008724242807814
60 0.004903271392503326
61 0.0051220799526906936
62 0.004707788195137779
63 0.004602284309044132
64 0.00496581651923553
65 0.004602495557940067
66 0.004723358299940326
67 0.00442249293384148
68 0.004215483375244622
69 0.004121962336827726
70 0.003945846215066442
71 0.0039263268686233425
72 0.0036371856595928845
73 0.003637264339803703
74 0.003641418787897961
75 0.003355892632211719
76 0.0032856329145536504
77 0.00322293916638874
78 0.0029885720108327736
79 0.002660472336087611
80 0.0029455719658387923
81 0.0026408372872219516
82 0.0026096223493305617
83 0.002512040792691145
84 0.0022032980447041373
85 0.0021368839629978945
86 0.0022618194162296198
87 0.002090050075253234
88 0.0020236127499679572
89 0.0018205363558226383
90 0.0017462923241312609
91 0.0018516082734440894
92 0.0018125927152801867
93 0.0016602432010095452
94 0.0015705383102015528
95 0.0016563661882188132
96 0.0015822745859956219
97 0.0013243309284849158
98 0.0013633367651432833
99 0.0013985655386315088
100 0.0013008679271342106
101 0.0013477116299986463
102 0.001347821169293377
103 0.0013047938707301022
104 0.0013086941625122955
105 0.00121112603555767
106 0.0012657039762188154
107 0.001246170833102412
108 0.0012071022590293343
109 0.0012345342200207863
110 0.0012227390443059522
111 0.0011954678395083476
112 0.001222684270648934
113 0.0011563111873107777
114 0.0011485065567977655
115 0.001207153240013072
116 0.0011758855923744158
117 0.0010703444172580072
118 0.0011601706527726557
119 0.0012462901373786798
120 0.0011875280148189186
121 0.0011054831236442307
122 0.0012657392580071214
123 0.0012657684382521655
124 0.0011679968354904946
125 0.0010977253207139395
126 0.0011328562105178963
127 0.001285180605373232
128 0.0013789289045046955
129 0.001164104407209261
130 0.0012225846584640028
131 0.0012304694288217746
132 0.0012186647257725989
133 0.0013399346938980621
134 0.0013945321073063385
135 0.0012929871351951548
136 0.0015430323087962364
137 0.0014375284127742445
138 0.0015313547264724295
139 0.0014726199850888953
140 0.001664055891595734
141 0.0015703429683469013
142 0.0017148193229405396
143 0.0018555032344027991
144 0.0017267007247633614
145 0.001636782663815407
146 0.0019219468867441405
147 0.0018789115307738327
148 0.001976589099037843
149 0.002058628243803121
150 0.0021406478455246454
151 0.002101548292381536
152 0.00229677282780369
153 0.0021522961007635786
154 0.0025273335795212523
155 0.002589776984853648
156 0.0026717337473951856
157 0.0024881225558763117
158 0.002503898245015769
159 0.0027695542301634938
160 0.002878951378256424
161 0.0029921304576381673
162 0.003121103377949245
163 0.003097610859540472
164 0.002956979979821436
165 0.0030859196650407797
166 0.002980386451505491
167 0.003120974219450703
168 0.0031365404667118646
169 0.0032149080577450018
170 0.0033163551930116713
171 0.0032303257072847044
172 0.003339784953364272
173 0.003226472323893944
174 0.0032460329444512705
175 0.0033514901048393025
176 0.0034297638049682585
177 0.0033945467835218906
178 0.003269513320893874
179 0.0033516269235594944
180 0.003374950912700119
181 0.0034569099608630378
182 0.0034803650634156053
183 0.0034102696909707204
184 0.0033632851865211854
185 0.0035077654277998844
186 0.00337109577369451
187 0.0033631656762761553
188 0.00352338671181978
189 0.0034295309977197953
190 0.0032109903323299404
191 0.0032070253161612453
192 0.0031133337533847893
193 0.0033282441914535468
194 0.003343702863040236
195 0.003046769095521979
196 0.0029804684357332034
197 0.0029570209630943576
198 0.0029101871131958995
199 0.002863206511159909
200 0.002726407409698158
201 0.002668017053382994
202 0.002703075529526817
203 0.0025351812454394575
204 0.00258984114651999
205 0.0024452982331992557
206 0.002464909685930078
207 0.0024021571905846672
208 0.0023514953918362474
209 0.0021952297163162805
210 0.002234274327401945
211 0.002062375886045642
212 0.0022147196203381125
213 0.0018827743706565086
214 0.0019256414268305445
215 0.002035039901457501
216 0.002085866123333787
217 0.0019921023975590737
218 0.0020038348654331183
219 0.001894436271250688
220 0.0018240867317263227
221 0.0018906121369589835
222 0.001972608269779934
223 0.0019217507293866674
224 0.002042836839489616
225 0.0018163759804396226
226 0.002074100310151329
227 0.0019373072807389955
228 0.0018826588530348942
229 0.001890571153487918
230 0.001886653292798966
231 0.0019607839372105043
232 0.0019530066544161501
233 0.0019490633724071026
234 0.0017850731765803845
235 0.0020662743040330217
236 0.002195254900031083
237 0.002003699967756748
238 0.0020076375421504734
239 0.0019451277953075306
240 0.00205862401803424
241 0.0020192977767490828
242 0.0020351007650482667
243 0.0021092628499543124
244 0.002246067582232127
245 0.0022185987226385423
246 0.002222569514651673
247 0.002320174867784482
248 0.0023006789821250068
249 0.002413968056454998
250 0.002460780517097161
251 0.0024765522123464273
252 0.002519507295318428
253 0.0025311673415135644
254 0.002539126740667322
255 0.0027577201412802297
256 0.0028867849933411826
257 0.00291020694881593
258 0.0030896871333965657
259 0.0029375661416468656
260 0.003183472261828225
261 0.003292994072691704
262 0.0034100914285814664
263 0.0034570585483163245
264 0.00331643955978104
265 0.003566457423039998
266 0.0034451893028736753
267 0.0037579323466938814
268 0.004066449559345805
269 0.003992426894208177
270 0.004039137248958311
271 0.004250016276834722
272 0.004609332920343229
273 0.004453333302665534
274 0.004632910990116503
275 0.004851453752904351
276 0.004976712465038626
277 0.005492416146560521
278 0.005636885014114974
279 0.005887021775411013
280 0.00601971510070664
281 0.006480586299885771
282 0.0064572114529130595
283 0.006683815006043919
284 0.006816582477362823
285 0.007133028399141331
286 0.007523647163976409
287 0.00784781151469336
288 0.0076957320178502545
289 0.00804738063125802
290 0.008164470490821607
291 0.008066962666465668
292 0.008082720837767579
293 0.008242616515384396
294 0.008504764343398457
295 0.008082951904564999
296 0.008082719256481435
297 0.008204096465336042
298 0.008207834199074187
299 0.008016435863491449
300 0.007688428399346622
301 0.00805566832545343
302 0.00789551590150831
303 0.007684449142746916
304 0.006965839536969026
305 0.00688395929395063
306 0.006653582252146643
307 0.006329271107622599
308 0.006430932107590181
309 0.005950468367359725
310 0.005403380160702578
311 0.0051418453182894746
312 0.00490332261722131
313 0.004602682646081823
314 0.004411139242144076
315 0.004188540296890765
316 0.003821540145017006
317 0.0037511161131391665
318 0.003625986870002065
319 0.003255224250851706
320 0.0030674023262329225
321 0.002856453360951449
322 0.0025518573782699018
323 0.002399549194826559
324 0.002360347580816328
325 0.0020359072311700054
326 0.001981519611085936
327 0.0019930735887721393
328 0.0017157022304549014
329 0.0014460239996799851
330 0.0015046847538761894
331 0.0014226334705501973
332 0.001363994750441179
333 0.0012116725255674793
334 0.0011999538224359181
335 0.0011295902707394198
336 0.0010591875938860248
337 0.0010007252592464403
338 0.0009264005559379419
339 0.0010359460458161534
340 0.0008795881363672039
341 0.0007972903751556946
342 0.000766265991823664
343 0.0007818966852515699
344 0.0007974549829778379
345 0.000770101737170337
346 0.0007233143891470026
347 0.0006842442906067414
348 0.0006293647707719782
349 0.0006060568008963966
350 0.0006334378277781715
351 0.0006411933449950595
352 0.0005982775736746676
353 0.0005279317184616718
354 0.0006256429679499323
355 0.0005278180352452495
356 0.000578756137433432
357 0.00064132465237471
358 0.0005787953369788793
