0 3.904297851074463e-06
1 0.0
2 0.0
3 0.0
4 0.0
5 0.0
6 0.0
7 0.0
8 0.0
9 3.904297851074463e-06
10 0.0
11 0.0
12 7.808595702148925e-06
13 0.0
14 1.1712893553223388e-05
15 3.904297851074463e-06
16 3.904297851074463e-06
17 7.808595702148925e-06
18 7.808595702148925e-06
19 3.904297851074463e-06
20 3.904297851074463e-06
21 1.1712893553223388e-05
22 1.1712893553223388e-05
23 1.1712893553223388e-05
24 1.952148925537231e-05
25 1.952148925537231e-05
26 3.5138680659670155e-05
27 4.294727636181908e-05
28 2.7330084957521233e-05
29 3.904297851074462e-05
30 6.637306346826585e-05
31 8.19902548725637e-05
32 8.589455272363815e-05
33 0.000101511744127936
34 9.370314842578708e-05
35 0.0002030234882558722
36 0.0002030234882558722
37 0.00023425787106446793
38 0.00023035357321339343
39 0.00041385557221389365
40 0.00037481259370314885
41 0.0004528985507246381
42 0.0005192716141929039
43 0.0006715392303848079
44 0.0007066779110444777
45 0.0008159982508745632
46 0.0008940842078960519
47 0.0010190217391304354
48 0.0012688968015992
49 0.00130403548225887
50 0.0014992503748125934
51 0.0016554222888555724
52 0.0017881684157921031
53 0.001952148925537232
54 0.002151268115942028
55 0.0024167603698150926
56 0.002311344327836082
57 0.0026588268365817075
58 0.0028618503248375817
59 0.0027447213893053474
60 0.0028813718140929525
61 0.0031624812593703147
62 0.0032132371314342835
63 0.0030804910044977497
64 0.0034318778110944527
65 0.0033459832583708133
66 0.00349044227886057
67 0.0035490067466266866
68 0.0033459832583708146
69 0.003486537981009494
70 0.0034162606196901564
71 0.003373313343328337
72 0.0032913230884557727
73 0.0030024050474762613
74 0.0032366629185407282
75 0.002818903048475761
76 0.002877467516241879
77 0.002709582708645675
78 0.0026314967516241866
79 0.002405047476261867
80 0.0021512681159420294
81 0.002170789605197402
82 0.002022426286856572
83 0.0018076899050474761
84 0.0016671351824087955
85 0.001596857821089456
86 0.0014250687156421784
87 0.0012649925037481248
88 0.0012610882058970514
89 0.0010307346326836576
90 0.0010463518240879557
91 0.0008862756121939028
92 0.0008745627186406796
93 0.0007613380809595198
94 0.0006598263368315841
95 0.0005934532733633182
96 0.0005973575712143934
97 0.0005466016991504251
98 0.0004060469765117446
99 0.0003826211894052977
100 0.0003865254872563722
101 0.00033576961519240405
102 0.00033576961519240426
103 0.0002576836581709147
104 0.00028110944527736157
105 0.0002654922538730638
106 0.00025377936031984025
107 0.0001835019990004998
108 0.00019911919040479768
109 0.00016788480759620192
110 0.00017178910544727642
111 9.760744627686154e-05
112 0.00017959770114942537
113 0.0001210332333833083
114 0.00012884182908545725
115 8.589455272363815e-05
116 0.0001366504247876062
117 0.00011322463768115938
118 0.00010541604197901046
119 8.979885057471262e-05
120 0.00010932033983008492
121 0.00012493753123438278
122 0.0001210332333833083
123 7.808595702148923e-05
124 0.0001210332333833083
125 0.0001327461269365317
126 0.00010541604197901046
127 0.00015226761619190404
128 0.00019131059470264876
129 0.00017178910544727642
130 0.00022254497751124453
131 0.0001366504247876062
132 0.0001639805097451275
133 0.00021864067966016998
134 0.00023816216891554243
135 0.00024206646676661688
136 0.0003318653173413297
137 0.0004216641679160425
138 0.00042947276361819133
139 0.0004450899550224892
140 0.0004919415292353829
141 0.000527080209895053
142 0.0006324962518740631
143 0.000792572463768116
144 0.0008433283358320841
145 0.000995595952023988
146 0.0010424475262368817
147 0.0012845139930034988
148 0.001378217141429285
149 0.0016866566716641693
150 0.0020809907546226894
151 0.0022996314342828587
152 0.00258074087956022
153 0.0031078210894552737
154 0.003533389555222388
155 0.003759838830584708
156 0.004310344827586204
157 0.004841329335332333
158 0.0056495189905047495
159 0.0064967516241879126
160 0.007148769365317348
161 0.007832021489255377
162 0.008800287356321842
163 0.009471826586706648
164 0.010533795602198904
165 0.011994002998500756
166 0.012872470014992516
167 0.01428192153923041
168 0.014766054472763643
169 0.016405859570214912
170 0.017214049225387315
171 0.017916822838580718
172 0.019146676661669165
173 0.020165698400799605
174 0.021009026736631683
175 0.02246923413293355
176 0.022586363068465776
177 0.023160294852573707
178 0.02338674412793604
179 0.023453117191404298
180 0.0234687343828086
181 0.02265664042978511
182 0.02294555847076462
183 0.02221155047476262
184 0.021711800349825096
185 0.02095046226886558
186 0.020060282358820593
187 0.01944340329835083
188 0.01903345202398801
189 0.0172023363318341
190 0.01675334207896054
191 0.015476636681659193
192 0.014258495752123962
193 0.012931034482758641
194 0.011763649425287358
195 0.010682158920539735
196 0.009546008245877053
197 0.008651924037981007
198 0.00799990629685158
199 0.007070683408295856
200 0.006133651924037983
201 0.005735413543228388
202 0.00489989380309845
203 0.004267397551224387
204 0.004060469765117443
205 0.003338174662668666
206 0.0028657546226886553
207 0.002674444027986006
208 0.0021317466266866565
209 0.002045852073963019
210 0.0016437093953023492
211 0.0014797288855572211
212 0.0013118440779610195
213 0.001108820589705147
214 0.0008940842078960514
215 0.000874562718640679
216 0.0007027736131934036
217 0.0005973575712143928
218 0.0005622188905547228
219 0.00048022863568215955
220 0.00040604697651174453
221 0.00035919540229885106
222 0.0003552911044477766
223 0.0003123438280859573
224 0.0003045352323838084
225 0.00028110944527736146
226 0.0002615879560219893
227 0.00020302348825587219
228 0.00021083208395802114
229 0.00014055472263868068
230 0.00013274612693653173
231 0.00011712893553223384
232 0.00010932033983008492
233 0.00012493753123438278
234 0.00012493753123438278
235 9.370314842578708e-05
236 0.00010932033983008492
237 0.00017178910544727644
238 0.00012884182908545725
239 0.00010541604197901046
240 0.00015226761619190402
241 0.00015226761619190407
242 0.00013665042478760617
243 8.979885057471262e-05
244 0.00011322463768115938
245 0.0001210332333833083
246 0.00013274612693653173
247 0.00010932033983008492
248 0.00016398050974512752
249 0.00016398050974512752
250 0.00019131059470264876
251 0.00018350199900049981
252 0.00018740629685157432
253 0.00018350199900049981
254 0.00024597076461769124
255 0.00024206646676661682
256 0.00028891804097951046
257 0.0003240567216391808
258 0.00039042978510744675
259 0.00037090829585207437
260 0.0003982383808095955
261 0.000417759870064968
262 0.0005348888055972017
263 0.0004958458270864574
264 0.0006090704647676162
265 0.0007144865067466264
266 0.0007105822088955523
267 0.0007730509745127433
268 0.0009214142928535736
269 0.0010971076961519234
270 0.0011517678660669661
271 0.0011712893553223387
272 0.0012688968015992
273 0.0014836331834082953
274 0.0015539105447276364
275 0.002006809095452274
276 0.0018818715642178916
277 0.0020966079460269862
278 0.0021942153923038476
279 0.0024128560719640165
280 0.002381621689155422
281 0.0026119752623688128
282 0.0026939655172413773
283 0.0032093328335832103
284 0.003107821089455272
285 0.0029906921539230376
286 0.0032522801099450277
287 0.0034709207896051995
288 0.0032366629185407282
289 0.0035060594702648685
290 0.0036583270864567717
291 0.003506059470264869
292 0.003400643428285858
293 0.003560719640179911
294 0.003576336831584208
295 0.0032991316841579233
296 0.003162481259370313
297 0.003252280109945028
298 0.00310782108945527
299 0.0031507683658170923
300 0.0027954772613693166
301 0.002744721389305345
302 0.0026236881559220373
303 0.0023816216891554215
304 0.0024479947526236862
305 0.002264492753623188
306 0.0019170102448775612
307 0.0017452211394302843
308 0.0016944652673663168
309 0.001401642928535733
310 0.0012493753123438273
311 0.001307939780109945
312 0.0011010119940029987
313 0.0009409357821089454
314 0.0008823713143428282
315 0.0007144865067466265
316 0.0005739317841079465
317 0.0004880372313843084
318 0.0005739317841079465
319 0.0004919415292353828
320 0.0003279610194902552
321 0.00028891804097951057
322 0.00024987506246876577
323 0.00017569340329835092
324 0.00021864067966017003
325 0.0001210332333833083
326 0.0001366504247876062
327 8.19902548725637e-05
328 0.00012493753123438278
329 3.9042978510744616e-05
330 5.856446776611693e-05
331 4.685157421289354e-05
332 2.7330084957521233e-05
333 2.3425787106446772e-05
334 2.3425787106446772e-05
335 2.7330084957521233e-05
336 1.1712893553223388e-05
337 3.904297851074463e-06
338 7.808595702148925e-06
339 7.808595702148925e-06
340 3.904297851074463e-06
341 1.1712893553223388e-05
342 3.904297851074463e-06
343 1.1712893553223388e-05
344 0.0
345 0.0
346 0.0
347 3.904297851074463e-06
348 0.0
349 3.904297851074463e-06
350 0.0
351 0.0
352 0.0
353 0.0
354 0.0
355 0.0
356 0.0
357 0.0
358 0.0
