0 1.1712893553223388e-05
1 1.1712893553223388e-05
2 1.952148925537231e-05
3 7.808595702148925e-06
4 2.3425787106446772e-05
5 2.3425787106446772e-05
6 2.3427739255372315e-05
7 1.9523441404297847e-05
8 1.952148925537231e-05
9 1.561719140429785e-05
10 2.7330084957521233e-05
11 3.9046882808595695e-05
12 1.952148925537231e-05
13 5.856837206396801e-05
14 8.58965048725637e-05
15 8.19902548725637e-05
16 7.418361131934031e-05
17 0.00011322658983008492
18 0.00016398050974512747
19 0.0001874062968515743
20 0.00016398441404297853
21 0.00025378326461769136
22 0.00027330084957521256
23 0.00033186726949025527
24 0.0004255743222138935
25 0.00040215439155422334
26 0.0005583224012993508
27 0.0007730665917041475
28 0.0009643713299600198
29 0.001214250296726636
30 0.0012571975730884556
31 0.0015812601511744123
32 0.0020185649362818594
33 0.002346512290729633
34 0.002631514320964518
35 0.0031703347544977467
36 0.00405273535107446
37 0.004696948400799597
38 0.0054504876468016
39 0.005899489708270864
40 0.006789687187656174
41 0.008160113302723636
42 0.00914007644615192
43 0.009948295383558212
44 0.011767750890179908
45 0.013028843000374813
46 0.014450032796101958
47 0.016246015664042983
48 0.017866355884557712
49 0.019482764477136434
50 0.020419836956521734
51 0.022321224153548223
52 0.023964953070339832
53 0.025655597982258874
54 0.02668628771551724
55 0.028369067419415292
56 0.028857139789480245
57 0.029821505262993486
58 0.030754620736506748
59 0.030965515289230378
60 0.031250474372188905
61 0.030270524893803094
62 0.029966016991504238
63 0.028833671055097446
64 0.028130926724137927
65 0.027068918665667168
66 0.025393969031109444
67 0.02383612100199901
68 0.02250085699337831
69 0.021028936703523234
70 0.019787313374562708
71 0.01765945152423789
72 0.015847798756871565
73 0.014180663574462774
74 0.013169446526736623
75 0.011271907015242381
76 0.010049846170664664
77 0.009058140851449268
78 0.0076135428379560215
79 0.006914657905422286
80 0.006040091282483755
81 0.0052670012649925005
82 0.004283104541479259
83 0.00351003404547726
84 0.0032953015679660154
85 0.0026510650924537714
86 0.0024207232321339324
87 0.0020849458083458264
88 0.0015109808377061465
89 0.001343105790854573
90 0.0012181741160669664
91 0.000898002170789605
92 0.000769164246001999
93 0.0007066876717891055
94 0.0005622423163418293
95 0.00045680870502248924
96 0.00041776963080959566
97 0.0003396797694902552
98 0.00024207427536231905
99 0.00019522270114942543
100 0.0002576895146176913
101 0.0001405566747876062
102 0.00012103713768115939
103 7.808595702148923e-05
104 8.199220702148924e-05
105 6.637306346826585e-05
106 7.808790917041478e-05
107 1.561719140429785e-05
108 4.294922851074462e-05
109 3.513868065967016e-05
110 3.514063280859569e-05
111 1.1712893553223388e-05
112 1.561719140429785e-05
113 1.952148925537231e-05
114 3.904297851074463e-06
115 1.561719140429785e-05
116 1.9523441404297847e-05
117 1.561719140429785e-05
118 0.0
119 1.1712893553223388e-05
120 7.808595702148925e-06
121 3.904297851074463e-06
122 0.0
123 0.0
124 3.90625e-06
125 0.0
126 0.0
127 3.904297851074463e-06
128 3.904297851074463e-06
129 3.90625e-06
130 3.904297851074463e-06
131 7.808595702148925e-06
132 7.808595702148925e-06
133 7.810547851074463e-06
134 0.0
135 0.0
136 0.0
137 0.0
138 3.904297851074463e-06
139 0.0
140 0.0
141 3.904297851074463e-06
142 7.808595702148925e-06
143 3.904297851074463e-06
144 3.904297851074463e-06
145 1.1712893553223388e-05
146 1.561719140429785e-05
147 7.808595702148925e-06
148 3.123828710644677e-05
149 1.952148925537231e-05
150 1.1712893553223388e-05
151 1.952148925537231e-05
152 1.1712893553223388e-05
153 1.561719140429785e-05
154 1.1712893553223388e-05
155 2.733398925537231e-05
156 6.246876561719139e-05
157 6.246876561719139e-05
158 6.24687656171914e-05
159 9.760744627686155e-05
160 8.589455272363817e-05
161 8.199025487256371e-05
162 9.760744627686154e-05
163 0.0001288496376811594
164 0.00012103518553223387
165 0.00011323049412793601
166 0.00015226956834082963
167 0.00011713479197901047
168 0.00014836527048975513
169 0.00021864653610694656
170 0.00016398636619190408
171 0.0002342637275112444
172 0.0002381680253623189
173 0.00020303324900049975
174 0.00024988872751124437
175 0.00022645708395802107
176 0.0002850235038730635
177 0.0002225566904047976
178 0.00037482235444777617
179 0.000285021551724138
180 0.00026940045602198904
181 0.00039044540229885065
182 0.0003396934345327337
183 0.0003592071151924038
184 0.0003709297694902549
185 0.00032406648238380816
186 0.0003045508495752124
187 0.00031235749312843585
188 0.00033578132808595706
189 0.00022255083395802098
190 0.0002498789667666167
191 0.0002459766210644678
192 0.00020693754685157422
193 0.0001366504247876062
194 0.00019521879685157424
195 0.0001874160575962019
196 0.00013665628123438281
197 0.00010932619627686155
198 0.00010151955272363818
199 5.0755872063968006e-05
200 5.466602636181908e-05
201 5.075782421289356e-05
202 4.2947276361819084e-05
203 3.12343828085957e-05
204 1.561719140429785e-05
205 2.3425787106446772e-05
206 1.561719140429785e-05
207 1.1714845702148925e-05
208 7.808595702148925e-06
209 0.0
210 0.0
211 0.0
212 0.0
213 3.904297851074463e-06
214 0.0
215 3.904297851074463e-06
216 7.808595702148925e-06
217 0.0
218 3.904297851074463e-06
219 0.0
220 0.0
221 0.0
222 0.0
223 0.0
224 0.0
225 0.0
226 0.0
227 0.0
228 0.0
229 0.0
230 0.0
231 0.0
232 0.0
233 0.0
234 0.0
235 0.0
236 0.0
237 0.0
238 0.0
239 0.0
240 0.0
241 0.0
242 0.0
243 0.0
244 0.0
245 0.0
246 0.0
247 0.0
248 0.0
249 0.0
250 0.0
251 0.0
252 0.0
253 0.0
254 0.0
255 0.0
256 0.0
257 0.0
258 0.0
259 0.0
260 0.0
261 7.808595702148925e-06
262 0.0
263 3.904297851074463e-06
264 3.904297851074463e-06
265 7.808595702148925e-06
266 7.810547851074463e-06
267 1.561719140429785e-05
268 1.561719140429785e-05
269 1.9523441404297847e-05
270 4.685352636181909e-05
271 5.075782421289355e-05
272 8.199025487256371e-05
273 7.027736131934031e-05
274 0.000105417994127936
275 0.0001796016054472764
276 0.00021474614255372312
277 0.00029282819527736147
278 0.000335773519490255
279 0.0005466212206396803
280 0.0007496525174912543
281 0.000823834176661669
282 0.0010190529735132432
283 0.001249426068215892
284 0.001405605790854573
285 0.0017179320496002
286 0.001995174287856071
287 0.00221771731321839
288 0.002705764305347326
289 0.003092305409795103
290 0.0033226765523488248
291 0.0036780125562218898
292 0.0039707880434782595
293 0.004415922897926036
294 0.004290975605947026
295 0.0045760166791604185
296 0.0047634464017991
297 0.004825899550224886
298 0.004591624109820088
299 0.004685335066841578
300 0.004732169071714141
301 0.004423749062968515
302 0.004349545930159918
303 0.004244165026861567
304 0.004033332942903547
305 0.0037287645239880056
306 0.003416377748625686
307 0.0032680632340079956
308 0.0028033951774112937
309 0.0027019010026236878
310 0.002534008386431784
311 0.0022997329460269864
312 0.001975650846451774
313 0.0017882445496001996
314 0.0015656898113443278
315 0.0014251233758120938
316 0.00130408819027986
317 0.0012377131746626683
318 0.001140119393428286
319 0.0008472755809595203
320 0.0007770001717891057
321 0.0007496486131934032
322 0.000652045071214393
323 0.0006442325712143929
324 0.0005661368534482759
325 0.0004490098700649677
326 0.0004294922851074465
327 0.00041386923725637197
328 0.00029673444527736136
329 0.000288927801724138
330 0.00030063874312843584
331 0.0001991230947026487
332 0.0002108418447026487
333 0.00016788480759620192
334 0.00014446292478760618
335 0.00012103908983008493
336 0.00011322658983008494
337 0.00011713283983008493
338 7.808986131934032e-05
339 8.98027548725637e-05
340 6.2474622063968e-05
341 5.856446776611693e-05
342 6.246876561719139e-05
343 5.856641991504247e-05
344 3.123633495752124e-05
345 2.7330084957521233e-05
346 4.685352636181909e-05
347 2.7330084957521233e-05
348 3.5142584957521234e-05
349 7.808595702148925e-06
350 1.952148925537231e-05
351 1.952148925537231e-05
352 3.5138680659670155e-05
353 7.810547851074463e-06
354 1.9523441404297847e-05
355 7.808595702148925e-06
356 1.561719140429785e-05
357 0.0
358 7.808595702148925e-06
