0 7.808595702148925e-06
1 0.0
2 0.0
3 3.904297851074463e-06
4 0.0
5 0.0
6 0.0
7 0.0
8 0.0
9 0.0
10 0.0
11 3.904297851074463e-06
12 1.561719140429785e-05
13 7.808595702148925e-06
14 3.904297851074463e-06
15 1.1712893553223388e-05
16 0.0
17 1.561719140429785e-05
18 7.808595702148925e-06
19 1.561719140429785e-05
20 1.952148925537231e-05
21 1.952148925537231e-05
22 2.7330084957521233e-05
23 5.856446776611692e-05
24 5.856446776611693e-05
25 3.5138680659670155e-05
26 3.5138680659670155e-05
27 5.856446776611693e-05
28 8.589455272363815e-05
29 7.808595702148923e-05
30 0.0001210332333833083
31 0.00011712893553223384
32 0.00016788480759620194
33 0.00021083208395802114
34 0.00025377936031984035
35 0.0003279610194902551
36 0.0003630997001499255
37 0.0004138555722138936
38 0.0004919415292353827
39 0.0005895489755122441
40 0.000527080209895053
41 0.0007027736131934033
42 0.0009760744627686155
43 0.000983883058470764
44 0.0011439592703648177
45 0.0012962268865567205
46 0.0015461019490254876
47 0.0015851449275362313
48 0.0019131059470264872
49 0.002080990754622689
50 0.002315248625687156
51 0.002697869815092453
52 0.00279157296351824
53 0.0029008933033483225
54 0.003260088705647177
55 0.003720795852073963
56 0.003818403298350825
57 0.0041463643178410794
58 0.004208833083458269
59 0.004552411294352823
60 0.004665635932033982
61 0.004821807846076957
62 0.004607071464267864
63 0.0049272238880559704
64 0.005091204397801096
65 0.005130247376311842
66 0.005102917291354321
67 0.005063874312843574
68 0.005063874312843577
69 0.0050677786106946504
70 0.004895989505247374
71 0.004864755122438779
72 0.004853042228885558
73 0.004458708145927036
74 0.004310344827586204
75 0.004259588955522236
76 0.004033139680159919
77 0.0035529110444777624
78 0.003619284107946027
79 0.0032639930034982514
80 0.0031234382808595688
81 0.003002405047476261
82 0.002861850324837581
83 0.0024714205397301345
84 0.0022879185407296354
85 0.002061469265367316
86 0.002053660669665167
87 0.0016866566716641678
88 0.0015461019490254878
89 0.0014563030984507744
90 0.0012728010994502742
91 0.0010814905047476253
92 0.0010541604197901048
93 0.0008901799100449775
94 0.0009057971014492752
95 0.0006598263368315842
96 0.0006559220389805097
97 0.0006324962518740634
98 0.0005114630184907551
99 0.00040604697651174464
100 0.0005387931034482761
101 0.0004216641679160424
102 0.0003357696151924041
103 0.0003396739130434786
104 0.0002693965517241382
105 0.00023425787106446795
106 0.000234257871064468
107 0.00022254497751124456
108 0.0002108320839580211
109 0.00017178910544727644
110 0.00012884182908545725
111 0.0001952148925537232
112 0.00014445902048975512
113 0.00014445902048975515
114 0.000101511744127936
115 0.00013274612693653173
116 0.00012493753123438278
117 7.808595702148923e-05
118 0.0001210332333833083
119 0.00014445902048975512
120 0.00012493753123438278
121 0.00015617191404297855
122 9.370314842578708e-05
123 0.00012884182908545725
124 0.00019131059470264874
125 0.00013274612693653173
126 0.00015617191404297852
127 0.00016007621189405302
128 0.00011712893553223384
129 0.00014055472263868068
130 0.0002030234882558722
131 0.00021864067966017008
132 0.0002069277861069467
133 0.00022254497751124453
134 0.000226449275362319
135 0.00024597076461769135
136 0.00026939655172413814
137 0.0002654922538730637
138 0.0003943340829585212
139 0.00042166416791604254
140 0.0005309845077461272
141 0.0005739317841079462
142 0.0006207833583208395
143 0.0006324962518740631
144 0.0007535294852573712
145 0.0007886681659170411
146 0.0009995002498750616
147 0.0012688968015992007
148 0.0013704085457271363
149 0.001522676161919041
150 0.00167103948025987
151 0.001987287606196902
152 0.0022098325837081457
153 0.0025651236881559206
154 0.0031702898550724644
155 0.003115629685157421
156 0.0037090829585207413
157 0.004349387806096952
158 0.004837425037481261
159 0.005302036481759118
160 0.005989192903548229
161 0.006434282858570715
162 0.00772660544727637
163 0.00789449025487257
164 0.009276611694152921
165 0.01026830334832584
166 0.010748531984007997
167 0.01182221389305348
168 0.012907608695652188
169 0.013750937031484271
170 0.014582552473763138
171 0.015730416041979032
172 0.01642538105947028
173 0.017116441779110456
174 0.01791291854072964
175 0.01856493628185907
176 0.018389242878560724
177 0.01920524112943529
178 0.019611288105947023
179 0.01992753623188405
180 0.0196932783608196
181 0.018842141429285367
182 0.019068590704647673
183 0.01851808470764619
184 0.018514180409795116
185 0.01765523488255873
186 0.017057877311344345
187 0.016273113443278375
188 0.015445402298850594
189 0.01496126936531736
190 0.013454210394802617
191 0.012919321589205408
192 0.011689467766116953
193 0.010842235132433783
194 0.009495252373813092
195 0.009315654672663673
196 0.008359101699150426
197 0.007855447276361824
198 0.006461612943528237
199 0.005957958520739633
200 0.005403548225887055
201 0.004849137931034479
202 0.00411122563718141
203 0.0035177723638180917
204 0.0033381746626686666
205 0.0028696589205397297
206 0.0025338893053473257
207 0.002330865817091453
208 0.001995096201899051
209 0.001628092203898051
210 0.0014328773113443279
211 0.0012688968015992005
212 0.0011439592703648173
213 0.0010229260369815094
214 0.0008277111444277863
215 0.0007261994002998501
216 0.0006793478260869565
217 0.0006832521239380314
218 0.0004646114442778616
219 0.00040214267866067017
220 0.00044899425287356386
221 0.00037481259370314885
222 0.00033576961519240405
223 0.0003279610194902552
224 0.0002108320839580211
225 0.00028501374312843604
226 0.0002498750624687658
227 0.0001952148925537232
228 0.00016007621189405302
229 0.00015617191404297852
230 0.00021864067966017
231 0.00018740629685157432
232 0.00011712893553223384
233 0.00011322463768115938
234 6.246876561719139e-05
235 0.00011712893553223384
236 0.00011712893553223384
237 0.00012493753123438278
238 0.00012493753123438278
239 0.00015617191404297855
240 0.0001483633183408296
241 0.00011322463768115938
242 9.760744627686154e-05
243 0.0001366504247876062
244 0.00011322463768115938
245 0.0001366504247876062
246 0.00016398050974512752
247 0.0001483633183408296
248 0.00016788480759620197
249 0.0002420664667666169
250 0.00020692778610694663
251 0.00022644927536231898
252 0.00022644927536231903
253 0.0003201524237881063
254 0.00024987506246876577
255 0.00033967391304347863
256 0.0003396739130434787
257 0.0003513868065967021
258 0.0004060469765117446
259 0.00047242003998001066
260 0.0005934532733633188
261 0.0005544102948525738
262 0.00046070714642678696
263 0.000671539230384808
264 0.0008901799100449775
265 0.0008199025487256373
266 0.0008901799100449772
267 0.0011400549725137429
268 0.0011010119940029982
269 0.0012688968015992007
270 0.0014992503748125937
271 0.001534389055472264
272 0.00167103948025987
273 0.0019638618190904555
274 0.00220592828585707
275 0.002405047476261867
276 0.0025377936031983996
277 0.0029282233883058473
278 0.0029711706646676646
279 0.0033537918540729648
280 0.003549006746626686
281 0.003670039980009995
282 0.003974575212393804
283 0.004204928785607197
284 0.00459535857071464
285 0.00485304222888555
286 0.004696870314842577
287 0.004876468015992
288 0.004872563718140924
289 0.00538012243878061
290 0.0055480072463768085
291 0.005270802098950521
292 0.005204429035482258
293 0.005325462268865565
294 0.004841329335332331
295 0.005321557971014489
296 0.005220046226886555
297 0.00528641929035482
298 0.004903798100949522
299 0.004575837081459267
300 0.004407952273863068
301 0.004486038230884557
302 0.004173694402798597
303 0.00396286231884058
304 0.003498250874562718
305 0.0035021551724137923
306 0.003158576961519239
307 0.002990692153923039
308 0.0025963580709645172
309 0.00251046351824088
310 0.0022254497751124434
311 0.001995096201899051
312 0.0016944652673663168
313 0.0016944652673663168
314 0.0013743128435782103
315 0.001276705397301349
316 0.0009955959520239878
317 0.0009721701649175414
318 0.0007222951024487758
319 0.0007105822088955524
320 0.000554410294852574
321 0.000425568465767117
322 0.0005036544227886061
323 0.0003865254872563722
324 0.0002733008495752126
325 0.00024206646676661688
326 0.000160076211894053
327 0.00017178910544727647
328 7.808595702148923e-05
329 0.000101511744127936
330 6.637306346826585e-05
331 6.637306346826585e-05
332 4.294727636181908e-05
333 4.685157421289354e-05
334 1.952148925537231e-05
335 5.0755872063968e-05
336 4.2947276361819084e-05
337 3.1234382808595694e-05
338 2.733008495752124e-05
339 1.952148925537231e-05
340 1.952148925537231e-05
341 2.7330084957521233e-05
342 1.561719140429785e-05
343 7.808595702148925e-06
344 7.808595702148925e-06
345 0.0
346 3.904297851074463e-06
347 1.1712893553223388e-05
348 0.0
349 3.904297851074463e-06
350 0.0
351 0.0
352 3.904297851074463e-06
353 0.0
354 0.0
355 0.0
356 3.904297851074463e-06
357 0.0
358 0.0
