0 1.561719140429785e-05
1 0.0
2 0.0
3 0.0
4 0.0
5 0.0
6 0.0
7 0.0
8 0.0
9 0.0
10 0.0
11 0.0
12 0.0
13 0.0
14 0.0
15 0.0
16 3.904297851074463e-06
17 0.0
18 0.0
19 7.808595702148925e-06
20 0.0
21 3.904297851074463e-06
22 1.1712893553223388e-05
23 1.561719140429785e-05
24 1.561719140429785e-05
25 7.808595702148925e-06
26 3.1234382808595694e-05
27 2.3425787106446772e-05
28 2.3425787106446772e-05
29 6.637306346826585e-05
30 4.685157421289354e-05
31 5.466016991504246e-05
32 8.589455272363815e-05
33 0.00012884182908545725
34 0.00010932033983008492
35 0.00013274612693653173
36 0.00014445902048975512
37 0.00021083208395802108
38 0.00023035357321339345
39 0.00023035357321339348
40 0.00030453523238380836
41 0.0003552911044477764
42 0.0003943340829585211
43 0.0005505059970014999
44 0.0005778360819590208
45 0.00065592203898051
46 0.0007301036981509245
47 0.0008199025487256372
48 0.001011213143428286
49 0.0010502561219390301
50 0.0010814905047476268
51 0.0011556721639180414
52 0.0014055472263868067
53 0.0015617191404297848
54 0.0015812406296851584
55 0.0019092016491754123
56 0.0019404360319840081
57 0.002034139180409795
58 0.002162981009495252
59 0.002170789605197401
60 0.002405047476261868
61 0.0023738130934532744
62 0.00265101824087956
63 0.0027447213893053474
64 0.0026236881559220386
65 0.0026197838580709646
66 0.0027681471764117926
67 0.002951649175412294
68 0.002768147176411793
69 0.0028189030484757614
70 0.002799381559220388
71 0.00260026236881559
72 0.0025143678160919536
73 0.002576836581709143
74 0.0023777173913043493
75 0.002510463518240878
76 0.002401143178410794
77 0.002346483008495751
78 0.002120033733133433
79 0.0021785982008995486
80 0.0019872876061969025
81 0.0017178910544727636
82 0.0015890492253873064
83 0.0015578148425787106
84 0.0014445902048975516
85 0.0011908108445777114
86 0.0011712893553223389
87 0.001183002248875562
88 0.0010736819090454764
89 0.0009097013993003498
90 0.0008394240379810093
91 0.0007769552723638174
92 0.0005856446776611695
93 0.0006090704647676161
94 0.000519271614192904
95 0.0004841329335332339
96 0.00047242003998001044
97 0.00039823838080959564
98 0.00035138680659670205
99 0.0003865254872563722
100 0.0003474825087456275
101 0.00032015242378810626
102 0.00030453523238380836
103 0.0002147363818090955
104 0.00024206646676661688
105 0.00016007621189405305
106 0.00018350199900049984
107 0.00018350199900049984
108 0.00017178910544727644
109 9.760744627686154e-05
110 0.00018350199900049987
111 0.00011322463768115938
112 0.00013665042478760617
113 0.00014445902048975515
114 0.00013665042478760617
115 0.00012493753123438278
116 0.00012493753123438278
117 0.00011712893553223384
118 0.0001639805097451275
119 8.19902548725637e-05
120 8.19902548725637e-05
121 0.00011322463768115938
122 0.00011322463768115938
123 0.00011712893553223384
124 9.760744627686154e-05
125 0.00012884182908545725
126 0.00011712893553223384
127 0.00013274612693653173
128 0.00016398050974512752
129 0.00017569340329835095
130 0.00018350199900049981
131 0.00020692778610694671
132 0.00022254497751124459
133 0.00022254497751124448
134 0.0002498750624687658
135 0.0002537793603198402
136 0.0002967266366816594
137 0.00042556846576711696
138 0.0003748125937031489
139 0.00044118565717141475
140 0.0004958458270864571
141 0.0006871564217891053
142 0.0006442091454272861
143 0.0007261994002998499
144 0.000882371314342828
145 0.000901892803598201
146 0.0013157483758120926
147 0.0015461019490254878
148 0.0015382933533233394
149 0.0017842641179410305
150 0.0021395552223888057
151 0.002397238880559718
152 0.002611975262368816
153 0.0030570652173913045
154 0.0034709207896051974
155 0.004407952273863065
156 0.004747626186906544
157 0.0051849075462268865
158 0.006172694902548728
159 0.006781765367316348
160 0.007371314342828592
161 0.008171695402298854
162 0.009405453523238384
163 0.010143365817091455
164 0.011220952023988012
165 0.012661637931034494
166 0.013477636181909062
167 0.01458645677161422
168 0.01593734382808598
169 0.01749515867066467
170 0.018818715642178917
171 0.019572245127436282
172 0.020731821589205397
173 0.02105978260869565
174 0.022683970514742635
175 0.02319933783108445
176 0.02438234007996003
177 0.024815717141429286
178 0.02447604322838581
179 0.0251514867566217
180 0.024745439780109933
181 0.02445652173913043
182 0.024675162418790607
183 0.02425349825087457
184 0.024011431784107945
185 0.0228245252373813
186 0.021664948775612185
187 0.0202242628685657
188 0.019763555722138924
189 0.018373625687156427
190 0.0171554847576212
191 0.015964673913043504
192 0.014879279110444798
193 0.013661138180909563
194 0.012720202398800621
195 0.011666041979010512
196 0.010365910794602695
197 0.009768553223388307
198 0.008429379060469767
199 0.007449400299850085
200 0.006535794602698658
201 0.00587987256371814
202 0.005130247376311845
203 0.004786669165417288
204 0.003919915042478761
205 0.0037325087456271857
206 0.003248375812093953
207 0.0028696589205397306
208 0.002311344327836081
209 0.0021239380309845068
210 0.0018076899050474772
211 0.0016632308845577217
212 0.0013586956521739134
213 0.0012884182908545728
214 0.0011478635682158915
215 0.0009409357821089456
216 0.0008316154422788605
217 0.0006598263368315844
218 0.0006442091454272865
219 0.0005036544227886062
220 0.000484132933533234
221 0.00038652548725637227
222 0.0002967266366816595
223 0.00035529110444777653
224 0.0003240567216391807
225 0.0002069277861069466
226 0.00020692778610694658
227 0.00023035357321339343
228 0.00017959770114942534
229 0.0001483633183408296
230 0.0001483633183408296
231 0.00016788480759620194
232 0.0001444590204897551
233 0.00015617191404297855
234 0.00010932033983008492
235 0.000101511744127936
236 0.00014445902048975512
237 0.00014836331834082957
238 0.00012884182908545725
239 9.760744627686154e-05
240 0.0001483633183408296
241 0.00011712893553223384
242 0.00012493753123438278
243 0.00010932033983008492
244 0.00014055472263868065
245 8.19902548725637e-05
246 0.00012493753123438278
247 0.00014055472263868065
248 0.00017959770114942537
249 0.00016788480759620194
250 0.00014836331834082962
251 0.00016007621189405305
252 0.0001874062968515743
253 0.0001913105947026487
254 0.00019131059470264874
255 0.0002537793603198402
256 0.00024206646676661682
257 0.0002069277861069466
258 0.0003396739130434785
259 0.0002537793603198403
260 0.00038262118940529774
261 0.0004060469765117446
262 0.00043728135932034033
263 0.0004919415292353827
264 0.0005309845077461274
265 0.0005895489755122441
266 0.0005934532733633187
267 0.0007183908045977015
268 0.0007769552723638184
269 0.0008120939530234881
270 0.0009643615692153925
271 0.0010502561219390301
272 0.0010268303348325834
273 0.001245471014492753
274 0.001214236631684158
275 0.0014094515242378811
276 0.0014953460769615195
277 0.0016593265867066464
278 0.0016515179910044982
279 0.0018311156921539235
280 0.0018857758620689665
281 0.002080990754622689
282 0.002334770114942529
283 0.002143459520239879
284 0.0022996314342828587
285 0.0024870377311344326
286 0.0025221764117941002
287 0.0027095827086456776
288 0.0026939655172413778
289 0.0027408170914542725
290 0.0027954772613693157
291 0.0027954772613693153
292 0.0025768365817091456
293 0.0027330084957521224
294 0.0029867878560719636
295 0.0026900612193903025
296 0.0026197838580709646
297 0.0023855259870064955
298 0.0023738130934532727
299 0.00240504747626187
300 0.0021981196901549233
301 0.0019638618190904555
302 0.0019170102448775612
303 0.0017764555222388816
304 0.001893584457771114
305 0.0016749437781109445
306 0.0015968578210894552
307 0.0013782171414292849
308 0.0012845139930034982
309 0.0011869065467266363
310 0.0009331271864067966
311 0.0009331271864067972
312 0.000901892803598201
313 0.0006871564217891049
314 0.0005661231884057976
315 0.0006168790604697656
316 0.0004685157421289362
317 0.000343578210894553
318 0.000292822338830585
319 0.00031234382808595726
320 0.00026549225387306367
321 0.00019131059470264882
322 0.00017178910544727642
323 0.0001366504247876062
324 0.00012493753123438278
325 0.00012884182908545725
326 5.856446776611693e-05
327 4.294727636181908e-05
328 4.685157421289354e-05
329 4.2947276361819084e-05
330 3.12343828085957e-05
331 3.1234382808595694e-05
332 0.0
333 2.3425787106446772e-05
334 2.7330084957521233e-05
335 2.3425787106446772e-05
336 1.1712893553223388e-05
337 7.808595702148925e-06
338 3.904297851074463e-06
339 1.1712893553223388e-05
340 1.1712893553223388e-05
341 3.904297851074463e-06
342 3.904297851074463e-06
343 0.0
344 7.808595702148925e-06
345 0.0
346 7.808595702148925e-06
347 3.904297851074463e-06
348 0.0
349 3.904297851074463e-06
350 0.0
351 0.0
352 0.0
353 3.904297851074463e-06
354 0.0
355 0.0
356 0.0
357 0.0
358 3.904297851074463e-06
