0 7.029884277295582e-05
1 8.591212792627709e-05
2 4.295898925537231e-05
3 9.372267382129345e-05
4 8.98320507841904e-05
5 5.858594726660695e-05
6 9.762501757031687e-05
7 8.981446776611693e-05
8 7.810743065967015e-05
9 9.371291112354026e-05
10 0.00011325587792334447
11 0.00011324025682568918
12 0.00013667971092774024
13 0.0001288808818325281
14 0.00014058010252783815
15 0.0001366914433642788
16 0.0001835410556567542
17 0.00017182619822998704
18 0.0001523008085859473
19 0.00021087113084278282
20 0.00022258402439600614
21 0.00026162700290675086
22 0.0002928652919663231
23 0.0003475235058261891
24 0.00035535554294631374
25 0.0003983203886455301
26 0.0004295528193052003
27 0.000593531374948277
28 0.0005818282401836226
29 0.00062475793939261
30 0.0006638438866699621
31 0.0007067755341157584
32 0.0007497325790405726
33 0.0007145743710322706
34 0.000862965023361376
35 0.0009918302997271179
36 0.0010621095956055233
37 0.0011636408709883427
38 0.0013666545965523274
39 0.0014642796121695184
40 0.0014682190643262563
41 0.001546260110200772
42 0.001811766027160257
43 0.0018078753963106516
44 0.0018196156179898415
45 0.0020421625496031366
46 0.002342877430448851
47 0.002335035646261844
48 0.0025106978171275784
49 0.0025888072058014165
50 0.0024599341345147834
51 0.0027762213073365765
52 0.002760625613016762
53 0.002815246700881987
54 0.0026824810583185085
55 0.0028465181979606055
56 0.0028113404665099234
57 0.002741074829808754
58 0.0027254830085221226
59 0.0026746588014830643
60 0.0029675396950099224
61 0.0026395415905523917
62 0.002409135303455699
63 0.002487217350319961
64 0.0022724946374595967
65 0.002046014129667595
66 0.0020147758269361436
67 0.0018195433748106516
68 0.0017258363240401384
69 0.0015071643885098472
70 0.0015228147762115067
71 0.0012963303602154025
72 0.001210414329947332
73 0.0011206213436348305
74 0.0010581467098491777
75 0.0009800568582954642
76 0.0008199767440596182
77 0.0006715821815674205
78 0.0006637911591118524
79 0.0006286251405547225
80 0.0005154044130307909
81 0.0005310528427241485
82 0.00042950009370314873
83 0.0004177813437031486
84 0.00040608016499660407
85 0.000367013760698753
86 0.00026160552536231896
87 0.0002381699775112445
88 0.00024990239450684866
89 0.00024599224216212314
90 0.00019523441599610407
91 0.00016399418064991526
92 0.00016789066404297858
93 0.00013665823533643383
94 0.00016398636619190406
95 0.00012494729197901048
96 0.0001444687831875083
97 0.00011713088768115938
98 9.760939842578708e-05
99 0.00010932619822998701
100 0.0001327519833833083
101 0.00011713479197901047
102 0.00011323244627686155
103 0.000109324244127936
104 7.808986131934032e-05
105 7.418361131934031e-05
106 0.00010151955858594725
107 7.808790917041476e-05
108 8.199611131934031e-05
109 0.00011323049412793601
110 8.199220702148924e-05
111 8.589845897461471e-05
112 6.637891991504246e-05
113 8.58965048725637e-05
114 0.00010542580858594724
115 8.199611131934031e-05
116 9.761720897461471e-05
117 9.761330272363815e-05
118 0.0001249433876811594
119 0.00012884378123438278
120 0.00011713479197901048
121 0.0001210332333833083
122 0.00010542385057471262
123 8.590627147950047e-05
124 0.00015618362693653172
125 6.637501561719138e-05
126 0.00014447073338330835
127 0.00014446292478760615
128 0.00020302934470264885
129 0.00015227737888965726
130 0.00021475590916066005
131 0.0002069551240073387
132 0.00020693754685157428
133 0.0002694199833735536
134 0.0002381777880600721
135 0.00028893366403322376
136 0.00032017584957521266
137 0.0003670352323838083
138 0.0003904512646079364
139 0.00040996884370314893
140 0.000468541125927277
141 0.0005895841200552129
142 0.0006520548319590208
143 0.0007028478085303176
144 0.0006833009296142952
145 0.0009175548944277859
146 0.001144056895398022
147 0.0012026115887388345
148 0.0013197210086441221
149 0.0015461898230826232
150 0.0019483441990059776
151 0.002081125484163221
152 0.0022958599001456476
153 0.002815180325877123
154 0.0029908854655182645
155 0.003681989122663313
156 0.0036897820992179992
157 0.004579995184070092
158 0.005029014826604307
159 0.005481944598034008
160 0.006403435091134201
161 0.007098487976820283
162 0.007297552475787559
163 0.008710992238327192
164 0.009175689624056245
165 0.009808197592735983
166 0.010710147024275094
167 0.011631637468526627
168 0.011943975424532
169 0.012978637808209329
170 0.013318337071839215
171 0.014200712261165415
172 0.014688849079497478
173 0.014688845226010218
174 0.015606427425123534
175 0.01600464239772415
176 0.015957691215067387
177 0.016344312388891658
178 0.016071013477784685
179 0.015536111014963381
180 0.015707812226807588
181 0.01533303084403802
182 0.014509138118548245
183 0.013841546166505745
184 0.01311525301811212
185 0.01251775879256669
186 0.011362127651128644
187 0.010788129472469913
188 0.009944705412948826
189 0.009085781406246166
190 0.00869533993755671
191 0.0076763123028964625
192 0.007086691090058539
193 0.006274544446600987
194 0.005653723958370458
195 0.004970415224066713
196 0.004353536177277625
197 0.003510201988905015
198 0.003560903173443581
199 0.0028893248883556455
200 0.00248327400754605
201 0.002295830619864889
202 0.00201474264822571
203 0.0016242679656461017
204 0.0014446819558970514
205 0.0011440061258452816
206 0.0011166936102280905
207 0.000831660347566457
208 0.0006130021005190826
209 0.000612996238209997
210 0.0005388087206396803
211 0.0005466309833374336
212 0.0004802637802251281
213 0.00035921687593703177
214 0.0003240762431284359
215 0.00023036528610694657
216 0.0002733145146176913
217 0.00018351175974512749
218 0.00016788871189405297
219 0.00017180277048975515
220 0.0001796035575962019
221 0.00015227737693653172
222 0.0001444648788896572
223 0.00010541994627686154
224 9.370510057471263e-05
225 8.199611327246581e-05
226 0.0001171308876811594
227 8.199025487256371e-05
228 7.418556346826586e-05
229 0.0001054218984257871
230 8.589455272363817e-05
231 5.466407421289355e-05
232 7.808595702148925e-05
233 0.00010932424412793602
234 9.370705272363817e-05
235 0.0001015156484257871
236 9.76191591704148e-05
237 8.199025487256372e-05
238 9.370705272363819e-05
239 7.809572362842601e-05
240 0.0001405605790854573
241 0.00013275198338330834
242 0.0001444687812343828
243 0.00017569925974512742
244 0.00017961332420313866
245 0.00018741020114942526
246 0.00024989458982033007
247 0.000238177788060072
248 0.0002772266230175933
249 0.00029675592868410233
250 0.0002928399101240401
251 0.0003865567294546151
252 0.0003357891405879102
253 0.0004334161142134037
254 0.00048807823041799515
255 0.0005427637978032573
256 0.00046854502826906976
257 0.000605197409114785
258 0.0007145392362607946
259 0.0008472873114370684
260 0.0007887306483574699
261 0.0009097716981519147
262 0.0010932893241123788
263 0.0011050022118062257
264 0.0012807288153111216
265 0.0013119280457613144
266 0.001554019890463963
267 0.0017805238474923066
268 0.0018117015964888839
269 0.002081158672645149
270 0.0023115454538834537
271 0.0024911685368810273
272 0.002971375702834189
273 0.003076844446966014
274 0.0034438621236901703
275 0.0035648816744440707
276 0.0038577587105715514
277 0.004607426829617474
278 0.004732317485834272
279 0.004935424947752747
280 0.005560208313938854
281 0.005938919308007203
282 0.006384106897834388
283 0.0068251812747074795
284 0.006860421476876905
285 0.007543650159391096
286 0.008324640541170925
287 0.008621425806805751
288 0.00890648059977553
289 0.009339863462980595
290 0.009816242474653474
291 0.01038650818364961
292 0.010714332519500208
293 0.010644139127931362
294 0.010964322754840536
295 0.011346926388589107
296 0.011124490764632565
297 0.010800336400370316
298 0.01126889509564086
299 0.010374721045907875
300 0.011237736887667724
301 0.010695008197280453
302 0.009824158426816046
303 0.010187306954138343
304 0.009960925996175913
305 0.009265861374144115
306 0.008781755815629448
307 0.008117898271732447
308 0.007891454858679214
309 0.007290185192739729
310 0.00660684125527579
311 0.005954780627449144
312 0.0058766790082997004
313 0.004994161222211239
314 0.004974659264216616
315 0.004443620094341582
316 0.0037095300846384095
317 0.0036587957194333517
318 0.003287871767309767
319 0.002823186155053413
320 0.0026318111042623674
321 0.002135975059410783
322 0.0020890844011890813
323 0.0017415882645250224
324 0.001565863603397559
325 0.0014838460184429705
326 0.0012651936297984306
327 0.001198816650307696
328 0.0009332423807744655
329 0.0008512560262935016
330 0.0006989591220083383
331 0.0007185177216333485
332 0.0006013692665649847
333 0.0005037129950718065
334 0.0005115450341479892
335 0.0004139239169663398
336 0.0004022110116884982
337 0.0003358145204800005
338 0.00021866020114942537
339 0.00030460553123830584
340 0.00020697466308352132
341 0.00018353129295900104
342 0.00022650785741701226
343 0.00013668166503272386
344 0.00011715627343262593
345 9.762111913477489e-05
346 0.0001288769853530442
347 9.764064062403026e-05
348 8.98242402353628e-05
349 0.00012106447558155151
350 0.00014057619627686158
351 8.200978222412818e-05
352 7.419728222412816e-05
353 3.513868065967016e-05
354 8.200978222412816e-05
355 8.200587206396802e-05
356 6.248047851074462e-05
357 5.8574234373053705e-05
358 3.515235156445801e-05
