0 3.904297851074463e-06
1 3.904297851074463e-06
2 0.0
3 0.0
4 0.0
5 3.904297851074463e-06
6 0.0
7 3.904297851074463e-06
8 3.904297851074463e-06
9 3.904297851074463e-06
10 0.0
11 0.0
12 3.904297851074463e-06
13 0.0
14 3.904297851074463e-06
15 3.904297851074463e-06
16 1.1712893553223388e-05
17 7.808595702148925e-06
18 7.808595702148925e-06
19 1.952148925537231e-05
20 3.904297851074463e-06
21 1.952148925537231e-05
22 1.1712893553223388e-05
23 1.561719140429785e-05
24 1.1712893553223388e-05
25 2.3425787106446772e-05
26 2.7330084957521233e-05
27 1.561719140429785e-05
28 7.418165917041477e-05
29 7.027736131934031e-05
30 8.589455272363815e-05
31 8.19902548725637e-05
32 0.00014055472263868065
33 0.00013274612693653173
34 0.0001366504247876062
35 0.00017569340329835086
36 0.00025377936031984025
37 0.00024206646676661688
38 0.00028110944527736157
39 0.00046070714642678723
40 0.0004763243378310849
41 0.0005075587206396805
42 0.0006403048475762121
43 0.0007535294852573716
44 0.000827711144427786
45 0.0008745627186406795
46 0.0011205334832583705
47 0.0012337581209395307
48 0.0015070589705147427
49 0.0014680159920039983
50 0.0015656234382808594
51 0.001905297351324338
52 0.0020029047976011993
53 0.002166885307346327
54 0.0022840142428785597
55 0.0024597076461769117
56 0.002693965517241379
57 0.002744721389305345
58 0.0029672663668165893
59 0.0030570652173913045
60 0.003041448025987007
61 0.003681752873563217
62 0.0035997626186906554
63 0.0037442216391804094
64 0.003670039980009995
65 0.0035763368315842076
66 0.004001905297351323
67 0.003779360319840081
68 0.0038340204897551232
69 0.003884776361819091
70 0.0036270927036481763
71 0.003744221639180411
72 0.003549006746626687
73 0.0035841454272863543
74 0.003330366066966517
75 0.0030297351324337827
76 0.0028774675162418772
77 0.002787668665667166
78 0.0027837643678160907
79 0.002807190154922537
80 0.0026158795602198893
81 0.0023386744127936025
82 0.002350387306346827
83 0.0018428285857071463
84 0.001846732883558221
85 0.0017217953523238384
86 0.0016046664167916039
87 0.0014914417791104452
88 0.0012610882058970512
89 0.0011751936531734122
90 0.0011205334832583705
91 0.0010541604197901048
92 0.0008706584207896053
93 0.0008120939530234883
94 0.0007730509745127436
95 0.0006012618690654676
96 0.0005426974012993508
97 0.0005348888055972017
98 0.000511463018490755
99 0.0005270802098950526
100 0.0004021426786606701
101 0.000367003998001
102 0.00038262118940529774
103 0.00028501374312843604
104 0.00028891804097951057
105 0.00029672663668165947
106 0.00017569340329835092
107 0.00020302348825587219
108 0.00020692778610694663
109 0.00017178910544727642
110 0.00018740629685157426
111 0.0001210332333833083
112 0.00010541604197901046
113 0.00015617191404297852
114 0.00013665042478760617
115 0.0001210332333833083
116 0.00012884182908545725
117 0.0001483633183408296
118 0.00012493753123438278
119 0.0001366504247876062
120 0.000101511744127936
121 9.760744627686154e-05
122 0.00014445902048975512
123 9.370314842578708e-05
124 0.00015617191404297852
125 0.00012884182908545725
126 0.0001639805097451275
127 0.00014445902048975515
128 0.000160076211894053
129 0.00021473638180909564
130 0.0002030234882558722
131 0.0002420664667666169
132 0.00021864067966017008
133 0.00020692778610694666
134 0.00023425787106446787
135 0.0002576836581709147
136 0.0003006309345327339
137 0.0003474825087456276
138 0.0003943340829585214
139 0.0005075587206396805
140 0.0005231759120439785
141 0.0005466016991504252
142 0.0006012618690654676
143 0.0007222951024487758
144 0.0007496251874062967
145 0.0010151174412793603
146 0.0010658733133433284
147 0.0012962268865567214
148 0.0013782171414292858
149 0.0017374125437281361
150 0.0019365317341329335
151 0.002202023988005997
152 0.0024167603698150904
153 0.0027369127936031972
154 0.0032288543228385807
155 0.0037988818090954547
156 0.004349387806096949
157 0.0048335207396301835
158 0.005505059970014989
159 0.006157077711144432
160 0.006918415792103951
161 0.007800787106446784
162 0.008675349825087457
163 0.009440592203898052
164 0.010225356071964013
165 0.011209239130434787
166 0.012251686656671682
167 0.013438593203398314
168 0.014750437281359339
169 0.015164292853573234
170 0.01643709395302351
171 0.017745033733133447
172 0.01878357696151925
173 0.01921304972513743
174 0.02027111444277861
175 0.02118862443778111
176 0.02170008745627186
177 0.022539511494252873
178 0.022820620939530228
179 0.02264492753623188
180 0.022894802598700654
181 0.022488755622188893
182 0.022082708645677164
183 0.022117847326336825
184 0.020969983758120935
185 0.0206849700149925
186 0.020005622188905562
187 0.018775768365817097
188 0.01795977011494253
189 0.01678067216391805
190 0.015515679660169934
191 0.01495736506746629
192 0.013036450524737645
193 0.012837331334332847
194 0.011291229385307347
195 0.010533795602198902
196 0.0094171664167916
197 0.008698775612193904
198 0.007789074212893565
199 0.007000406046976521
200 0.006125843328335835
201 0.005262993503248378
202 0.004923319590204897
203 0.004204928785607196
204 0.0037012743628185934
205 0.003310844577711145
206 0.002733008495752121
207 0.0027525299850074967
208 0.0022137368815592197
209 0.0018389242878560732
210 0.0016710394802598705
211 0.0014133558220889562
212 0.0014055472263868065
213 0.001183002248875562
214 0.0008901799100449767
215 0.0009331271864067962
216 0.0007340079960019985
217 0.0006246876561719143
218 0.0005778360819590206
219 0.0006090704647676165
220 0.00041385557221389354
221 0.00038262118940529785
222 0.0003748125937031489
223 0.0003084395302348829
224 0.00024206646676661685
225 0.0002811094452773616
226 0.00023816216891554238
227 0.00022644927536231903
228 0.00017569340329835092
229 0.00012884182908545725
230 0.00012884182908545725
231 0.00014445902048975515
232 0.00014445902048975515
233 0.00013274612693653173
234 0.00011322463768115938
235 0.00015617191404297857
236 0.00011322463768115938
237 0.00010932033983008492
238 0.0001210332333833083
239 0.00016007621189405302
240 9.370314842578708e-05
241 9.760744627686154e-05
242 0.00013665042478760617
243 0.0001210332333833083
244 0.00014055472263868065
245 0.00014055472263868068
246 0.00014055472263868065
247 0.00012884182908545725
248 0.0001210332333833083
249 0.00018350199900049984
250 0.00018350199900049987
251 0.00021473638180909558
252 0.00016788480759620197
253 0.00020302348825587216
254 0.0002733008495752126
255 0.0002889180409795104
256 0.00027720514742628715
257 0.0003279610194902553
258 0.00042556846576711696
259 0.0003513868065967019
260 0.00045680284857571276
261 0.0005036544227886061
262 0.0006051661669165415
263 0.0006168790604697652
264 0.0006754435282358821
265 0.0008042853573213394
266 0.0008003810594702645
267 0.0008472326336831584
268 0.0009643615692153922
269 0.001124437781109445
270 0.0011947151424287854
271 0.001206428035982009
272 0.0014133558220889547
273 0.0015617191404297848
274 0.0015109632683658171
275 0.0018584457771114434
276 0.0019677661169415295
277 0.0021122251374312844
278 0.0023503873063468253
279 0.002326961519240379
280 0.0025885494752623662
281 0.00287746751624188
282 0.0028930847076461754
283 0.0032835144927536226
284 0.0031663855572213895
285 0.003420164917541229
286 0.0035372938530734616
287 0.0036192841079460258
288 0.0038535419790104958
289 0.0037793603198400805
290 0.0038418290854572734
291 0.0037012743628185934
292 0.0038301161919040497
293 0.003888680659670165
294 0.003744221639180411
295 0.0035177723638180913
296 0.003736413043478261
297 0.0037129872563718136
298 0.0034396864067966016
299 0.003365504747626187
300 0.0032054285357321325
301 0.0031976199400299823
302 0.0029594577711144414
303 0.0025807408795602204
304 0.002440186156921538
305 0.0023816216891554215
306 0.0022566841579210405
307 0.0020614692653673156
308 0.001799881309345327
309 0.0013743128435782103
310 0.0014953460769615195
311 0.0013313655672163914
312 0.0011205334832583712
313 0.0010385432283858069
314 0.0009097013993003496
315 0.0007964767616191899
316 0.0006832521239380309
317 0.0006285919540229887
318 0.0004802286356821596
319 0.0004841329335332339
320 0.0004411856571714146
321 0.00033186531734132974
322 0.0003201524237881062
323 0.0002498750624687657
324 0.00019131059470264882
325 0.00012884182908545722
326 0.00010541604197901046
327 0.00011712893553223384
328 9.370314842578708e-05
329 7.027736131934031e-05
330 7.418165917041477e-05
331 5.0755872063968e-05
332 2.3425787106446772e-05
333 3.904297851074462e-05
334 1.1712893553223388e-05
335 1.1712893553223388e-05
336 1.561719140429785e-05
337 2.3425787106446772e-05
338 1.561719140429785e-05
339 1.1712893553223388e-05
340 1.1712893553223388e-05
341 3.904297851074463e-06
342 7.808595702148925e-06
343 7.808595702148925e-06
344 1.1712893553223388e-05
345 0.0
346 7.808595702148925e-06
347 0.0
348 0.0
349 0.0
350 0.0
351 7.808595702148925e-06
352 3.904297851074463e-06
353 3.904297851074463e-06
354 3.904297851074463e-06
355 0.0
356 0.0
357 0.0
358 0.0
