0 0.0
1 0.0
2 0.0
3 0.0
4 0.0
5 0.0
6 0.0
7 0.0
8 3.904297851074463e-06
9 0.0
10 0.0
11 0.0
12 0.0
13 0.0
14 0.0
15 0.0
16 7.808595702148925e-06
17 7.808595702148925e-06
18 3.904297851074463e-06
19 3.904297851074463e-06
20 3.904297851074463e-06
21 1.561719140429785e-05
22 1.561719140429785e-05
23 1.952148925537231e-05
24 1.952148925537231e-05
25 1.1712893553223388e-05
26 1.561719140429785e-05
27 1.952148925537231e-05
28 1.1712893553223388e-05
29 2.7330084957521233e-05
30 5.466016991504246e-05
31 3.9042978510744616e-05
32 6.637306346826585e-05
33 8.979885057471262e-05
34 9.760744627686154e-05
35 8.19902548725637e-05
36 0.00016788480759620194
37 0.00019131059470264882
38 0.00015226761619190407
39 0.00023425787106446793
40 0.00028501374312843604
41 0.0003162481259370318
42 0.00043337706146926586
43 0.0005036544227886061
44 0.00044118565717141486
45 0.0005426974012993505
46 0.0006793478260869566
47 0.0007105822088955524
48 0.0009643615692153925
49 0.0009760744627686158
50 0.0010151174412793601
51 0.0011986194402798605
52 0.0013157483758120942
53 0.0013782171414292853
54 0.0015343890554722643
55 0.0016788480759620194
56 0.0018974887556221895
57 0.001959957521239381
58 0.0019833833083458276
59 0.0021668853073463245
60 0.002416760369815092
61 0.0023581959020489746
62 0.0023425787106446765
63 0.0024831334332833578
64 0.0023894302848575717
65 0.002572932283858071
66 0.0027915729635182396
67 0.0024870377311344313
68 0.002533889305347327
69 0.002557315092453772
70 0.0027642428785607178
71 0.00240504747626187
72 0.0026471139430284834
73 0.0023660044977511256
74 0.0023152486256871555
75 0.0022488755622188895
76 0.0021981196901549225
77 0.0021668853073463275
78 0.001928723138430785
79 0.001795977011494254
80 0.0018311156921539235
81 0.001550006246876562
82 0.0014758245877061471
83 0.0013977386306846579
84 0.0013977386306846583
85 0.0012767053973013493
86 0.0010775862068965515
87 0.0011049162918540724
88 0.0009097013993003501
89 0.0009409357821089453
90 0.0007964767616191904
91 0.0007964767616191901
92 0.0006520177411294351
93 0.0006246876561719141
94 0.0006051661669165419
95 0.0005505059970014993
96 0.00046461144427786144
97 0.0004060469765117446
98 0.00042556846576711696
99 0.0003396739130434787
100 0.0003240567216391807
101 0.0002733008495752125
102 0.0002576836581709147
103 0.0002225449775112445
104 0.0002303535732133935
105 0.00019131059470264882
106 0.000160076211894053
107 0.000167884807596202
108 0.00016398050974512752
109 0.00015617191404297857
110 0.00012493753123438278
111 0.0001366504247876062
112 0.00011322463768115938
113 0.00011322463768115938
114 0.00011322463768115938
115 0.00011322463768115938
116 0.00012884182908545725
117 8.979885057471262e-05
118 8.979885057471262e-05
119 0.00011322463768115938
120 0.00010541604197901046
121 8.19902548725637e-05
122 8.589455272363815e-05
123 0.00014445902048975512
124 0.00014055472263868065
125 7.808595702148923e-05
126 0.00016007621189405302
127 0.0001210332333833083
128 0.0001639805097451275
129 0.0001952148925537232
130 0.00015617191404297855
131 0.0001717891054472764
132 0.00023035357321339348
133 0.0002576836581709147
134 0.00024206646676661688
135 0.0002850137431284361
136 0.00031234382808595736
137 0.0003630997001499254
138 0.00039042978510744675
139 0.0004450899550224892
140 0.00040995127436281906
141 0.000648113443278361
142 0.000675443528235882
143 0.0007886681659170415
144 0.0008862756121939032
145 0.0010463518240879557
146 0.0012845139930034982
147 0.0014133558220889558
148 0.001663230884557721
149 0.0018233070964517753
150 0.0022410669665167402
151 0.002401143178410793
152 0.002729104197901048
153 0.0031624812593703164
154 0.0036778485757121442
155 0.004384526486756617
156 0.0047085832083957994
157 0.0051341516741629165
158 0.005926724137931033
159 0.006660732133933038
160 0.007804691404297857
161 0.008484039230384812
162 0.00978026611694153
163 0.010299537731134433
164 0.01177145802098951
165 0.012923225887056492
166 0.013981290604697667
167 0.014996408045977037
168 0.0163004435282359
169 0.01728432658670666
170 0.018705491004497754
171 0.019849450274862564
172 0.02074353448275863
173 0.02182502498750625
174 0.02246923413293354
175 0.023624906296851572
176 0.02427301974012995
177 0.02468297101449276
178 0.02497969765117442
179 0.024952367566216896
180 0.024772769865067473
181 0.025163199650174904
182 0.024858664417791103
183 0.024640023738130918
184 0.02363271489255371
185 0.023605384807596205
186 0.021754747626186906
187 0.02093484507746127
188 0.019662043978011
189 0.019197432533733138
190 0.016917322588705666
191 0.016214548975512263
192 0.015183814342828613
193 0.013899300349825108
194 0.01298959895052476
195 0.011994002998500765
196 0.010248781859070459
197 0.009596764117941022
198 0.008417666166916546
199 0.007472826086956531
200 0.0070355447276361895
201 0.005907202648675662
202 0.005274706396801598
203 0.004802286356821588
204 0.0040643740629685175
205 0.003490442278860572
206 0.0030922038980509725
207 0.002744721389305347
208 0.002377717391304345
209 0.0022098325837081466
210 0.0018272113943028486
211 0.0014875374812593704
212 0.001370408545727136
213 0.0012532796101949026
214 0.001022926036981509
215 0.0009916916541729136
216 0.0008472326336831583
217 0.0007027736131934033
218 0.0006364005497251377
219 0.000484132933533234
220 0.0004607071464267871
221 0.00039042978510744675
222 0.00038262118940529785
223 0.000359195402298851
224 0.00029672663668165947
225 0.00027330084957521256
226 0.0001874062968515743
227 0.0002576836581709147
228 0.0001678848075962019
229 0.0001327461269365317
230 0.00016398050974512752
231 0.00014055472263868068
232 0.00012884182908545725
233 0.00011322463768115938
234 0.00014836331834082962
235 0.00013665042478760615
236 0.00013274612693653173
237 0.00010932033983008492
238 0.00013274612693653173
239 9.760744627686154e-05
240 8.19902548725637e-05
241 8.19902548725637e-05
242 0.000101511744127936
243 0.00011322463768115938
244 0.00010541604197901046
245 0.00012884182908545725
246 0.00011712893553223386
247 0.00011712893553223384
248 0.00012493753123438278
249 0.00012884182908545725
250 0.00017178910544727644
251 0.00016007621189405302
252 0.0001756934032983509
253 0.00023425787106446787
254 0.00020302348825587213
255 0.00021864067966017006
256 0.000285013743128436
257 0.0002537793603198403
258 0.00026939655172413814
259 0.0003123438280859574
260 0.0003826211894052977
261 0.0003982383808095955
262 0.00034748250874562747
263 0.0005270802098950527
264 0.0005192716141929039
265 0.0005348888055972019
266 0.0006442091454272866
267 0.0007496251874062967
268 0.0007027736131934036
269 0.0008979885057471262
270 0.000921414292853573
271 0.0010424475262368813
272 0.0010658733133433284
273 0.0011244377811094456
274 0.0012454710144927529
275 0.001386025737131435
276 0.001428973013493254
277 0.001526580459770115
278 0.0017217953523238378
279 0.001725699650174913
280 0.0019170102448775618
281 0.0020536606696651668
282 0.0020458520739630183
283 0.0022059282858570717
284 0.0022879185407296346
285 0.0022879185407296333
286 0.0026002623688155917
287 0.0025729322838580703
288 0.002783764367816092
289 0.002857946026986506
290 0.0027056784107946023
291 0.0027056784107946023
292 0.0024870377311344313
293 0.002436281859070465
294 0.0023113443278360815
295 0.0027095827086456767
296 0.002592453773113442
297 0.002451899050474762
298 0.0023816216891554233
299 0.0022410669665167415
300 0.002123938030984508
301 0.0020068090954522737
302 0.0017178910544727638
303 0.0018857758620689665
304 0.001690560969515243
305 0.001550006246876562
306 0.001577336331834082
307 0.0014289730134932534
308 0.001155672163918041
309 0.0010541604197901048
310 0.0010541604197901052
311 0.0009370314842578706
312 0.0007847638680659674
313 0.000702773613193403
314 0.0006324962518740631
315 0.00048413293353323386
316 0.000374812593703149
317 0.0003474825087456276
318 0.00033186531734132974
319 0.0003045352323838083
320 0.00027720514742628715
321 0.00018350199900049981
322 0.00016788480759620194
323 0.0001366504247876062
324 9.760744627686154e-05
325 7.808595702148923e-05
326 6.637306346826585e-05
327 8.589455272363815e-05
328 5.856446776611693e-05
329 3.1234382808595694e-05
330 4.685157421289354e-05
331 1.952148925537231e-05
332 1.952148925537231e-05
333 1.561719140429785e-05
334 1.1712893553223388e-05
335 1.1712893553223388e-05
336 1.1712893553223388e-05
337 3.904297851074463e-06
338 1.1712893553223388e-05
339 3.904297851074463e-06
340 0.0
341 1.952148925537231e-05
342 0.0
343 3.904297851074463e-06
344 1.1712893553223388e-05
345 0.0
346 3.904297851074463e-06
347 3.904297851074463e-06
348 0.0
349 7.808595702148925e-06
350 3.904297851074463e-06
351 0.0
352 0.0
353 3.904297851074463e-06
354 0.0
355 0.0
356 3.904297851074463e-06
357 0.0
358 0.0
