0 0.0
1 0.0
2 3.904297851074463e-06
3 0.0
4 0.0
5 0.0
6 0.0
7 0.0
8 0.0
9 0.0
10 3.904297851074463e-06
11 0.0
12 7.808595702148925e-06
13 3.904297851074463e-06
14 0.0
15 7.808595702148925e-06
16 0.0
17 0.0
18 7.808595702148925e-06
19 3.904297851074463e-06
20 0.0
21 3.904297851074463e-06
22 1.1712893553223388e-05
23 7.808595702148925e-06
24 2.7330084957521233e-05
25 1.952148925537231e-05
26 1.1712893553223388e-05
27 2.7330084957521233e-05
28 2.7330084957521233e-05
29 4.294727636181908e-05
30 4.685157421289354e-05
31 5.466016991504246e-05
32 5.0755872063968e-05
33 5.0755872063968006e-05
34 9.370314842578708e-05
35 0.00010932033983008492
36 0.00020692778610694663
37 0.00015617191404297855
38 0.0001835019990004998
39 0.00022254497751124453
40 0.0003162481259370318
41 0.0004333770614692658
42 0.0004450899550224892
43 0.0005583145927036482
44 0.0005895489755122441
45 0.000749625187406297
46 0.0007535294852573712
47 0.0008511369315342325
48 0.0010112131434282857
49 0.0011010119940029982
50 0.001101011994002998
51 0.0012571839080459768
52 0.0014914417791104444
53 0.0017452211394302854
54 0.0017842641179410298
55 0.0018857758620689658
56 0.0020575649675162416
57 0.00217859820089955
58 0.0023113443278360802
59 0.0022996314342828587
60 0.002338674412793603
61 0.002518272113943028
62 0.0025768365817091434
63 0.002627592453773114
64 0.002818903048475762
65 0.002736912793603198
66 0.0027486256871564205
67 0.002682252623688155
68 0.0028774675162418785
69 0.002783764367816091
70 0.002752529985007496
71 0.00271348700649675
72 0.002748625687156419
73 0.0026666354322838585
74 0.00248313343328336
75 0.002463611944027985
76 0.002287918540729636
77 0.0020341391804097947
78 0.002135650924537732
79 0.0019638618190904547
80 0.00174912543728136
81 0.0016632308845577208
82 0.001573432033983008
83 0.0014797288855572218
84 0.0012767053973013489
85 0.0011361506746626687
86 0.0011908108445777112
87 0.001089299100449775
88 0.0009136056971514243
89 0.0009136056971514245
90 0.0008979885057471262
91 0.0007066779110444777
92 0.0006910607196401798
93 0.000612974762618691
94 0.0005036544227886062
95 0.0005270802098950528
96 0.00047242003998001066
97 0.0003787168915542233
98 0.00042556846576711685
99 0.000335769615192404
100 0.00036700399800099984
101 0.00029282233883058494
102 0.0003201524237881063
103 0.00023816216891554243
104 0.00021473638180909558
105 0.0001835019990004999
106 0.00018350199900049981
107 0.00019911919040479777
108 0.00019131059470264874
109 0.00016007621189405302
110 0.00019131059470264876
111 0.00014055472263868065
112 0.0001366504247876062
113 0.00010932033983008492
114 0.00014055472263868065
115 0.0001366504247876062
116 9.370314842578708e-05
117 8.589455272363815e-05
118 0.00015226761619190407
119 0.0001210332333833083
120 8.589455272363815e-05
121 0.00012493753123438278
122 0.00010541604197901046
123 0.00011322463768115938
124 0.00010541604197901046
125 0.0001444590204897551
126 0.00015617191404297852
127 0.0002186406796601701
128 0.00014836331834082962
129 0.00019521489255372318
130 0.00016788480759620197
131 0.00018350199900049987
132 0.0001835019990004998
133 0.0002693965517241381
134 0.0002811094452773614
135 0.00030843953023488283
136 0.00030843953023488294
137 0.0003006309345327339
138 0.0005387931034482763
139 0.0003904297851074468
140 0.0005153673163418295
141 0.000679347826086956
142 0.0006715392303848079
143 0.0008433283358320838
144 0.0008823713143428284
145 0.0009448400799600198
146 0.0011830022488755617
147 0.0014289730134932537
148 0.0015148675662168918
149 0.0018311156921539248
150 0.0021903110944527754
151 0.0021903110944527728
152 0.002772051474262868
153 0.003349887556221888
154 0.003697370064967518
155 0.004060469765117446
156 0.0049272238880559765
157 0.005305940779610194
158 0.006047757371314343
159 0.006688062218890558
160 0.007808595702148934
161 0.00871048850574713
162 0.009737318840579705
163 0.010428379560219888
164 0.011502061469265374
165 0.012556221889055488
166 0.013594765117441301
167 0.014609882558720665
168 0.015730416041979035
169 0.016995408545727148
170 0.018682065217391304
171 0.019310657171414305
172 0.020329678910544734
173 0.021481446776611682
174 0.021946058220889554
175 0.023015835832083963
176 0.023519490254872565
177 0.024214455272363822
178 0.024261306846576704
179 0.02435110569715143
180 0.02497969765117441
181 0.024569746376811596
182 0.02430034982508746
183 0.023429691404297848
184 0.023058783108445773
185 0.022484851324337835
186 0.021379935032483765
187 0.02089580209895052
188 0.019275518490754612
189 0.01848294602698651
190 0.01701102573713145
191 0.01604666416791607
192 0.014902704897551246
193 0.013934439030484785
194 0.01286856571714144
195 0.011884682658670672
196 0.01101011994002999
197 0.009311750374812595
198 0.00851136931534233
199 0.007679753873063474
200 0.00690279860069966
201 0.005942341329335337
202 0.005501155672163919
203 0.004895989505247375
204 0.004372813593203396
205 0.0034592078960519724
206 0.0033498875562218895
207 0.0027486256871564214
208 0.0022410669665167424
209 0.0021083208395802112
210 0.0018896801599200405
211 0.0016163793103448271
212 0.001526580459770115
213 0.0012649925037481265
214 0.0011049162918540722
215 0.0009565529735132428
216 0.0009409357821089454
217 0.0006793478260869563
218 0.0005739317841079462
219 0.00044508995502248933
220 0.0004958458270864573
221 0.00043728135932034033
222 0.00037090829585207437
223 0.00033967391304347863
224 0.0003279610194902551
225 0.00025377936031984025
226 0.0002225449775112445
227 0.0002733008495752126
228 0.00019131059470264876
229 0.00015617191404297855
230 0.00019911919040479774
231 0.00014445902048975512
232 0.0001327461269365317
233 0.00013274612693653173
234 0.00012884182908545725
235 0.00012884182908545725
236 0.00010932033983008492
237 0.00010541604197901046
238 8.979885057471262e-05
239 0.00012493753123438278
240 8.19902548725637e-05
241 9.370314842578708e-05
242 0.00014055472263868068
243 0.00011322463768115938
244 0.00013274612693653173
245 0.00010541604197901046
246 0.00010932033983008492
247 0.00014836331834082957
248 0.00015617191404297855
249 0.0001717891054472764
250 0.00019131059470264876
251 0.0001366504247876062
252 0.00020302348825587216
253 0.00023035357321339345
254 0.00016788480759620197
255 0.0002537793603198403
256 0.00026549225387306367
257 0.0003006309345327339
258 0.0002654922538730636
259 0.00032015242378810626
260 0.0003123438280859573
261 0.0003709082958520744
262 0.00043337706146926586
263 0.0005505059970014995
264 0.0005192716141929035
265 0.0005466016991504252
266 0.0006442091454272865
267 0.0006442091454272862
268 0.000773050974512744
269 0.0008706584207896053
270 0.0009018928035982006
271 0.0010268303348325838
272 0.0009448400799600196
273 0.0011400549725137424
274 0.0012532796101949026
275 0.0012884182908545732
276 0.0015617191404297844
277 0.0015500062468765616
278 0.001659326586706647
279 0.0018467328835582205
280 0.0018623500749625176
281 0.002041947776111944
282 0.0022840142428785597
283 0.0022605884557721145
284 0.002479229135432283
285 0.002553410794602698
286 0.0025182721139430275
287 0.0028306159420289838
288 0.002541697901049475
289 0.0027525299850074945
290 0.0027759557721139423
291 0.0028071901549225377
292 0.0027681471764117926
293 0.0026432096451774116
294 0.002768147176411793
295 0.0027642428785607178
296 0.0025377936031984014
297 0.002643209645177408
298 0.0026354010494752623
299 0.0024597076461769112
300 0.002147363818090953
301 0.0021903110944527728
302 0.0021864067966016975
303 0.0019443403298350834
304 0.0018506371814092956
305 0.0016905609695152429
306 0.0015617191404297848
307 0.0015539105447276349
308 0.0013665042478760618
309 0.0012649925037481256
310 0.0009682658670664671
311 0.0009370314842578712
312 0.0007418165917041483
313 0.0007769552723638185
314 0.0006559220389805101
315 0.0006481134432783611
316 0.00046070714642678707
317 0.00042556846576711685
318 0.00031624812593703173
319 0.00023816216891554246
320 0.0002733008495752126
321 0.00017569340329835092
322 0.00019521489255372324
323 0.00015226761619190407
324 0.0001327461269365317
325 0.00011322463768115938
326 8.979885057471262e-05
327 6.637306346826585e-05
328 8.589455272363815e-05
329 4.685157421289354e-05
330 2.3425787106446772e-05
331 3.9042978510744616e-05
332 3.1234382808595694e-05
333 1.952148925537231e-05
334 7.808595702148925e-06
335 1.561719140429785e-05
336 7.808595702148925e-06
337 0.0
338 7.808595702148925e-06
339 0.0
340 7.808595702148925e-06
341 0.0
342 0.0
343 0.0
344 3.904297851074463e-06
345 7.808595702148925e-06
346 0.0
347 0.0
348 3.904297851074463e-06
349 0.0
350 0.0
351 0.0
352 0.0
353 0.0
354 0.0
355 0.0
356 0.0
357 0.0
358 0.0
