0 0.0
1 0.0
2 0.0
3 0.0
4 0.0
5 0.0
6 0.0
7 0.0
8 0.0
9 3.904297851074463e-06
10 0.0
11 7.808595702148925e-06
12 3.904297851074463e-06
13 0.0
14 0.0
15 3.904297851074463e-06
16 3.904297851074463e-06
17 3.904297851074463e-06
18 3.904297851074463e-06
19 0.0
20 7.808595702148925e-06
21 1.561719140429785e-05
22 2.7330084957521233e-05
23 1.561719140429785e-05
24 2.3425787106446772e-05
25 2.7330084957521233e-05
26 3.1234382808595694e-05
27 2.7330084957521233e-05
28 2.7330084957521233e-05
29 3.5138680659670155e-05
30 5.856446776611693e-05
31 5.466016991504247e-05
32 0.00012493753123438278
33 0.00012493753123438278
34 0.00011712893553223384
35 0.00010541604197901046
36 0.0001444590204897551
37 0.00019131059470264882
38 0.0002225449775112445
39 0.00024987506246876577
40 0.00039042978510744675
41 0.0004372813593203405
42 0.0004958458270864574
43 0.0005895489755122443
44 0.0005973575712143932
45 0.0008628498250874566
46 0.0008238068465767118
47 0.0010229260369815096
48 0.0011556721639180416
49 0.0012376624187906042
50 0.0013547913543228382
51 0.0014484945027486253
52 0.0017803598200899554
53 0.0017100824587706156
54 0.002104416541729135
55 0.0021044165417291355
56 0.0021551724137931034
57 0.002182502498750623
58 0.002494846326836582
59 0.0024909420289855066
60 0.0028228073463268354
61 0.002951649175412293
62 0.0028501374312843563
63 0.002943840579710144
64 0.0030102136431784106
65 0.0031546726636681654
66 0.002990692153923035
67 0.0031156296851574212
68 0.003107821089455274
69 0.0031624812593703147
70 0.003064873813093451
71 0.0028930847076461745
72 0.0030258308345827083
73 0.002869658920539729
74 0.0026041666666666657
75 0.002775955772113942
76 0.002561219390304847
77 0.0025768365817091443
78 0.0024948463268365806
79 0.002287918540729635
80 0.002022426286856572
81 0.001870158670664668
82 0.0018233070964517734
83 0.0017335082458770615
84 0.0013782171414292855
85 0.0013586956521739128
86 0.0013352698650674663
87 0.0012688968015992013
88 0.0010229260369815096
89 0.0009838830584707645
90 0.0007808595702148924
91 0.0007808595702148924
92 0.0007418165917041476
93 0.0006051661669165421
94 0.000667634932533733
95 0.000597357571214393
96 0.0004997501249375319
97 0.0004528985507246382
98 0.0004646114442778616
99 0.0004060469765117445
100 0.0003748125937031488
101 0.00032015242378810615
102 0.00026549225387306367
103 0.00030843953023488283
104 0.00020692778610694655
105 0.0002147363818090956
106 0.00021864067966017
107 0.0002030234882558722
108 0.00015226761619190404
109 0.00016398050974512747
110 0.00021083208395802114
111 0.0001327461269365317
112 0.00015617191404297855
113 0.00012493753123438278
114 0.000101511744127936
115 0.00011322463768115938
116 0.00014836331834082962
117 0.0001210332333833083
118 0.00011712893553223384
119 0.00011712893553223384
120 0.00012493753123438278
121 9.370314842578708e-05
122 0.0001522676161919041
123 8.589455272363815e-05
124 0.00010541604197901046
125 0.0001366504247876062
126 0.00014055472263868065
127 0.0001210332333833083
128 0.00012884182908545725
129 0.00011712893553223384
130 0.00020302348825587216
131 0.00020692778610694671
132 0.0001913105947026487
133 0.0002576836581709148
134 0.00023035357321339348
135 0.0003045352323838083
136 0.00029672663668165947
137 0.0003396739130434787
138 0.0004060469765117446
139 0.0004958458270864574
140 0.0005231759120439783
141 0.000667634932533733
142 0.000554410294852574
143 0.0007418165917041473
144 0.0009799787606196897
145 0.001046351824087956
146 0.001155672163918041
147 0.0013782171414292858
148 0.0015695277361319339
149 0.0017881684157921038
150 0.0022332583708145927
151 0.002369908795602198
152 0.002666635432283857
153 0.0030726824087956017
154 0.0036114755122438782
155 0.004189311594202898
156 0.004579741379310341
157 0.005099012993503249
158 0.006082896051974014
159 0.006305441029485263
160 0.007402548725637185
161 0.008183408295852077
162 0.009026736631684153
163 0.009881777861069472
164 0.01117019615192404
165 0.012321964017991021
166 0.013360507246376831
167 0.01412184532733636
168 0.015952961019490276
169 0.01694074837581211
170 0.01785435407296352
171 0.01868596951524239
172 0.02037653048475762
173 0.021040261119440278
174 0.021622001499250375
175 0.022699587706146933
176 0.02317591204397801
177 0.02351949025487257
178 0.024573650674662672
179 0.023866972763618193
180 0.02456584207896052
181 0.02408170914542728
182 0.02341016991504248
183 0.02259026736631685
184 0.02265664042978511
185 0.02208661294352824
186 0.020903610694652665
187 0.0205170852073963
188 0.018713299600199913
189 0.017659139180409806
190 0.01687437531234385
191 0.015828023488255894
192 0.014367816091954049
193 0.01304816341829087
194 0.012212643678160929
195 0.011314655172413802
196 0.010397145177411296
197 0.008890086206896552
198 0.008163886806596708
199 0.00734007996002
200 0.00627811094452774
201 0.0056963705647176425
202 0.005368409545227389
203 0.0045055597201399305
204 0.0040058095952024
205 0.003443590704647677
206 0.0032249500249875063
207 0.0026588268365817093
208 0.0024909420289855066
209 0.001924818840579711
210 0.0016319965017491265
211 0.0015617191404297852
212 0.0013235569715142424
213 0.001183002248875562
214 0.0010463518240879555
215 0.0008277111444277862
216 0.0007144865067466265
217 0.0006364005497251376
218 0.0006364005497251372
219 0.0005426974012993508
220 0.0004919415292353827
221 0.0003982383808095955
222 0.0003787168915542233
223 0.0002772051474262871
224 0.00027720514742628715
225 0.00026549225387306367
226 0.0002733008495752126
227 0.00023425787106446795
228 0.00017178910544727644
229 0.00015617191404297852
230 0.00016788480759620197
231 0.0001991191904047977
232 0.000160076211894053
233 0.0001483633183408296
234 0.00014445902048975512
235 0.00011712893553223384
236 0.000101511744127936
237 8.19902548725637e-05
238 0.000101511744127936
239 0.00014055472263868065
240 0.00011322463768115938
241 0.00012493753123438278
242 8.19902548725637e-05
243 8.19902548725637e-05
244 0.00012884182908545725
245 0.00017959770114942537
246 0.0001522676161919041
247 0.00015617191404297855
248 0.00016007621189405302
249 0.00015226761619190407
250 0.0001717891054472764
251 0.00017178910544727642
252 0.00018350199900049984
253 0.00022254497751124448
254 0.0002069277861069466
255 0.0002537793603198403
256 0.0002928223388305851
257 0.00029282233883058494
258 0.00028891804097951046
259 0.0003201524237881063
260 0.0003240567216391808
261 0.0004450899550224892
262 0.0004294727636181914
263 0.0004607071464267872
264 0.00045680284857571276
265 0.000605166166916542
266 0.0006832521239380308
267 0.0006871564217891052
268 0.0008394240379810094
269 0.0009018928035982007
270 0.001007308845577211
271 0.0010151174412793603
272 0.0012415667166416797
273 0.0013508870564717637
274 0.0015461019490254873
275 0.0015421976511744131
276 0.001624187906046977
277 0.0017998813093453281
278 0.0020536606696651676
279 0.002069277861069466
280 0.002174693903048475
281 0.0022293540729635174
282 0.0025924537731134433
283 0.0023503873063468257
284 0.0027564342828585706
285 0.002850137431284356
286 0.002709582708645677
287 0.002975074962518739
288 0.002908701899050472
289 0.0032952273863068485
290 0.003060969515242378
291 0.003002405047476263
292 0.003029735132433783
293 0.0031390554722638664
294 0.0031000124937531235
295 0.0030336394302848554
296 0.002936031984007998
297 0.0027915729635182396
298 0.0028579460269865047
299 0.0026627311344327833
300 0.0025846451774112923
301 0.0022449712643678155
302 0.002319152923538231
303 0.002256684157921038
304 0.0021317466266866547
305 0.0016632308845577208
306 0.0016476136931534238
307 0.0014602073963018497
308 0.0013235569715142426
309 0.001405547226386806
310 0.0012649925037481256
311 0.0011049162918540729
312 0.0009175099950024991
313 0.0008550412293853075
314 0.0006129747626186908
315 0.0005739317841079462
316 0.0005426974012993503
317 0.000417759870064968
318 0.0004060469765117444
319 0.00035138680659670205
320 0.0002576836581709147
321 0.00020692778610694666
322 0.00021083208395802116
323 0.0001756934032983509
324 0.00016007621189405297
325 9.760744627686154e-05
326 8.589455272363815e-05
327 7.418165917041477e-05
328 7.027736131934031e-05
329 3.1234382808595694e-05
330 2.7330084957521233e-05
331 4.294727636181908e-05
332 1.952148925537231e-05
333 1.1712893553223388e-05
334 1.561719140429785e-05
335 1.952148925537231e-05
336 1.561719140429785e-05
337 1.561719140429785e-05
338 3.904297851074463e-06
339 0.0
340 3.904297851074463e-06
341 0.0
342 0.0
343 0.0
344 3.904297851074463e-06
345 7.808595702148925e-06
346 7.808595702148925e-06
347 0.0
348 0.0
349 0.0
350 0.0
351 0.0
352 0.0
353 0.0
354 0.0
355 0.0
356 0.0
357 0.0
358 0.0
