0 0.0009655306997703481
1 0.000902927003043705
2 0.0009303020734284821
3 0.0008364697325967362
4 0.0008404111936842519
5 0.0009106552061424203
6 0.0009342533012998821
7 0.001000716210151877
8 0.0008560049731294284
9 0.0007856612723911184
10 0.0008676687985173004
11 0.0009107844139640296
12 0.0008990128071883927
13 0.000906880163025997
14 0.00085997590875721
15 0.0008091202557891793
16 0.0008716573582257189
17 0.0008755597232672292
18 0.0009693606574858832
19 0.0008442882597158397
20 0.0009107296558466454
21 0.0009107276923299052
22 0.000945940601122835
23 0.0009615519556911283
24 0.001059214260371751
25 0.0010007536068959877
26 0.0010241087541921733
27 0.0010084386606041302
28 0.0009458935260628508
29 0.0008871843803122148
30 0.0010475070662059487
31 0.0010633239999270874
32 0.0010630811025996733
33 0.0012312321194521143
34 0.0011335837212934346
35 0.001192091345306492
36 0.0011374332415489089
37 0.0012742848897304697
38 0.0012390758869998504
39 0.0013289117106634247
40 0.001356339487072359
41 0.0014891677135318378
42 0.0013797320091832104
43 0.001567447387701475
44 0.001669025628439961
45 0.0015556542661686707
46 0.0015557953460111815
47 0.0016612287122545833
48 0.0017237149648014372
49 0.0017509527871613533
50 0.0019073750247441514
51 0.0016728162824169712
52 0.0018057558186876427
53 0.0019502089142359345
54 0.0019933595386599093
55 0.0019621409022865808
56 0.0020559554250024407
57 0.0020089142066936024
58 0.0021106195406050982
59 0.0020989849285760914
60 0.0025093173217356156
61 0.0020207423666149882
62 0.002133982735139018
63 0.0022512522135048505
64 0.0021106585868530185
65 0.002075339981935639
66 0.0021105135753250537
67 0.002075457186633948
68 0.002110554647201144
69 0.0022551704526944764
70 0.002110537236667051
71 0.0020713728392224677
72 0.002067439265067617
73 0.001969734025441916
74 0.0019581112105619093
75 0.0018056463043055766
76 0.0019774800267868806
77 0.0018682361480307377
78 0.001778167380244241
79 0.0018681051094505366
80 0.0017273859851984694
81 0.001793761248009457
82 0.0019502165654922336
83 0.0017900251792768178
84 0.0016101869663018703
85 0.0017900368823756138
86 0.0018095014889928712
87 0.0015867004981635526
88 0.0015280108465234666
89 0.0016101674235582755
90 0.0013443858879282817
91 0.0016649155125346552
92 0.00159059685824541
93 0.0016727516048812153
94 0.0014772553214742025
95 0.0016219212435502589
96 0.001555327289958156
97 0.0015514738732378126
98 0.0015554213496662731
99 0.0015828119607530192
100 0.0015163176095980568
101 0.0015046831255329817
102 0.001590555831953459
103 0.0015513896077304936
104 0.001547581262786624
105 0.0016570757218919928
106 0.001543671059463874
107 0.0014733058673676682
108 0.0018641655535343877
109 0.0017156225672889753
110 0.0016882474123663365
111 0.0017233528874462552
112 0.0018719878652753324
113 0.0018992925289655449
114 0.0017781694206751304
115 0.001985271218043404
116 0.0018797376456242893
117 0.002008587414888755
118 0.0019422652068896385
119 0.0021610191562682138
120 0.0022821929751766913
121 0.002180636382539783
122 0.0020906948531542757
123 0.0021181248545114003
124 0.002411232372499733
125 0.002305710979594004
126 0.0024541582109008538
127 0.0023214611736109207
128 0.0025713203169419356
129 0.002403369307596388
130 0.00242679288724111
131 0.002684720845892277
132 0.00261049626888084
133 0.002766750106460636
134 0.002739553343336408
135 0.002891787406638882
136 0.002899756264037395
137 0.0028722072337343143
138 0.0028644416655810166
139 0.0031732096852341994
140 0.003348998690562903
141 0.003380303348853608
142 0.0035131433311576614
143 0.003356728726107896
144 0.0034584207105411123
145 0.003544430386445507
146 0.003766982861174
147 0.003821678377966345
148 0.003896155461225289
149 0.004122784308253721
150 0.0043063917702772115
151 0.0042751768498784475
152 0.004884595161447857
153 0.004564425406846735
154 0.0047008602255779325
155 0.004798706592338614
156 0.0052831791182237145
157 0.005095718440058525
158 0.005423757151595259
159 0.005572343535679903
160 0.0058067654924487495
161 0.005861415919579924
162 0.006013836020522451
163 0.006342236521161545
164 0.006744756459857982
165 0.006990621663781817
166 0.007319041832949882
167 0.007753011473864239
168 0.007553219517430301
169 0.007768217672715434
170 0.00786195782947501
171 0.008127970169161721
172 0.008217784615257474
173 0.008280186831633158
174 0.008838896124059628
175 0.008471807991357177
176 0.008917060027665928
177 0.008858487927411743
178 0.008733437158621996
179 0.00916335715512582
180 0.009026417746715311
181 0.00941336156666704
182 0.009292412087143525
183 0.009022528949903142
184 0.009378162015023
185 0.008702241810357404
186 0.008612335483675973
187 0.008975701133099189
188 0.00844027872746612
189 0.008682430956775454
190 0.00878810533492353
191 0.008167013410196216
192 0.008041723846068561
193 0.008010189909735194
194 0.007623743248501459
195 0.007592624196787508
196 0.007115584478330163
197 0.006912267660965832
198 0.0069045787245057425
199 0.006400492201423963
200 0.006658390756391237
201 0.0066467522910378905
202 0.0061427756738561285
203 0.005904226308856809
204 0.0055799917201117535
205 0.005638454451357242
206 0.005290718057920861
207 0.0051228606504777514
208 0.004896116329076238
209 0.004919639838733363
210 0.004837487324996872
211 0.004544365786543476
212 0.0042981840022924276
213 0.004403891619199786
214 0.00430620199285083
215 0.004016959599928543
216 0.004048328960930079
217 0.0039035472643233213
218 0.003790387100232106
219 0.0034541955242269997
220 0.0032745665901915614
221 0.0033526153097729284
222 0.0033878909600104515
223 0.0031261311917398045
224 0.0031455898710769704
225 0.0032783927321824685
226 0.002973611104206431
227 0.0030517557388760716
228 0.003055732483704905
229 0.0029384998868206623
230 0.0028329549581284402
231 0.0027274645719575865
232 0.0025243062993765913
233 0.0023876150244869342
234 0.002590689168796776
235 0.002379706579665828
236 0.002532161656586159
237 0.0025125601195327826
238 0.002524188980759131
239 0.0024266520979616263
240 0.002367948843613269
241 0.002344654010717076
242 0.0021805151281417755
243 0.0023054429677062927
244 0.002274126449890968
245 0.002035888215812005
246 0.0021413509405432316
247 0.001969483772970842
248 0.0021921694048433085
249 0.0020984663346514973
250 0.001856104727501175
251 0.002149202644133347
252 0.00212962042106533
253 0.001852227822343764
254 0.0018795227022027343
255 0.0019382650267731486
256 0.0019303801700539553
257 0.0020125131234983314
258 0.0018171183123223244
259 0.002012579769013512
260 0.001950161764473974
261 0.0018209817876180458
262 0.001922554050115515
263 0.001688075210437756
264 0.0019420499716677159
265 0.001692026571358959
266 0.0020046028868660423
267 0.002051613029809951
268 0.001989167552481116
269 0.00187558318741648
270 0.0018835541892470943
271 0.0019656286491334216
272 0.0019226479469669506
273 0.0019030131237757182
274 0.0019851206032871524
275 0.0019929312452792365
276 0.0019186985321793366
277 0.0019459798019893062
278 0.0019382161407978263
279 0.0020633043242571972
280 0.0021571052838308485
281 0.002125861112707191
282 0.0021219921261913656
283 0.0020673123995840472
284 0.002235284851376849
285 0.0022626796299043545
286 0.002266591643886102
287 0.0022431211992341585
288 0.0024113460949488036
289 0.0023213457166447924
290 0.0024112286661579583
291 0.002360255732061826
292 0.0023368650363754227
293 0.002399410169093508
294 0.0023994980798676866
295 0.0023449534000718458
296 0.0023721874183760096
297 0.002356445349120213
298 0.002493449895804069
299 0.002223791423460455
300 0.002176746032269692
301 0.0023331192247917918
302 0.0023566723421628516
303 0.0022394027545644527
304 0.0023331761625382677
305 0.0020713693957326246
306 0.002129875018530496
307 0.002067484556490975
308 0.002102676356769188
309 0.0018408281440849643
310 0.001844630748281104
311 0.001860318328663231
312 0.0018836894086246704
313 0.0016648961147100623
314 0.0018252499857789946
315 0.0017157754443151573
316 0.0018487208290134279
317 0.0016337147456690216
318 0.0015086717730871738
319 0.0014656890030377327
320 0.0014696247783529716
321 0.001410921373152636
322 0.0014383041836294947
323 0.0013327260373917587
324 0.001285798094463817
325 0.0013055114836714498
326 0.0012897649312367321
327 0.0011686303491188958
328 0.0012115852732878885
329 0.0011804507280266682
330 0.001121784552721759
331 0.0011373684246439625
332 0.0010553058363393347
333 0.0010553428250534421
334 0.0011529955101582134
335 0.0011255871394900167
336 0.0009614756301887549
337 0.0010436712931087145
338 0.0009693821896258916
339 0.0010318587780057834
340 0.0010319465867027844
341 0.001031893823982427
342 0.0009772024744898252
343 0.0009302961700923196
344 0.0009460486200568531
345 0.000902868240725255
346 0.0009379990010494024
347 0.0009381281698351781
348 0.0009653682740165136
349 0.000938094963928414
350 0.0009498587484104838
351 0.0008521321018056089
352 0.0009498470531033151
353 0.0009498626998747895
354 0.0008677628897875023
355 0.0009029034792563422
356 0.0008872137761860448
357 0.0009498723584327554
358 0.000988999506429958
