0 0.0
1 0.0
2 0.0
3 0.0
4 0.0
5 0.0
6 3.904297851074463e-06
7 0.0
8 0.0
9 3.904297851074463e-06
10 3.904297851074463e-06
11 0.0
12 0.0
13 0.0
14 3.904297851074463e-06
15 3.904297851074463e-06
16 7.808595702148925e-06
17 3.904297851074463e-06
18 0.0
19 1.1712893553223388e-05
20 3.904297851074463e-06
21 1.1712893553223388e-05
22 1.561719140429785e-05
23 1.561719140429785e-05
24 1.952148925537231e-05
25 1.1712893553223388e-05
26 3.5138680659670155e-05
27 4.685157421289354e-05
28 4.685157421289354e-05
29 7.027736131934031e-05
30 4.2947276361819084e-05
31 7.027736131934031e-05
32 8.19902548725637e-05
33 0.0001366504247876062
34 0.00014055472263868068
35 0.00018350199900049981
36 0.00022254497751124456
37 0.0002459707646176913
38 0.00023816216891554246
39 0.00046461144427786154
40 0.00041385557221389354
41 0.000519271614192904
42 0.0005309845077461272
43 0.0007222951024487755
44 0.0007808595702148925
45 0.0009487443778110942
46 0.00101511744127936
47 0.0010307346326836578
48 0.0012064280359820095
49 0.0015382933533233394
50 0.001655422288855573
51 0.0017959770114942528
52 0.001995096201899051
53 0.002030234882558722
54 0.002256684157921039
55 0.002565123688155921
56 0.00257293228385807
57 0.0027525299850074962
58 0.0030531609195402288
59 0.0031000124937531227
60 0.0032835144927536243
61 0.0032561844077961008
62 0.0034006434282858587
63 0.0035021551724137927
64 0.0035294852573713132
65 0.003732508745627185
66 0.003638805597201399
67 0.0034904422788605708
68 0.0037168915542228884
69 0.003513868065967018
70 0.0038066904047976014
71 0.0035568153423288355
72 0.003486537981009494
73 0.0032483758120939532
74 0.0032405672163918057
75 0.003092203898050976
76 0.0027212956021988996
77 0.0028891804097951027
78 0.0026158795602198898
79 0.002541697901049475
80 0.002405047476261869
81 0.0021473638180909546
82 0.0020653735632183918
83 0.0019131059470264878
84 0.0017296039480259866
85 0.001592953523238381
86 0.0013665042478760618
87 0.0013118440779610193
88 0.0012845139930034984
89 0.0011478635682158915
90 0.0011361506746626682
91 0.001022926036981509
92 0.0008589455272363816
93 0.0006676349325337334
94 0.0006910607196401799
95 0.0006090704647676164
96 0.0005661231884057973
97 0.0005895489755122438
98 0.000484132933533234
99 0.0005036544227886064
100 0.0003630997001499255
101 0.00028501374312843593
102 0.00030453523238380836
103 0.00035919540229885095
104 0.00026939655172413814
105 0.00024987506246876577
106 0.00019911919040479766
107 0.00016788480759620197
108 0.00015617191404297855
109 0.00019131059470264874
110 0.000167884807596202
111 0.00017569340329835095
112 0.00014055472263868065
113 0.00016007621189405302
114 0.0001483633183408296
115 0.00012884182908545725
116 0.00014055472263868065
117 0.0001210332333833083
118 0.00011712893553223384
119 8.979885057471263e-05
120 7.027736131934031e-05
121 0.00016007621189405297
122 0.00010932033983008492
123 0.00014055472263868068
124 0.00010541604197901046
125 0.00013665042478760617
126 0.00013665042478760617
127 0.00010541604197901046
128 0.0001991191904047977
129 0.0001522676161919041
130 0.00016398050974512747
131 0.00020302348825587219
132 0.00023035357321339345
133 0.0002459707646176913
134 0.00025377936031984025
135 0.00029282233883058505
136 0.0003474825087456274
137 0.00038262118940529785
138 0.0003982383808095956
139 0.00039823838080959575
140 0.0003904297851074466
141 0.0005309845077461274
142 0.0007222951024487752
143 0.0008667541229385306
144 0.0008979885057471263
145 0.0010424475262368813
146 0.001222045227386307
147 0.0012649925037481252
148 0.0015304847576211888
149 0.001764742628685657
150 0.00214345952023988
151 0.002350387306346825
152 0.002756434282858571
153 0.0028462331334332823
154 0.0033069402798600695
155 0.003966766616691654
156 0.004283014742628683
157 0.004864755122438777
158 0.00566123188405797
159 0.00635229260369815
160 0.006984788855572218
161 0.008093609445277367
162 0.00887056471764117
163 0.00968265867066467
164 0.010440092453773104
165 0.011638711894052982
166 0.012743628185907066
167 0.013508870564717662
168 0.014926130684657694
169 0.016077898550724657
170 0.01752639305347327
171 0.01806518615692155
172 0.019103729385307345
173 0.019556627936031988
174 0.020653735632183902
175 0.021364317841079467
176 0.02173522613693154
177 0.023074400299850077
178 0.022410669665167415
179 0.022453616941529225
180 0.02268397051474264
181 0.022586363068465762
182 0.022328679410294854
183 0.021622001499250372
184 0.02158295852073963
185 0.020388243378310845
186 0.019900206146926534
187 0.018420477261369316
188 0.018205740879560218
189 0.017077398800599716
190 0.016280922038980523
191 0.014890992003998023
192 0.013805597201399322
193 0.012513274612693663
194 0.011634807596201911
195 0.010853948025987001
196 0.009831021989005503
197 0.00872220139930035
198 0.007902298850574719
199 0.007180003748125943
200 0.0066529235382308885
201 0.005477729885057472
202 0.004892085207396302
203 0.004368909295352322
204 0.0038925849575212404
205 0.003377217641179413
206 0.0029477448775612207
207 0.002713487006496752
208 0.002131746626686656
209 0.0019365317341329344
210 0.0017842641179410307
211 0.0015421976511744123
212 0.0012649925037481256
213 0.0011088205897051466
214 0.0009721701649175408
215 0.0009214142928535731
216 0.000769146676661669
217 0.0007613380809595204
218 0.0005583145927036485
219 0.00047632433783108513
220 0.00046070714642678723
221 0.00037481259370314885
222 0.00033967391304347863
223 0.00034357821089455316
224 0.0002967266366816594
225 0.0002733008495752126
226 0.00023816216891554238
227 0.00021083208395802103
228 0.00020302348825587219
229 0.00017959770114942534
230 0.00017178910544727644
231 0.00014445902048975515
232 0.0001639805097451275
233 0.00014836331834082962
234 0.00014055472263868068
235 0.00010932033983008492
236 0.00011712893553223384
237 0.00010541604197901046
238 0.00011322463768115938
239 0.00014836331834082957
240 0.00014055472263868068
241 0.00012493753123438278
242 0.00016007621189405297
243 0.00012493753123438278
244 0.00013274612693653173
245 0.00011712893553223384
246 0.00013274612693653173
247 0.00012884182908545725
248 0.00017569340329835086
249 0.00015617191404297857
250 0.00015617191404297852
251 0.00011712893553223384
252 0.00017959770114942534
253 0.00021864067966017008
254 0.0002576836581709147
255 0.0003045352323838084
256 0.0002889180409795105
257 0.00029672663668165947
258 0.0003787168915542232
259 0.00036700399800099995
260 0.00044508995502248917
261 0.0004724200399800105
262 0.00046851574212893596
263 0.0006442091454272866
264 0.0005934532733633186
265 0.0006871564217891053
266 0.0007847638680659672
267 0.000835519740129935
268 0.0009760744627686153
269 0.0009643615692153922
270 0.0013001311844077956
271 0.001202523738130935
272 0.001210332333833084
273 0.0011947151424287856
274 0.0015500062468765626
275 0.0016437093953023494
276 0.001885775862068966
277 0.0020848950524737626
278 0.0022527798600699635
279 0.002463611944027985
280 0.0024479947526236875
281 0.002572932283858071
282 0.002772051474262867
283 0.0029828835582208914
284 0.003029735132433785
285 0.003174194152923538
286 0.0032054285357321338
287 0.0034865379810094955
288 0.0035880497251374317
289 0.003549006746626686
290 0.0034357821089455276
291 0.0034943465767116456
292 0.003990192403798102
293 0.003666135682158922
294 0.0034279735132433796
295 0.0032600887056471765
296 0.0034748250874562696
297 0.003154672663668164
298 0.003385026236881559
299 0.003299131684157921
300 0.0031663855572213887
301 0.002978979260369815
302 0.0028891804097951005
303 0.002627592453773113
304 0.0023972388805597188
305 0.0023035357321339314
306 0.002084895052473763
307 0.001948244627686157
308 0.0018506371814092956
309 0.0015109632683658173
310 0.0015461019490254876
311 0.0013352698650674658
312 0.001202523738130935
313 0.001030734632683658
314 0.0009916916541729138
315 0.0008472326336831583
316 0.0006637306346826587
317 0.0005895489755122442
318 0.0005114630184907548
319 0.00039433408295852117
320 0.0002967266366816595
321 0.0003045352323838084
322 0.0002733008495752126
323 0.0001991191904047977
324 0.00015226761619190407
325 0.00017569340329835086
326 8.589455272363815e-05
327 6.637306346826585e-05
328 0.000101511744127936
329 4.294727636181908e-05
330 6.637306346826585e-05
331 4.6851574212893545e-05
332 2.7330084957521233e-05
333 2.7330084957521233e-05
334 2.3425787106446772e-05
335 3.9042978510744616e-05
336 1.561719140429785e-05
337 1.561719140429785e-05
338 1.1712893553223388e-05
339 7.808595702148925e-06
340 1.1712893553223388e-05
341 0.0
342 0.0
343 1.561719140429785e-05
344 0.0
345 3.904297851074463e-06
346 3.904297851074463e-06
347 3.904297851074463e-06
348 3.904297851074463e-06
349 3.904297851074463e-06
350 0.0
351 3.904297851074463e-06
352 0.0
353 3.904297851074463e-06
354 3.904297851074463e-06
355 0.0
356 0.0
357 0.0
358 0.0
