0 0.0
1 0.0
2 0.0
3 0.0
4 0.0
5 7.808595702148925e-06
6 0.0
7 0.0
8 3.904297851074463e-06
9 7.808595702148925e-06
10 3.904297851074463e-06
11 7.808595702148925e-06
12 0.0
13 3.904297851074463e-06
14 0.0
15 7.808595702148925e-06
16 0.0
17 1.1712893553223388e-05
18 3.904297851074463e-06
19 1.561719140429785e-05
20 1.561719140429785e-05
21 2.3425787106446772e-05
22 7.808595702148925e-06
23 0.0
24 1.952148925537231e-05
25 2.7330084957521233e-05
26 5.466016991504246e-05
27 3.1234382808595694e-05
28 5.466016991504246e-05
29 7.418165917041477e-05
30 4.6851574212893545e-05
31 7.027736131934031e-05
32 0.00011712893553223384
33 0.00013274612693653173
34 0.0001327461269365317
35 0.00018740629685157432
36 0.00021083208395802116
37 0.0002459707646176913
38 0.0003123438280859574
39 0.000367003998001
40 0.000409951274362819
41 0.000491941529235383
42 0.0006559220389805098
43 0.0006988693153423288
44 0.0005973575712143928
45 0.0008940842078960519
46 0.0009214142928535732
47 0.001019021739130435
48 0.0011166291854072966
49 0.0013938343328335837
50 0.0014992503748125943
51 0.001565623438280859
52 0.001760838330834583
53 0.0021473638180909554
54 0.0021864067966016996
55 0.002162981009495251
56 0.0024909420289855044
57 0.0026549225387306327
58 0.0026197838580709638
59 0.002678348325837081
60 0.002943840579710144
61 0.003115629685157421
62 0.003244471514242879
63 0.0032327586206896543
64 0.003439686406796602
65 0.003545102448775612
66 0.0034201649175412264
67 0.003377217641179411
68 0.0036700399800099954
69 0.003439686406796602
70 0.0034513993003498253
71 0.0031585769615192407
72 0.003092203898050974
73 0.002963362068965517
74 0.0031312468765617185
75 0.0030024050474762604
76 0.0028891804097951027
77 0.0028579460269865043
78 0.0025260807096451764
79 0.0023738130934532723
80 0.002397238880559721
81 0.0020458520739630175
82 0.0021161294352823596
83 0.0020263305847076467
84 0.0017920727136431784
85 0.0016554222888555722
86 0.0014172601199400306
87 0.0011556721639180405
88 0.0012806096951524233
89 0.0010424475262368817
90 0.001003404547726137
91 0.0009097013993003493
92 0.0008433283358320837
93 0.0006754435282358821
94 0.000636400549725138
95 0.0006012618690654673
96 0.0005622188905547226
97 0.0004528985507246381
98 0.000468515742128936
99 0.00040604697651174453
100 0.00033576961519240405
101 0.000359195402298851
102 0.00038262118940529785
103 0.0002459707646176914
104 0.00023816216891554243
105 0.0002537793603198403
106 0.00021473638180909558
107 0.00020692778610694658
108 0.0001483633183408296
109 0.00016788480759620197
110 0.00018350199900049981
111 0.00012884182908545722
112 0.00012884182908545725
113 0.00014445902048975515
114 0.00011712893553223384
115 0.00014055472263868068
116 0.00011712893553223384
117 0.00013274612693653173
118 9.760744627686155e-05
119 0.00013274612693653173
120 9.370314842578708e-05
121 0.00011322463768115938
122 0.00010932033983008492
123 0.00011322463768115938
124 0.00016398050974512744
125 0.000101511744127936
126 0.00011322463768115938
127 0.00016007621189405302
128 0.00015226761619190407
129 0.00014445902048975515
130 0.00019521489255372324
131 0.00023425787106446795
132 0.0001874062968515743
133 0.0001913105947026487
134 0.00022644927536231903
135 0.00024597076461769124
136 0.00032796101949025526
137 0.000335769615192404
138 0.00037090829585207437
139 0.0005505059970014995
140 0.0004997501249375319
141 0.0005426974012993505
142 0.0007144865067466265
143 0.0007496251874062965
144 0.0009097013993003496
145 0.0009487443778110945
146 0.0010073088455772115
147 0.0013196526736631686
148 0.0016749437781109447
149 0.0016515179910044982
150 0.0019013930534732637
151 0.0022332583708145927
152 0.0025260807096451777
153 0.003174194152923537
154 0.0034435907046476764
155 0.004001905297351326
156 0.004146364317841079
157 0.005165386056971516
158 0.005579241629185406
159 0.006473325837081467
160 0.006891085707146435
161 0.007999906296851577
162 0.008749531484257873
163 0.009600668415792098
164 0.011021832833583212
165 0.011927629935032491
166 0.012970077461269386
167 0.013887587456271886
168 0.015250187406296875
169 0.016034951274362844
170 0.017780172413793104
171 0.01818621939030487
172 0.019295039980009997
173 0.02051318090954523
174 0.020848950524737626
175 0.02164152298850573
176 0.022851855322338823
177 0.02326571089455271
178 0.023246189405297355
179 0.023624906296851572
180 0.023386744127936034
181 0.023125156171914032
182 0.023047070214892544
183 0.0224145739630185
184 0.0216337143928036
185 0.02129013618190905
186 0.020021239380309846
187 0.019685469765117446
188 0.01849075462268866
189 0.01734679535232385
190 0.016046664167916058
191 0.015027642428785633
192 0.013938343328335852
193 0.012790479760119957
194 0.011662137681159424
195 0.010713393303348327
196 0.009741223138430786
197 0.008866660419790106
198 0.007976480509745134
199 0.006937937281359321
200 0.006250780859570218
201 0.005344983758120941
202 0.005048257121439281
203 0.004431378060969514
204 0.0038066904047976023
205 0.003502155172413793
206 0.0028735632183908046
207 0.002674444027986007
208 0.002205928285857071
209 0.0019755747126436784
210 0.0016983695652173904
211 0.0014758245877061473
212 0.0013743128435782107
213 0.0010932033983008494
214 0.0009838830584707643
215 0.0008745627186406796
216 0.0007613380809595206
217 0.000640304847576212
218 0.0005426974012993507
219 0.0005309845077461274
220 0.0005036544227886063
221 0.0003552911044477764
222 0.0003787168915542232
223 0.0003201524237881063
224 0.0003045352323838084
225 0.00023425787106446793
226 0.00021473638180909558
227 0.00017959770114942537
228 0.0001874062968515743
229 0.0001756934032983509
230 0.00016788480759620194
231 0.00012493753123438278
232 8.19902548725637e-05
233 0.00010541604197901046
234 0.00014836331834082962
235 8.589455272363815e-05
236 9.370314842578708e-05
237 0.0001327461269365317
238 0.00010541604197901046
239 9.760744627686154e-05
240 0.00015617191404297852
241 0.0001210332333833083
242 0.00019131059470264874
243 0.00012493753123438278
244 0.00011322463768115938
245 0.00012884182908545725
246 0.0001483633183408296
247 0.0001913105947026488
248 0.00013274612693653173
249 0.00012884182908545725
250 0.00020302348825587216
251 0.00016788480759620194
252 0.00016398050974512752
253 0.00021473638180909566
254 0.00025377936031984025
255 0.00023816216891554243
256 0.00034357821089455316
257 0.00029672663668165947
258 0.0003748125937031488
259 0.0003748125937031489
260 0.00038652548725637216
261 0.00044508995502248917
262 0.00047242003998001066
263 0.0005114630184907551
264 0.0005778360819590209
265 0.0006403048475762121
266 0.0006793478260869564
267 0.0008628498250874561
268 0.0009838830584707645
269 0.0010229260369815087
270 0.0011127248875562213
271 0.0011908108445777105
272 0.001374312843578211
273 0.0014953460769615186
274 0.0015968578210894561
275 0.0017608383308345815
276 0.0017686469265367313
277 0.001963861819090455
278 0.0021122251374312857
279 0.0023074400299850062
280 0.0024167603698150913
281 0.002783764367816092
282 0.0026978698150924513
283 0.0027408170914542717
284 0.003041448025987006
285 0.003170289855072463
286 0.003189811344327836
287 0.003396739130434782
288 0.0034006434282858582
289 0.0035060594702648667
290 0.00312343828085957
291 0.0035021551724137953
292 0.003369409045477261
293 0.0035216766616691674
294 0.003330366066966517
295 0.0033811219390304827
296 0.003306940279860069
297 0.003100012493753124
298 0.0030804910044977493
299 0.003029735132433783
300 0.0028735632183908033
301 0.002807190154922539
302 0.0026900612193903025
303 0.0025143678160919536
304 0.0023191529235382304
305 0.0022059282858570704
306 0.0019755747126436797
307 0.0018154985007496245
308 0.0018194027986006994
309 0.0015109632683658171
310 0.001413355822088956
311 0.0011244377811094456
312 0.0010268303348325834
313 0.0009331271864067966
314 0.0007691466766616695
315 0.000683252123938031
316 0.0006246876561719141
317 0.0005661231884057977
318 0.0004489942528735638
319 0.0003943340829585213
320 0.0003474825087456275
321 0.0002693965517241381
322 0.00024597076461769135
323 0.00019911919040479777
324 0.00010932033983008492
325 0.00014445902048975512
326 0.00012493753123438278
327 8.589455272363815e-05
328 7.418165917041477e-05
329 9.370314842578708e-05
330 5.856446776611693e-05
331 3.1234382808595694e-05
332 3.9042978510744616e-05
333 2.7330084957521233e-05
334 5.466016991504246e-05
335 1.1712893553223388e-05
336 3.5138680659670155e-05
337 3.904297851074463e-06
338 2.7330084957521233e-05
339 3.904297851074463e-06
340 0.0
341 7.808595702148925e-06
342 0.0
343 1.1712893553223388e-05
344 3.904297851074463e-06
345 0.0
346 0.0
347 3.904297851074463e-06
348 0.0
349 3.904297851074463e-06
350 0.0
351 3.904297851074463e-06
352 0.0
353 3.904297851074463e-06
354 3.904297851074463e-06
355 0.0
356 0.0
357 3.904297851074463e-06
358 3.904297851074463e-06
