0 0.0
1 3.904297851074463e-06
2 0.0
3 0.0
4 0.0
5 0.0
6 0.0
7 0.0
8 3.904297851074463e-06
9 3.904297851074463e-06
10 0.0
11 0.0
12 3.904297851074463e-06
13 0.0
14 0.0
15 0.0
16 7.808595702148925e-06
17 1.952148925537231e-05
18 3.904297851074463e-06
19 1.1712893553223388e-05
20 7.808595702148925e-06
21 3.904297851074463e-06
22 3.904297851074463e-06
23 1.952148925537231e-05
24 2.7330084957521233e-05
25 2.7330084957521233e-05
26 3.1234382808595694e-05
27 5.466016991504246e-05
28 5.0755872063968e-05
29 0.00011322463768115938
30 7.808595702148923e-05
31 8.979885057471262e-05
32 0.00011322463768115938
33 0.0001483633183408296
34 0.00012884182908545725
35 0.00019521489255372324
36 0.0002303535732133935
37 0.00021864067966017008
38 0.00033576961519240416
39 0.00039042978510744664
40 0.00042947276361819144
41 0.0005348888055972015
42 0.0005661231884057977
43 0.0007496251874062969
44 0.000804285357321339
45 0.001030734632683658
46 0.0011869065467266361
47 0.0012064280359820084
48 0.0013547913543228386
49 0.0016632308845577221
50 0.0017569340329835078
51 0.0020653735632183905
52 0.002194215392303848
53 0.0023425787106446765
54 0.002440186156921538
55 0.0026080709645177427
56 0.0029360319840079957
57 0.003060969515242378
58 0.0030882996001999003
59 0.0033537918540729643
60 0.003638805597201401
61 0.003908202148925537
62 0.0038379247876061976
63 0.003935532233883059
64 0.004033139680159918
65 0.004126842828585705
66 0.004216641679160418
67 0.004189311594202899
68 0.00392772363818091
69 0.0035958583208395793
70 0.0039042978510744637
71 0.0037286044477761126
72 0.0036505184907546224
73 0.0036856571714142944
74 0.0035255809595202406
75 0.0033030359820089956
76 0.003361600449775111
77 0.0029126061969015505
78 0.002908701899050474
79 0.002658826836581708
80 0.0025495064967516225
81 0.0022879185407296346
82 0.002053660669665168
83 0.002088799350324838
84 0.0019911919040479765
85 0.0016983695652173921
86 0.0015148675662168916
87 0.001413355822088955
88 0.0013860257371314342
89 0.001202523738130935
90 0.0011869065467266363
91 0.001030734632683658
92 0.0009097013993003495
93 0.0007340079960019994
94 0.0007808595702148924
95 0.000554410294852574
96 0.0006168790604697652
97 0.0005583145927036485
98 0.0005075587206396808
99 0.0004724200399800105
100 0.00045680284857571254
101 0.0003787168915542233
102 0.00037090829585207437
103 0.0003318653173413297
104 0.0003123438280859572
105 0.00026549225387306367
106 0.00021473638180909558
107 0.0002069277861069466
108 0.00021473638180909553
109 0.00023035357321339348
110 0.00017569340329835092
111 0.00017178910544727642
112 0.00019131059470264876
113 0.00016007621189405297
114 0.00013665042478760617
115 0.00013274612693653173
116 0.00022254497751124456
117 0.00018350199900049984
118 0.000160076211894053
119 8.979885057471262e-05
120 0.00015617191404297855
121 0.00014836331834082962
122 0.00014836331834082962
123 0.00012884182908545725
124 0.00010932033983008492
125 0.00015617191404297855
126 0.00014445902048975515
127 0.00013274612693653173
128 0.00013665042478760617
129 0.0001952148925537233
130 0.0001874062968515743
131 0.00018350199900049984
132 0.00026939655172413814
133 0.00030063093453273394
134 0.00026939655172413814
135 0.00030063093453273394
136 0.0003201524237881063
137 0.00033186531734132963
138 0.00044118565717141486
139 0.0004177598700649681
140 0.0005075587206396808
141 0.0007066779110444776
142 0.0006285919540229885
143 0.0007925724637681159
144 0.0008003810594702647
145 0.0011283420789605196
146 0.0011205334832583708
147 0.0013235569715142428
148 0.0015617191404297855
149 0.0017842641179410298
150 0.0019833833083458276
151 0.0023503873063468257
152 0.002455803348325836
153 0.00291260619690155
154 0.003385026236881561
155 0.0038301161919040484
156 0.0043415792103948005
157 0.004794477761119439
158 0.005473825587206396
159 0.006301536731634187
160 0.006781765367316345
161 0.007859351574212898
162 0.008273207146426785
163 0.009655328585707144
164 0.010225356071964021
165 0.011193621939030484
166 0.012161887806096963
167 0.013114536481759134
168 0.014758245877061496
169 0.015691373063468284
170 0.01617160169915044
171 0.01751858445777112
172 0.018279922538730634
173 0.019064686406796597
174 0.01968937406296851
175 0.020513180909545226
176 0.020919227886056976
177 0.021985101199400305
178 0.021864067966017
179 0.022414573963018495
180 0.02156734132933533
181 0.021707896051974002
182 0.020997313843078447
183 0.02119252873563218
184 0.02063811844077961
185 0.019334082958520734
186 0.019025643428285863
187 0.01787777986006997
188 0.017561531734132944
189 0.01630825212393805
190 0.015257996001999027
191 0.014531796601699174
192 0.013098919290354841
193 0.0123258683158421
194 0.0114513055972014
195 0.01049084832583708
196 0.009424975012493758
197 0.008472326336831586
198 0.0078046914042978555
199 0.006789573963018495
200 0.006395239880059973
201 0.0054386869065467264
202 0.0049155109945027455
203 0.004290823338330833
204 0.00404094827586207
205 0.0032561844077960995
206 0.0030219265367316325
207 0.002611975262368814
208 0.002319152923538231
209 0.0021278423288355803
210 0.0016749437781109447
211 0.0015656234382808594
212 0.0013899300349825088
213 0.0011947151424287854
214 0.0009292228885557221
215 0.0008316154422788601
216 0.0007808595702148924
217 0.0006559220389805101
218 0.000605166166916542
219 0.0004333770614692658
220 0.000538793103448276
221 0.00033967391304347863
222 0.000394334082958521
223 0.0003279610194902552
224 0.00031624812593703184
225 0.000285013743128436
226 0.00024206646676661685
227 0.00019911919040479774
228 0.00019911919040479768
229 0.0001991191904047977
230 0.00015617191404297855
231 0.00014836331834082962
232 0.00013274612693653173
233 0.0001717891054472764
234 0.0001483633183408296
235 0.00015226761619190402
236 0.00016007621189405305
237 0.00016007621189405305
238 0.00011322463768115938
239 0.00012493753123438278
240 0.0001483633183408296
241 0.00010541604197901046
242 8.589455272363815e-05
243 0.0001366504247876062
244 0.00016007621189405302
245 0.0001639805097451275
246 0.00020302348825587219
247 0.00016007621189405302
248 0.00017569340329835086
249 0.00017959770114942537
250 0.0001952148925537233
251 0.00026158795602198925
252 0.0002654922538730637
253 0.0002459707646176913
254 0.00033186531734132963
255 0.0002615879560219892
256 0.00038262118940529774
257 0.00043728135932034044
258 0.00034357821089455316
259 0.0003826211894052979
260 0.00043337706146926575
261 0.0005739317841079462
262 0.0005661231884057973
263 0.0006598263368315839
264 0.0007574337831084458
265 0.0006754435282358824
266 0.000917509995002499
267 0.00097997876061969
268 0.0008940842078960518
269 0.0009682658670664664
270 0.001218140929535232
271 0.001374312843578211
272 0.001526580459770115
273 0.0015929535232383808
274 0.0017139867566216894
275 0.0017374125437281363
276 0.0020263305847076462
277 0.002186406796601698
278 0.002252779860069964
279 0.0025221764117941037
280 0.0027564342828585698
281 0.002740817091454274
282 0.002951649175412294
283 0.0031195339830084948
284 0.0032327586206896564
285 0.0032405672163918035
286 0.003611475512243877
287 0.0036427098950524758
288 0.00392772363818091
289 0.0038613505747126446
290 0.0038184032983508247
291 0.0038925849575212395
292 0.003923819340329835
293 0.00413855572213893
294 0.003966766616691656
295 0.003943340829585209
296 0.0037598388305847066
297 0.0037325087456271874
298 0.003498250874562721
299 0.0033928348325837085
300 0.003334270364817592
301 0.0032835144927536235
302 0.0030414480259870072
303 0.0027173913043478247
304 0.0026432096451774094
305 0.0024050474762618685
306 0.002342578710644676
307 0.002205928285857071
308 0.002080990754622687
309 0.0017764555222388812
310 0.001710082458770615
311 0.0014484945027486266
312 0.0013430784607696155
313 0.0011595764617691154
314 0.0010385432283858069
315 0.0008042853573213389
316 0.0006949650174912547
317 0.0006207833583208394
318 0.0006012618690654671
319 0.0005700274862568719
320 0.00041385557221389354
321 0.0003045352323838084
322 0.00023425787106446795
323 0.0002342578710644679
324 0.00015226761619190407
325 0.00015226761619190407
326 0.0001639805097451275
327 0.00014055472263868065
328 8.979885057471262e-05
329 6.637306346826585e-05
330 7.418165917041477e-05
331 4.685157421289354e-05
332 2.7330084957521233e-05
333 3.9042978510744616e-05
334 3.1234382808595694e-05
335 1.1712893553223388e-05
336 7.808595702148925e-06
337 3.904297851074463e-06
338 2.3425787106446772e-05
339 1.1712893553223388e-05
340 3.904297851074463e-06
341 7.808595702148925e-06
342 0.0
343 7.808595702148925e-06
344 3.904297851074463e-06
345 3.904297851074463e-06
346 0.0
347 3.904297851074463e-06
348 0.0
349 7.808595702148925e-06
350 0.0
351 0.0
352 3.904297851074463e-06
353 0.0
354 0.0
355 0.0
356 3.904297851074463e-06
357 7.808595702148925e-06
358 0.0
