0 0.0
1 3.904297851074463e-06
2 0.0
3 0.0
4 0.0
5 0.0
6 3.904297851074463e-06
7 7.808595702148925e-06
8 0.0
9 0.0
10 3.904297851074463e-06
11 3.904297851074463e-06
12 0.0
13 0.0
14 0.0
15 3.904297851074463e-06
16 3.904297851074463e-06
17 0.0
18 3.904297851074463e-06
19 0.0
20 1.561719140429785e-05
21 1.1712893553223388e-05
22 1.1712893553223388e-05
23 0.0
24 2.3425787106446772e-05
25 3.1234382808595694e-05
26 6.637306346826585e-05
27 6.246876561719139e-05
28 5.466016991504246e-05
29 7.418165917041477e-05
30 8.19902548725637e-05
31 0.000101511744127936
32 0.00014055472263868065
33 0.00016788480759620194
34 0.00024206646676661693
35 0.0002654922538730637
36 0.00025377936031984025
37 0.00040604697651174453
38 0.00048413293353323386
39 0.0004958458270864572
40 0.0005973575712143926
41 0.0007730509745127437
42 0.0008823713143428287
43 0.001034638930534732
44 0.0011869065467266368
45 0.0013469827586206902
46 0.0016359007996001997
47 0.001577336331834084
48 0.0018857758620689663
49 0.002170789605197401
50 0.002291822838580708
51 0.0026471139430284812
52 0.002846233133433283
53 0.0030024050474762587
54 0.003478729385307349
55 0.003763743128435784
56 0.003845733383308347
57 0.004048756871564218
58 0.004173694402798599
59 0.004185407296351821
60 0.004478229635182406
61 0.004302536231884056
62 0.004743721889055472
63 0.004493846826586705
64 0.004579741379310344
65 0.004954553973013493
66 0.004642210144927535
67 0.00470077461269365
68 0.004856946526736632
69 0.004564124187906049
70 0.00441966516741629
71 0.004458708145927035
72 0.004173694402798601
73 0.00418540729635182
74 0.0036778485757121455
75 0.0034904422788605703
76 0.0035724325337331345
77 0.0031741941529235384
78 0.003127342578710644
79 0.0028149987506246852
80 0.0027681471764117956
81 0.0027134870064967525
82 0.0023542916041978997
83 0.0021785982008995495
84 0.0020341391804097955
85 0.0017256996501749126
86 0.0016710394802598707
87 0.0013743128435782103
88 0.0014914417791104446
89 0.001409451524237881
90 0.0011986194402798603
91 0.001077586206896551
92 0.0010190217391304345
93 0.0009526486756621686
94 0.0008042853573213388
95 0.0006598263368315844
96 0.0007301036981509249
97 0.0006715392303848078
98 0.0005739317841079463
99 0.0005114630184907548
100 0.0005036544227886062
101 0.00044899425287356375
102 0.00038652548725637227
103 0.0003084395302348829
104 0.0003630997001499254
105 0.0003357696151924041
106 0.0003006309345327339
107 0.00023816216891554238
108 0.000210832083958021
109 0.00017178910544727642
110 0.0001483633183408296
111 0.0002225449775112445
112 0.00017959770114942537
113 0.0001795977011494254
114 0.00015226761619190404
115 0.00010932033983008492
116 0.00015617191404297857
117 0.00010541604197901046
118 0.00011712893553223384
119 0.00012884182908545725
120 0.00010932033983008492
121 8.979885057471262e-05
122 0.0001210332333833083
123 0.00012493753123438278
124 0.00010541604197901046
125 9.760744627686154e-05
126 0.00010541604197901046
127 0.00010541604197901046
128 0.00017569340329835092
129 0.00010541604197901046
130 0.0001639805097451275
131 0.00014836331834082962
132 0.00017178910544727644
133 0.00018350199900049984
134 0.00023816216891554243
135 0.0002537793603198403
136 0.00021864067966017003
137 0.0002654922538730637
138 0.0003006309345327339
139 0.0002733008495752126
140 0.0004450899550224893
141 0.0004060469765117446
142 0.0005348888055972019
143 0.0005622188905547231
144 0.0006793478260869565
145 0.0006324962518740626
146 0.0008511369315342327
147 0.0009565529735132432
148 0.0010346389305347324
149 0.0013274612693653176
150 0.0016124750124937531
151 0.0018115942028985507
152 0.0019599575212393802
153 0.0023074400299850067
154 0.0026393053473263367
155 0.0027447213893053474
156 0.003271801599200399
157 0.0037364130434782623
158 0.004466516741629184
159 0.0052668978010994485
160 0.005715892053973017
161 0.006606071964017996
162 0.007531390554722649
163 0.008148269615192405
164 0.009011119440279857
165 0.009975481009495258
166 0.010947651174412803
167 0.01203695027486258
168 0.01341907171414295
169 0.014293634432783635
170 0.015870970764617714
171 0.016495658420789622
172 0.01772551224387807
173 0.018713299600199903
174 0.019603479510244874
175 0.02053660669665167
176 0.020579553973013507
177 0.02133308345827087
178 0.02205147426286857
179 0.02175474762618691
180 0.021688374562718646
181 0.021875780859570215
182 0.021368222138930536
183 0.0202711144427786
184 0.020427286356821582
185 0.01946292478760619
186 0.0182096451774113
187 0.017643521989005515
188 0.016936844077961033
189 0.01569918165917044
190 0.014375624687656196
191 0.013544009245377327
192 0.011900299850074972
193 0.011213143428285862
194 0.009721701649175409
195 0.009655328585707137
196 0.008027236381809102
197 0.007027736131934044
198 0.00633277111444278
199 0.005665136181909045
200 0.005130247376311842
201 0.004556315592203898
202 0.0038340204897551237
203 0.003299131684157921
204 0.003002405047476261
205 0.00245970764617691
206 0.0022137368815592193
207 0.0019794790104947536
208 0.0018115942028985516
209 0.001456303098450774
210 0.0013235569715142424
211 0.0010541604197901048
212 0.0009760744627686158
213 0.0008199025487256368
214 0.0007066779110444779
215 0.0006793478260869565
216 0.0005153673163418295
217 0.0005622188905547228
218 0.0003904297851074466
219 0.00036700399800099995
220 0.00030843953023488283
221 0.0003435782108945531
222 0.00029282233883058505
223 0.000277205147426287
224 0.0002069277861069466
225 0.00023816216891554235
226 0.00016398050974512747
227 0.00018740629685157426
228 0.0001366504247876062
229 0.0001444590204897551
230 0.00011322463768115938
231 0.00012884182908545725
232 0.00013274612693653173
233 9.370314842578708e-05
234 0.00012493753123438278
235 0.00015617191404297857
236 8.979885057471262e-05
237 0.000101511744127936
238 0.00010932033983008492
239 0.0001210332333833083
240 0.00013665042478760617
241 0.00014055472263868068
242 0.0001366504247876062
243 0.00012884182908545725
244 0.00011322463768115938
245 0.0001483633183408296
246 0.00016007621189405305
247 0.00011712893553223384
248 0.0001835019990004998
249 0.00021864067966017006
250 0.00018740629685157432
251 0.0002147363818090956
252 0.0002498750624687658
253 0.00029282233883058505
254 0.0002811094452773616
255 0.00033967391304347863
256 0.00033576961519240405
257 0.0004021426786606702
258 0.0004685157421289359
259 0.0003865254872563723
260 0.0005505059970014997
261 0.0005192716141929041
262 0.0005895489755122443
263 0.0006754435282358822
264 0.000714486506746627
265 0.0007613380809595204
266 0.000886275612193903
267 0.0009682658670664666
268 0.0010034045477261366
269 0.0012610882058970505
270 0.001280609695152424
271 0.0014914417791104457
272 0.0015656234382808594
273 0.0017920727136431778
274 0.0019911919040479765
275 0.0020614692653673156
276 0.0021395552223888057
277 0.0024362818590704647
278 0.0026705397301349304
279 0.002818903048475761
280 0.0028852761119440265
281 0.003084395302348825
282 0.0033772176411794117
283 0.0034201649175412286
284 0.003876967766116944
285 0.0038964892553723126
286 0.004087799850074962
287 0.0041385557221389315
288 0.004388430784607695
289 0.004568028485757121
290 0.004587549975012491
291 0.004599262868565711
292 0.00482180784607696
293 0.00491551099450275
294 0.004759339080459767
295 0.004899893803098445
296 0.004860850824587704
297 0.004868659420289853
298 0.004634401549225387
299 0.004575837081459268
300 0.004427473763118439
301 0.004243971764117942
302 0.0038066904047976027
303 0.003693465767116444
304 0.0036856571714142922
305 0.0035177723638180913
306 0.0029399362818590706
307 0.002838424537731133
308 0.002658826836581709
309 0.0024792291354322838
310 0.0021590767116441774
311 0.0019013930534732641
312 0.001799881309345327
313 0.0015617191404297857
314 0.0013430784607696155
315 0.0011634807596201903
316 0.000999500249875062
317 0.0009214142928535733
318 0.0008120939530234882
319 0.0006285919540229887
320 0.0006090704647676162
321 0.0005270802098950531
322 0.00039042978510744685
323 0.0003084395302348829
324 0.00026939655172413814
325 0.00019911919040479768
326 0.0001913105947026488
327 0.0001210332333833083
328 9.760744627686155e-05
329 0.00015226761619190407
330 7.027736131934031e-05
331 6.246876561719139e-05
332 6.246876561719139e-05
333 5.466016991504246e-05
334 3.1234382808595694e-05
335 1.1712893553223388e-05
336 1.561719140429785e-05
337 7.808595702148925e-06
338 3.904297851074463e-06
339 7.808595702148925e-06
340 1.1712893553223388e-05
341 1.1712893553223388e-05
342 1.1712893553223388e-05
343 3.904297851074463e-06
344 0.0
345 7.808595702148925e-06
346 0.0
347 3.904297851074463e-06
348 0.0
349 0.0
350 0.0
351 0.0
352 0.0
353 0.0
354 0.0
355 0.0
356 0.0
357 0.0
358 0.0
