0 0.0
1 0.0
2 0.0
3 0.0
4 0.0
5 0.0
6 0.0
7 0.0
8 0.0
9 0.0
10 0.0
11 0.0
12 0.0
13 0.0
14 0.0
15 0.0
16 0.0
17 0.0
18 0.0
19 0.0
20 0.0
21 0.0
22 0.0
23 0.0
24 0.0
25 0.0
26 0.0
27 0.0
28 0.0
29 0.0
30 0.0
31 0.0
32 0.0
33 0.0
34 0.0
35 0.0
36 0.0
37 0.0
38 0.0
39 0.0
40 0.0
41 0.0
42 0.0
43 0.0
44 0.0
45 0.0
46 0.0
47 0.0
48 0.0
49 0.0
50 0.0
51 0.0
52 0.0
53 0.0
54 0.0
55 0.0
56 0.0
57 0.0
58 0.0
59 0.0
60 0.0
61 0.0
62 0.0
63 0.0
64 0.0
65 0.0
66 0.0
67 0.0
68 0.0
69 0.0
70 0.0
71 0.0
72 0.0
73 0.0
74 0.0
75 0.0
76 0.0
77 0.0
78 0.0
79 0.0
80 0.0
81 0.0
82 0.0
83 0.0
84 0.0
85 0.0
86 0.0
87 0.0
88 0.0
89 0.0
90 0.0
91 0.0
92 0.0
93 0.0
94 0.0
95 0.0
96 0.0
97 0.0
98 0.0
99 0.0
100 0.0
101 0.0
102 0.0
103 0.0
104 0.0
105 0.0
106 0.0
107 0.0
108 0.0
109 0.0
110 0.0
111 0.0
112 0.0
113 0.0
114 0.0
115 0.0
116 0.0
117 0.0
118 0.0
119 0.0
120 0.0
121 0.0
122 0.0
123 0.0
124 0.0
125 0.0
126 0.0
127 7.808595702148925e-06
128 0.0
129 0.0
130 0.0
131 3.904297851074463e-06
132 3.904297851074463e-06
133 7.808595702148925e-06
134 3.904297851074463e-06
135 1.561719140429785e-05
136 1.952148925537231e-05
137 2.7330084957521233e-05
138 2.3425787106446772e-05
139 5.0755872063968e-05
140 4.2947276361819084e-05
141 7.808595702148923e-05
142 7.808595702148923e-05
143 0.00016398050974512747
144 0.00017569340329835086
145 0.00016788480759620194
146 0.0002537793603198402
147 0.0004411856571714148
148 0.00048022863568215933
149 0.0005544102948525736
150 0.000734007996001999
151 0.0010580647176411792
152 0.0011595764617691145
153 0.0014641116941529239
154 0.00195995752123938
155 0.002373813093453271
156 0.0027837643678160907
157 0.0038340204897551224
158 0.004396239380309844
159 0.005305940779610193
160 0.006328866816591697
161 0.0077187968515742165
162 0.008327867316341825
163 0.010158983008495746
164 0.012029141679160419
165 0.013442497501249382
166 0.015574244127936045
167 0.017795789605197402
168 0.01952539355322339
169 0.021707896051974
170 0.024874281609195394
171 0.02683814342828585
172 0.02904016741629186
173 0.031706802848575716
174 0.03250718390804598
175 0.03488490129935033
176 0.03571261244377808
177 0.03789901924037979
178 0.03735241754122935
179 0.038785294852573704
180 0.039097638680659685
181 0.03778189030484757
182 0.037606196901549205
183 0.03670039980009993
184 0.03601324337831085
185 0.03432658670664667
186 0.03267506871564217
187 0.03037153298350825
188 0.028876186906546725
189 0.026486756621689145
190 0.023531203148425796
191 0.021672757371314345
192 0.01956053223388306
193 0.017093015992004013
194 0.01495736506746628
195 0.012927130184907548
196 0.010607977261369325
197 0.009342984757621192
198 0.00789839455272364
199 0.006367909795102453
200 0.005430878310844575
201 0.004329866316841578
202 0.003650518490754621
203 0.002924319090454771
204 0.0022293540729635174
205 0.001753029735132434
206 0.0013625999500249879
207 0.0010971076961519242
208 0.0008589455272363817
209 0.000632496251874063
210 0.0005153673163418295
211 0.00040214267866067017
212 0.0002381621689155424
213 0.00021864067966017008
214 0.00016007621189405302
215 0.00011322463768115938
216 5.856446776611693e-05
217 0.00010932033983008492
218 4.6851574212893545e-05
219 1.1712893553223388e-05
220 1.952148925537231e-05
221 1.561719140429785e-05
222 1.952148925537231e-05
223 3.904297851074463e-06
224 7.808595702148925e-06
225 3.904297851074463e-06
226 3.904297851074463e-06
227 3.904297851074463e-06
228 3.904297851074463e-06
229 0.0
230 0.0
231 0.0
232 0.0
233 0.0
234 0.0
235 0.0
236 0.0
237 0.0
238 0.0
239 0.0
240 0.0
241 0.0
242 0.0
243 0.0
244 0.0
245 0.0
246 0.0
247 0.0
248 0.0
249 0.0
250 0.0
251 0.0
252 0.0
253 0.0
254 0.0
255 0.0
256 0.0
257 0.0
258 0.0
259 0.0
260 0.0
261 0.0
262 0.0
263 0.0
264 0.0
265 0.0
266 0.0
267 0.0
268 0.0
269 0.0
270 0.0
271 0.0
272 0.0
273 0.0
274 0.0
275 0.0
276 0.0
277 0.0
278 0.0
279 0.0
280 0.0
281 0.0
282 0.0
283 0.0
284 0.0
285 0.0
286 0.0
287 0.0
288 0.0
289 0.0
290 0.0
291 0.0
292 0.0
293 0.0
294 0.0
295 0.0
296 0.0
297 0.0
298 0.0
299 0.0
300 0.0
301 0.0
302 0.0
303 0.0
304 0.0
305 0.0
306 0.0
307 0.0
308 0.0
309 0.0
310 0.0
311 0.0
312 0.0
313 0.0
314 0.0
315 0.0
316 0.0
317 0.0
318 0.0
319 0.0
320 0.0
321 0.0
322 0.0
323 0.0
324 0.0
325 0.0
326 0.0
327 0.0
328 0.0
329 0.0
330 0.0
331 0.0
332 0.0
333 0.0
334 0.0
335 0.0
336 0.0
337 0.0
338 0.0
339 0.0
340 0.0
341 0.0
342 0.0
343 0.0
344 0.0
345 0.0
346 0.0
347 0.0
348 0.0
349 0.0
350 0.0
351 0.0
352 0.0
353 0.0
354 0.0
355 0.0
356 0.0
357 0.0
358 0.0
