0 0.0
1 0.0
2 3.904297851074463e-06
3 0.0
4 0.0
5 3.904297851074463e-06
6 0.0
7 0.0
8 0.0
9 0.0
10 0.0
11 0.0
12 0.0
13 0.0
14 3.904297851074463e-06
15 3.904297851074463e-06
16 0.0
17 0.0
18 3.904297851074463e-06
19 7.808595702148925e-06
20 1.561719140429785e-05
21 1.561719140429785e-05
22 2.3425787106446772e-05
23 1.1712893553223388e-05
24 3.904297851074463e-06
25 1.1712893553223388e-05
26 2.3425787106446772e-05
27 2.7330084957521233e-05
28 4.294727636181908e-05
29 3.9042978510744616e-05
30 4.685157421289354e-05
31 7.027931346826585e-05
32 7.418165917041477e-05
33 8.980080272363816e-05
34 0.00012884182908545725
35 0.00011322463768115938
36 0.000163982461894053
37 0.00023035357321339348
38 0.00028891804097951046
39 0.000343578210894553
40 0.0004646133964267872
41 0.0004060489286606701
42 0.0005544141991504251
43 0.0007183947088955521
44 0.0007847658202148924
45 0.000933131090704648
46 0.000929226792853573
47 0.001132258089705147
48 0.0012884300037481252
49 0.0014992562312593706
50 0.001526588268365817
51 0.0017452230915792103
52 0.0019833891647926044
53 0.0020536665261119435
54 0.0021864146051974007
55 0.002299645099325336
56 0.0025300025768365815
57 0.0028696725855822084
58 0.0029711862818590697
59 0.003041461691029485
60 0.003060985132433781
61 0.0033147742534982505
62 0.003502176646051973
63 0.0035412254810094964
64 0.0036310145708395797
65 0.0035880653423288355
66 0.003467026252498751
67 0.003787178676286858
68 0.0038066962612443773
69 0.0037598544477761126
70 0.00395897754247876
71 0.003572452055222389
72 0.0032991473013493254
73 0.0032601004185407304
74 0.003228871892178911
75 0.003037567153923037
76 0.0031078269459020487
77 0.0029282292447526228
78 0.0026939791822838564
79 0.0025807447838580716
80 0.002389436141304347
81 0.002073191919665168
82 0.002041953632558721
83 0.0019599653298350834
84 0.0019013950056221895
85 0.0017413305066216896
86 0.0015929593796851567
87 0.0015382953054722634
88 0.0011400569246626685
89 0.0010580666697901048
90 0.0009799807127686153
91 0.0009487560907046476
92 0.0009643654735132434
93 0.0007027775174912544
94 0.0007730587831084456
95 0.0006324982040229889
96 0.0006676349325337334
97 0.000546601699150425
98 0.000523177864192904
99 0.0003982383808095957
100 0.0005192735663418293
101 0.00035529110444777653
102 0.0003435782108945531
103 0.00039433603510744675
104 0.0003201524237881062
105 0.00024987506246876577
106 0.00025378326461769136
107 0.00021473833395802114
108 0.0002225449775112445
109 0.00018741020114942537
110 0.00019521489255372326
111 0.00016398050974512752
112 0.0001913105947026488
113 0.00015617191404297855
114 0.00014055472263868065
115 0.00012884182908545725
116 0.0001483652704897551
117 0.0001327461269365317
118 0.0001210332333833083
119 0.00010932033983008492
120 0.00012493753123438278
121 0.00011322463768115938
122 0.0001366504247876062
123 0.00013665042478760617
124 0.00024987701461769135
125 0.0001366504247876062
126 0.0001913105947026488
127 0.00018740629685157423
128 0.00018740824900049984
129 0.00019521684470264877
130 0.0001874082490004998
131 0.00023035552536231898
132 0.0002537813124687657
133 0.00030453523238380847
134 0.00026549225387306367
135 0.00027330280172413815
136 0.00043728331146926586
137 0.0003748125937031489
138 0.0004450899550224893
139 0.0004958477792353829
140 0.0005505099012993508
141 0.0006949689217891052
142 0.0007847638680659672
143 0.0008081955116191907
144 0.0009253244471514245
145 0.0011088244940029987
146 0.0011712893553223382
147 0.0013899358914292856
148 0.0017257055066216896
149 0.001920918447026487
150 0.0021434692809845055
151 0.0024011490348575712
152 0.0027017819215392302
153 0.00336551255622189
154 0.00354510830522239
155 0.00414247954147926
156 0.004564139805097452
157 0.005013143818715641
158 0.006059481977761121
159 0.006500677395677166
160 0.007293257668040986
161 0.007761779266616701
162 0.008890133058470764
163 0.009975529813218392
164 0.010893024191029494
165 0.01214240926411795
166 0.012591407421289367
167 0.013996958551974033
168 0.015027720514742651
169 0.01603891218453275
170 0.01695643194027987
171 0.018182385369815108
172 0.018787543728135934
173 0.019728504888180908
174 0.021009089205397305
175 0.02149321042603698
176 0.021337091220015002
177 0.022117937125187406
178 0.02269575954210394
179 0.02217651330584708
180 0.022629406000124943
181 0.022125759385932017
182 0.022156960582208892
183 0.021563503404547713
184 0.021231651752248868
185 0.02015798741254373
186 0.020325860507246375
187 0.018412725277986
188 0.017998897035857074
189 0.017175060907046482
190 0.015828084004872588
191 0.014805154063593227
192 0.014114087487506265
193 0.012384495252373826
194 0.012091667057096465
195 0.010584588565092458
196 0.009655402767366312
197 0.008979931909045476
198 0.007929654313468273
199 0.007234691248125941
200 0.006832564186656675
201 0.005911120611569216
202 0.00493113404235382
203 0.004294747157671163
204 0.004177620174287856
205 0.003474828991754123
206 0.0031234402330084956
207 0.0028579538355822075
208 0.002537801411794102
209 0.002084898956771614
210 0.001721805113068467
211 0.001651527751749126
212 0.0013157503279610195
213 0.0012532854666416785
214 0.0012142444402798603
215 0.0008823732664917548
216 0.0008550490379810092
217 0.0006481134432783606
218 0.0006520177411294355
219 0.0005817442841079463
220 0.0004919434813843083
221 0.0004685176942778617
222 0.0003279610194902551
223 0.0003591973544477764
224 0.00031624812593703184
225 0.00029282429097951047
226 0.0002693985038730636
227 0.00022644927536231903
228 0.00021473638180909558
229 0.00016398050974512747
230 0.0001991211425537232
231 0.00016788480759620192
232 0.00014055472263868068
233 0.00015617386619190408
234 0.0001717930097451275
235 0.00011322463768115938
236 0.00012884378123438278
237 0.00012493753123438278
238 0.00010932229197901046
239 0.00015226761619190407
240 0.0001639805097451275
241 0.00010932033983008492
242 0.00011322463768115938
243 0.00012493753123438278
244 0.000160076211894053
245 0.0001210332333833083
246 0.00012493753123438278
247 0.00014836331834082962
248 0.00016788871189405303
249 0.00017178910544727642
250 0.00016398441404297858
251 0.00016788480759620197
252 0.00019131254685157435
253 0.00024987506246876577
254 0.0002576836581709148
255 0.0002342578710644679
256 0.00025768365817091467
257 0.00027330084957521267
258 0.0003631016522988509
259 0.00038652548725637205
260 0.00034357821089455305
261 0.0004997501249375318
262 0.0005583145927036486
263 0.0005778360819590208
264 0.0006207833583208397
265 0.0006598302411294355
266 0.0006832521239380311
267 0.0008003830116191907
268 0.0008277111444277868
269 0.0009214162450024983
270 0.0009995002498750618
271 0.0012728030515992007
272 0.0012688968015992
273 0.0013626077586206893
274 0.0015148734226636683
275 0.0017413187937281361
276 0.0016827601824087948
277 0.0019794907233883054
278 0.002147365770239879
279 0.002303543540729635
280 0.002416764274112942
281 0.002529994768240878
282 0.0027876764742628683
283 0.0027291120064967494
284 0.00283843429847576
285 0.0030102234039230394
286 0.002943848388305847
287 0.003197629700774611
288 0.0032835223013493254
289 0.0034631258589455276
290 0.0035685516616691627
291 0.003388946151924037
292 0.0035295008745627183
293 0.003377233258370813
294 0.0033850320933283373
295 0.0032679109663918014
296 0.0032483875249875067
297 0.003006321058220889
298 0.003146879685157422
299 0.003021940201774111
300 0.0029360456490504744
301 0.002861879607071463
302 0.002604170570964517
303 0.002405051380559719
304 0.0023464869127936033
305 0.0021317563874312852
306 0.00197948486694153
307 0.0019911977604947528
308 0.0017218012087706152
309 0.0015500140554722635
310 0.0012376682752373814
311 0.001179099903173413
312 0.0011986213924287856
313 0.0009409396864067964
314 0.0008550431815342324
315 0.0007222970545977009
316 0.0005817403798100952
317 0.0005075606727886062
318 0.000523177864192904
319 0.00039043173725637217
320 0.0003435821151924041
321 0.00029282233883058505
322 0.0002850137431284361
323 0.00023035357321339345
324 0.0001210332333833083
325 0.00012884182908545725
326 8.979885057471262e-05
327 0.00010932033983008492
328 7.418165917041477e-05
329 5.856641991504246e-05
330 5.0755872063968006e-05
331 5.4662122063967996e-05
332 4.685352636181909e-05
333 2.3425787106446772e-05
334 1.952148925537231e-05
335 1.1712893553223388e-05
336 0.0
337 7.808595702148925e-06
338 1.561719140429785e-05
339 0.0
340 3.904297851074463e-06
341 0.0
342 0.0
343 1.1712893553223388e-05
344 3.904297851074463e-06
345 0.0
346 0.0
347 3.904297851074463e-06
348 3.904297851074463e-06
349 0.0
350 0.0
351 0.0
352 0.0
353 0.0
354 3.904297851074463e-06
355 0.0
356 0.0
357 0.0
358 0.0
