0 0.0
1 3.904297851074463e-06
2 0.0
3 0.0
4 0.0
5 0.0
6 0.0
7 3.904297851074463e-06
8 7.808595702148925e-06
9 3.904297851074463e-06
10 3.904297851074463e-06
11 0.0
12 0.0
13 3.904297851074463e-06
14 3.904297851074463e-06
15 0.0
16 7.808595702148925e-06
17 1.561719140429785e-05
18 7.808595702148925e-06
19 7.808595702148925e-06
20 3.904297851074463e-06
21 1.952148925537231e-05
22 1.952148925537231e-05
23 1.1712893553223388e-05
24 1.561719140429785e-05
25 1.1712893553223388e-05
26 4.685157421289354e-05
27 7.027736131934031e-05
28 2.3425787106446772e-05
29 3.9042978510744616e-05
30 4.294727636181908e-05
31 8.979885057471262e-05
32 0.00011712893553223384
33 0.00016398050974512752
34 0.00014055472263868068
35 0.0002537793603198403
36 0.00026549225387306367
37 0.0002576836581709148
38 0.0004333770614692659
39 0.0004489942528735638
40 0.0005075587206396806
41 0.0006090704647676161
42 0.0006598263368315846
43 0.0008745627186406794
44 0.0011010119940029984
45 0.0013040354822588707
46 0.0013743128435782105
47 0.001780359820089954
48 0.002112225137431285
49 0.002526080709645175
50 0.0026900612193903038
51 0.003174194152923539
52 0.0037051786606696648
53 0.0038144990004997516
54 0.004669540229885053
55 0.00516148175912044
56 0.005645614692653675
57 0.006293728135932036
58 0.006859851324337835
59 0.0072034295352323904
60 0.007726605447276368
61 0.008253685657171416
62 0.008698775612193906
63 0.009272707396301847
64 0.009569434032983505
65 0.009452305097451267
66 0.009967672413793106
67 0.009948150924537729
68 0.010170695902048972
69 0.009745127436281862
70 0.009815404797601198
71 0.009358601949025486
72 0.009315654672663671
73 0.008843234632683663
74 0.008269302848575721
75 0.007890585957021495
76 0.0076407108945527324
77 0.006934032983508251
78 0.0064967516241879126
79 0.005786169415292355
80 0.005153673163418289
81 0.004868659420289853
82 0.004314249125437282
83 0.0038340204897551232
84 0.003353791854072964
85 0.002963362068965517
86 0.0027291041979010497
87 0.0022644927536231876
88 0.0018545414792603702
89 0.0018311156921539233
90 0.0015734320339830096
91 0.0013157483758120924
92 0.001124437781109445
93 0.0009097013993003495
94 0.0008199025487256372
95 0.000808189655172414
96 0.0006168790604697652
97 0.000519271614192904
98 0.0003982383808095957
99 0.00033967391304347863
100 0.00029672663668165947
101 0.0003162481259370318
102 0.0001874062968515742
103 0.0002069277861069467
104 0.00014445902048975515
105 0.00015617191404297857
106 0.00012884182908545725
107 0.00012493753123438278
108 5.856446776611693e-05
109 0.0001210332333833083
110 8.979885057471262e-05
111 7.027736131934031e-05
112 5.856446776611693e-05
113 5.856446776611693e-05
114 7.418165917041477e-05
115 4.294727636181908e-05
116 5.466016991504246e-05
117 4.294727636181908e-05
118 3.9042978510744616e-05
119 4.685157421289354e-05
120 5.466016991504247e-05
121 6.246876561719139e-05
122 5.466016991504247e-05
123 6.246876561719139e-05
124 7.418165917041477e-05
125 4.685157421289354e-05
126 5.0755872063968e-05
127 4.294727636181908e-05
128 6.637306346826585e-05
129 8.589455272363815e-05
130 6.637306346826585e-05
131 5.466016991504246e-05
132 8.589455272363815e-05
133 0.00010541604197901046
134 8.979885057471262e-05
135 6.637306346826585e-05
136 9.760744627686154e-05
137 0.00012884182908545722
138 0.0001913105947026488
139 0.00020302348825587219
140 0.0002069277861069466
141 0.0001952148925537233
142 0.0002381621689155424
143 0.0003279610194902552
144 0.00043337706146926596
145 0.0004568028485757127
146 0.0005817403798100952
147 0.0006598263368315841
148 0.0006129747626186905
149 0.0008433283358320839
150 0.0010229260369815085
151 0.0010853948025987005
152 0.0012649925037481254
153 0.00141726011994003
154 0.0017100824587706152
155 0.001971670414792605
156 0.0024050474762618676
157 0.0028462331334332823
158 0.003092203898050973
159 0.003591954022988506
160 0.004236163168415793
161 0.004505559720139931
162 0.005079491504247879
163 0.005415261119440279
164 0.0062156421789105465
165 0.0069574587706146985
166 0.007679753873063475
167 0.008425474762618691
168 0.009272707396301844
169 0.009768553223388302
170 0.010365910794602709
171 0.011267803598200898
172 0.011966672913543249
173 0.012556221889055481
174 0.013313655672163938
175 0.013122345077461288
176 0.013645520989505262
177 0.01410622813593206
178 0.014156984007996016
179 0.014422476261869085
180 0.01473482008995504
181 0.014379528985507274
182 0.014078898050974537
183 0.01373531984007998
184 0.013711894052973534
185 0.013243378310844588
186 0.012185313593203413
187 0.01152158295852075
188 0.011166291854072958
189 0.010342485007496245
190 0.009866160669665162
191 0.008968172163918035
192 0.008429379060469765
193 0.007742222638680665
194 0.00725808970514743
195 0.006141460519740135
196 0.005559720139930033
197 0.004927223888055969
198 0.004306440529735132
199 0.00367394427786107
200 0.0035138680659670173
201 0.003014117941029486
202 0.0027173913043478243
203 0.0023464830084957513
204 0.0020263305847076467
205 0.001823307096451774
206 0.0016905609695152426
207 0.0013118440779610197
208 0.0011439592703648175
209 0.001046351824087955
210 0.0007964767616191906
211 0.0007301036981509244
212 0.0006598263368315846
213 0.0005114630184907549
214 0.0004450899550224893
215 0.00043337706146926586
216 0.0003552911044477766
217 0.0002772051474262871
218 0.00023816216891554238
219 0.00021473638180909558
220 0.00019521489255372324
221 0.00014055472263868065
222 0.00011322463768115938
223 0.00014836331834082962
224 0.00011322463768115938
225 0.0001210332333833083
226 8.589455272363815e-05
227 6.637306346826585e-05
228 9.370314842578708e-05
229 9.760744627686154e-05
230 5.0755872063968e-05
231 7.027736131934031e-05
232 6.637306346826585e-05
233 6.246876561719139e-05
234 5.856446776611693e-05
235 5.856446776611692e-05
236 3.904297851074462e-05
237 3.9042978510744616e-05
238 4.6851574212893545e-05
239 5.0755872063968e-05
240 5.0755872063968e-05
241 4.294727636181908e-05
242 4.685157421289354e-05
243 2.3425787106446772e-05
244 3.5138680659670155e-05
245 7.027736131934031e-05
246 4.685157421289354e-05
247 7.027736131934031e-05
248 8.19902548725637e-05
249 7.808595702148923e-05
250 0.00010541604197901046
251 0.00010541604197901046
252 0.00012884182908545725
253 0.0001210332333833083
254 0.00019521489255372324
255 0.00016788480759620194
256 0.000160076211894053
257 0.0002576836581709146
258 0.0003084395302348828
259 0.00030453523238380847
260 0.00032405672163918073
261 0.0003904297851074468
262 0.0004607071464267871
263 0.0006324962518740632
264 0.000659826336831584
265 0.00079647676161919
266 0.0009136056971514246
267 0.001101011994002998
268 0.0011556721639180408
269 0.0013196526736631673
270 0.001612475012493753
271 0.0018623500749625195
272 0.0022215454772613686
273 0.00267053973013493
274 0.0027759557721139423
275 0.003103916791604199
276 0.0036700399800099954
277 0.004013618190904548
278 0.004661731634182905
279 0.0050092141429285315
280 0.005391835332333832
281 0.006274206646676666
282 0.006840329835082462
283 0.00696136306846577
284 0.007847638680659678
285 0.00797257621189406
286 0.008905703398300846
287 0.008909607696151923
288 0.009015023738130935
289 0.009506965267366314
290 0.009639711394302844
291 0.00979197901049475
292 0.009897395052473756
293 0.009647519990004993
294 0.00948744377811094
295 0.009112631184407798
296 0.008960363568215897
297 0.008495752123938029
298 0.007945246126936539
299 0.007453304597701157
300 0.0071370564717641236
301 0.006527986006996506
302 0.006051661669165417
303 0.005458208395802098
304 0.005020927036481754
305 0.004392335082458769
306 0.003822307596201899
307 0.003427973513243379
308 0.0031859070464767608
309 0.002553410794602697
310 0.002338674412793601
311 0.002006809095452274
312 0.001686656671664169
313 0.0014406859070464773
314 0.0012649925037481256
315 0.0010580647176411794
316 0.0009057971014492749
317 0.0006520177411294353
318 0.0006520177411294352
319 0.0004919415292353828
320 0.00039042978510744685
321 0.0003552911044477765
322 0.0002811094452773616
323 0.0002693965517241381
324 0.0001874062968515743
325 0.00019131059470264874
326 0.00014055472263868068
327 0.0001210332333833083
328 6.246876561719139e-05
329 7.418165917041477e-05
330 2.7330084957521233e-05
331 3.9042978510744616e-05
332 2.7330084957521233e-05
333 1.561719140429785e-05
334 3.1234382808595694e-05
335 2.3425787106446772e-05
336 7.808595702148925e-06
337 3.904297851074463e-06
338 1.1712893553223388e-05
339 3.904297851074463e-06
340 1.1712893553223388e-05
341 0.0
342 7.808595702148925e-06
343 0.0
344 0.0
345 7.808595702148925e-06
346 3.904297851074463e-06
347 3.904297851074463e-06
348 3.904297851074463e-06
349 0.0
350 0.0
351 3.904297851074463e-06
352 0.0
353 0.0
354 0.0
355 3.904297851074463e-06
356 0.0
357 0.0
358 0.0
