0 0.0
1 0.0
2 0.0
3 0.0
4 0.0
5 0.0
6 0.0
7 0.0
8 0.0
9 0.0
10 0.0
11 0.0
12 0.0
13 0.0
14 0.0
15 0.0
16 7.808595702148925e-06
17 3.904297851074463e-06
18 3.904297851074463e-06
19 7.808595702148925e-06
20 0.0
21 7.808595702148925e-06
22 1.1712893553223388e-05
23 3.904297851074463e-06
24 3.904297851074463e-06
25 1.952148925537231e-05
26 1.561719140429785e-05
27 2.7330084957521233e-05
28 1.561719140429785e-05
29 3.51406328085957e-05
30 2.3425787106446772e-05
31 4.685157421289354e-05
32 7.418165917041477e-05
33 0.00012493753123438278
34 0.00011322463768115938
35 0.00010541604197901046
36 0.00016788675974512747
37 0.00026159186031984025
38 0.00023035357321339348
39 0.0002108340361069467
40 0.0003318750780859573
41 0.0003982383808095956
42 0.00048414074212893603
43 0.000530994268490755
44 0.0007222990067466267
45 0.0007964806659170419
46 0.0009097072557471264
47 0.0010385471326836578
48 0.001073687765492253
49 0.0013782190935782111
50 0.0014446038699400296
51 0.0015500179597701155
52 0.0016749535388555724
53 0.002002910654047977
54 0.0020302563561969016
55 0.00215519193528236
56 0.002225461488005997
57 0.0024792506090704643
58 0.002498768194027985
59 0.0028696862506246887
60 0.002904821026986506
61 0.0026627623688155904
62 0.0029750964361569213
63 0.0030883210738380813
64 0.002924330803348326
65 0.0030180456646676664
66 0.00309612966954023
67 0.0029828991754122943
68 0.0029204304097951027
69 0.0029087311812843577
70 0.0029555690904547725
71 0.002928239005497251
72 0.002916528064092954
73 0.0027681784107946015
74 0.0027564518521988987
75 0.0027135045758370792
76 0.002651028001624186
77 0.0022527915729635187
78 0.002198143115942028
79 0.0022020317966016984
80 0.002088820823963019
81 0.0018857953835582223
82 0.0016359144646426787
83 0.001651533608195902
84 0.0014055511306846574
85 0.0012689104666416791
86 0.0013235745408545724
87 0.001241576477386307
88 0.0010424572869815092
89 0.0009721818778110942
90 0.0010034104041729138
91 0.0008355197401299352
92 0.0007144962674912546
93 0.0007066837674912545
94 0.0006715470389805097
95 0.0005739376405547226
96 0.00044509190717141486
97 0.0005270860663418296
98 0.00040605088080959565
99 0.0004997540292353829
100 0.0004255704179160425
101 0.00038262118940529785
102 0.00030844148238380836
103 0.00026549420602198914
104 0.00032405867378810626
105 0.0002264512275112445
106 0.00023035747751124457
107 0.0002108320839580211
108 0.00016007621189405302
109 0.00020692778610694663
110 0.00026549420602198925
111 0.00014836527048975515
112 0.0001405566747876062
113 0.00014055667478760618
114 0.0001796016054472764
115 0.00014445902048975515
116 9.760744627686154e-05
117 0.0001210332333833083
118 0.00014055472263868065
119 0.0001327461269365317
120 0.00013274612693653173
121 0.0001756934032983509
122 0.00017569730759620192
123 0.0001327461269365317
124 0.00020302544040479772
125 0.0001366504247876062
126 0.00018741020114942535
127 0.00012884182908545725
128 0.00014836331834082962
129 0.00024597076461769135
130 0.0002030234882558722
131 0.00023816607321339351
132 0.0002147363818090955
133 0.0001874082490004999
134 0.0003631055565967022
135 0.00031624812593703184
136 0.00034357821089455316
137 0.00037091024800099996
138 0.000523177864192904
139 0.0005622188905547229
140 0.0005817462362568719
141 0.0008121017616191902
142 0.0008081994159170414
143 0.0009682756278110949
144 0.0011010217547476261
145 0.0011478733289605198
146 0.0014875472420039979
147 0.0018155082614942533
148 0.001854553192153924
149 0.00196778759057971
150 0.002252797429410295
151 0.0025885826617941016
152 0.0030492780953273358
153 0.003279633620689656
154 0.004048797866691655
155 0.004470458130309844
156 0.00520837432846077
157 0.005356757168290853
158 0.006258642163293355
159 0.0068950622345077565
160 0.007757890585957028
161 0.008648111491129437
162 0.009378201524237875
163 0.010619785810219893
164 0.011263989099200403
165 0.012384549912543744
166 0.01376278462331337
167 0.014703704788230909
168 0.015609496033233406
169 0.0165387325868316
170 0.018166854072963527
171 0.01835818223700651
172 0.019314727401924043
173 0.02064608711269366
174 0.021477720124312847
175 0.022223419540229883
176 0.022715396208145926
177 0.022863738052848585
178 0.02246942349137931
179 0.022379628545102448
180 0.023347870986381806
181 0.022524081709145435
182 0.022344458630059977
183 0.02232101722576212
184 0.020974030562843582
185 0.020954546164417786
186 0.02059533709707646
187 0.019673895474137927
188 0.01885792260119941
189 0.017350851917791114
190 0.01660906070402301
191 0.015324484242253892
192 0.014606109054847601
193 0.01363780414480262
194 0.012462626108820605
195 0.011654432549350337
196 0.010166891163793107
197 0.009460182018365813
198 0.008577798991129437
199 0.007578300693403307
200 0.006801345421039485
201 0.006246925365442282
202 0.005493382215142428
203 0.004985815685907046
204 0.004474364380309841
205 0.0037793856977761126
206 0.0032718230728385786
207 0.0029516765054972516
208 0.002604178379560217
209 0.002393342391304348
210 0.0019521508776861578
211 0.0016281039167916054
212 0.001471924194152924
213 0.0014250765242378805
214 0.001186916307471264
215 0.001026840095577211
216 0.0008433341922788598
217 0.0007457247938530732
218 0.0007027794696401794
219 0.0006442189061719138
220 0.0004841329335332341
221 0.0004489962050224894
222 0.00039043173725637233
223 0.000425572370064968
224 0.000351386806596702
225 0.0002772070995752126
226 0.00026940240817091473
227 0.00028891999312843605
228 0.0002733028017241382
229 0.00023816412106446796
230 0.00023425787106446793
231 0.00019131059470264876
232 0.00016398441404297855
233 0.00016788675974512747
234 0.00012103518553223385
235 0.00013665237693653173
236 0.0001795996532983509
237 0.00014055472263868065
238 0.0001366504247876062
239 0.0001327461269365317
240 0.00011712893553223384
241 0.00012103713768115937
242 0.0001210332333833083
243 0.00016007816404297855
244 0.00016398050974512752
245 0.00018350199900049981
246 0.00017959770114942537
247 0.00020302348825587216
248 0.00014836527048975515
249 0.0001522676161919041
250 0.0001795996532983509
251 0.0002147402861069467
252 0.00017179496189405309
253 0.0002615879560219892
254 0.00026549420602198925
255 0.0002850156952773615
256 0.00029673054097951047
257 0.0003162481259370319
258 0.0003162481259370318
259 0.0004294747157671169
260 0.0003513887587456276
261 0.0005466036512993506
262 0.0004919415292353828
263 0.0005231798163418294
264 0.0005466056034482761
265 0.0006286017147676163
266 0.0006793497782358819
267 0.000737912293853073
268 0.0007847755809595203
269 0.0008823732664917541
270 0.0010268361912793603
271 0.001034640882683658
272 0.0012806175037481258
273 0.001237676083833083
274 0.001444592157046477
275 0.0014172757371314342
276 0.0015617386619190393
277 0.0017335238630684664
278 0.001835039511494253
279 0.0019716821276861583
280 0.0021747056159420286
281 0.0021200493503248374
282 0.0023347935407296346
283 0.002608086581709145
284 0.002553428363943026
285 0.0026510299537731135
286 0.0026354166666666665
287 0.0026510299537731118
288 0.002947756590454772
289 0.002939955803348325
290 0.0028735729791354316
291 0.002943858149050473
292 0.0029750944840079936
293 0.00308050466954023
294 0.002900908920539728
295 0.0029672780797101433
296 0.0028813854791354325
297 0.002744742862943526
298 0.0028072077242628666
299 0.0027017916822838577
300 0.0025221881246876537
301 0.0024128794977511226
302 0.002244990785857072
303 0.002319160732133932
304 0.0022840298600699653
305 0.0018545453835582216
306 0.0018662660857071472
307 0.0014758382527486253
308 0.001464119502748626
309 0.0014485179285357328
310 0.001175201461769115
311 0.0011712971639180408
312 0.00102683619127936
313 0.0008511408358320839
314 0.000609080225512244
315 0.0006403067997251378
316 0.0005387970077461269
317 0.00044118956146926586
318 0.0003748145458520744
319 0.0003123457802348829
320 0.00022254497751124453
321 0.0002498770146176913
322 0.0001835019990004998
323 0.0001366504247876062
324 0.00011713088768115938
325 0.00012103518553223385
326 7.418165917041477e-05
327 7.027736131934031e-05
328 4.2947276361819084e-05
329 5.0755872063968e-05
330 3.9042978510744616e-05
331 3.5138680659670155e-05
332 1.561719140429785e-05
333 2.7330084957521233e-05
334 7.808595702148925e-06
335 1.561719140429785e-05
336 7.808595702148925e-06
337 0.0
338 7.808595702148925e-06
339 0.0
340 0.0
341 3.904297851074463e-06
342 3.904297851074463e-06
343 0.0
344 3.904297851074463e-06
345 3.904297851074463e-06
346 0.0
347 3.904297851074463e-06
348 0.0
349 0.0
350 0.0
351 0.0
352 0.0
353 0.0
354 0.0
355 3.904297851074463e-06
356 0.0
357 0.0
358 0.0
