0 0.0
1 0.0
2 3.904297851074463e-06
3 0.0
4 0.0
5 0.0
6 0.0
7 0.0
8 0.0
9 7.808595702148925e-06
10 0.0
11 3.904297851074463e-06
12 3.904297851074463e-06
13 0.0
14 1.561719140429785e-05
15 0.0
16 0.0
17 1.561719140429785e-05
18 1.1712893553223388e-05
19 1.1712893553223388e-05
20 7.808595702148925e-06
21 7.808595702148925e-06
22 1.561719140429785e-05
23 1.561719140429785e-05
24 2.7330084957521233e-05
25 3.904297851074463e-06
26 2.3425787106446772e-05
27 3.5138680659670155e-05
28 4.294727636181908e-05
29 4.2947276361819084e-05
30 5.0755872063968006e-05
31 5.856446776611693e-05
32 0.0001327461269365317
33 0.00012884182908545725
34 0.00014445902048975515
35 0.00016398050974512747
36 0.00022254692966017
37 0.0003396758651924041
38 0.0003357696151924042
39 0.00043337901361819155
40 0.0005153692684907552
41 0.0006325040604697649
42 0.0006715392303848076
43 0.0009018967078960516
44 0.0010424553348325838
45 0.0012181448338330824
46 0.0014250745720889562
47 0.0018076938093453277
48 0.0021161391960269867
49 0.0023777251999000486
50 0.002904803457646174
51 0.003603682533733133
52 0.003794987271989008
53 0.004146391647926033
54 0.004759352745502248
55 0.005138071589205398
56 0.005844747548100951
57 0.006172712471889058
58 0.006637329772613699
59 0.007133199025487265
60 0.007344021348700657
61 0.00791012696776612
62 0.008472351714767611
63 0.009061916307471263
64 0.009362543337706149
65 0.009702223107196397
66 0.00965926021364318
67 0.009343023800599697
68 0.009612426208770616
69 0.009257115582833583
70 0.009702223107196402
71 0.009542133230259866
72 0.009058012009620192
73 0.008632445496001994
74 0.00827716220014993
75 0.0077539589580209916
76 0.007183925615317348
77 0.006434317997251377
78 0.006079009323463271
79 0.005633925224887557
80 0.005106835254247876
81 0.004657848809970014
82 0.00431428035982009
83 0.0032991453492004
84 0.0032796277642428793
85 0.0028540475855822088
86 0.0024675240504747607
87 0.0022020415573463263
88 0.0018311215486007005
89 0.0015695355447276369
90 0.0013977444871314335
91 0.0012025315467266357
92 0.0009877893084707643
93 0.0009370392928535732
94 0.000679349778235882
95 0.0006364044540229888
96 0.0005192755184907551
97 0.00042557041791604244
98 0.0004372813593203405
99 0.0003474825087456276
100 0.00027720514742628715
101 0.00022254497751124456
102 0.00018740629685157426
103 0.00017569535544727645
104 0.00019911919040479774
105 0.00013665237693653173
106 0.00011322658983008492
107 0.000101511744127936
108 0.00012103713768115939
109 8.589455272363815e-05
110 8.589455272363815e-05
111 4.294727636181908e-05
112 9.370314842578708e-05
113 5.0755872063968e-05
114 5.466016991504247e-05
115 9.760744627686154e-05
116 5.0757824212893535e-05
117 4.294727636181908e-05
118 3.9042978510744616e-05
119 3.1234382808595694e-05
120 3.904297851074462e-05
121 3.9042978510744616e-05
122 3.9042978510744616e-05
123 5.0755872063968006e-05
124 3.9042978510744616e-05
125 6.246876561719139e-05
126 4.685157421289354e-05
127 3.904297851074462e-05
128 6.246876561719139e-05
129 6.246876561719139e-05
130 2.7330084957521233e-05
131 9.370314842578708e-05
132 8.19902548725637e-05
133 9.760744627686154e-05
134 0.00012493753123438278
135 0.000101511744127936
136 8.589455272363815e-05
137 0.00011322463768115938
138 0.00012884182908545725
139 0.00019131254685157426
140 0.00020692973825587222
141 0.0002264531796601701
142 0.0002928242909795105
143 0.00031624812593703173
144 0.0003435801630434786
145 0.0004607090985757127
146 0.00046851574212893624
147 0.0006949650174912545
148 0.0007027755653423286
149 0.0007613419852573718
150 0.0009721740692153923
151 0.0011400608289605196
152 0.00131575423225887
153 0.0014797308377061471
154 0.0015968636775362324
155 0.0019013930534732644
156 0.002533897113943028
157 0.002729113958645676
158 0.002975086675412293
159 0.0035099774331584215
160 0.0039004052661169406
161 0.004513381980884557
162 0.005278634120439782
163 0.00581742136744128
164 0.006406974247251375
165 0.0070394783077211455
166 0.0074299080928285945
167 0.008382566529235387
168 0.008917441669790105
169 0.009995051302473764
170 0.010662686235007497
171 0.011220996923413301
172 0.011970616254372825
173 0.012708534404672674
174 0.013028679019865083
175 0.013817353042228902
176 0.014274177364442805
177 0.01450842157046479
178 0.01472706615442281
179 0.014473302411294377
180 0.015246351433658198
181 0.014941794727636204
182 0.014445964517741156
183 0.013926667525612214
184 0.013708034654547743
185 0.013075536450524759
186 0.013087249344077978
187 0.01184568262743629
188 0.011318592656796604
189 0.010713436250624687
190 0.009959893100324836
191 0.009354726933408298
192 0.008484070464767615
193 0.007554853432658681
194 0.007043380653423298
195 0.006301569918165918
196 0.005848655750249878
197 0.0051029270520989494
198 0.004583665198650675
199 0.004009741223138432
200 0.0037598446870314847
201 0.0029985105103698135
202 0.0027603385807096433
203 0.0021668931159420277
204 0.00199900245189905
205 0.0017139926130684663
206 0.0014641214548975507
207 0.0012845178973013487
208 0.001315756184407796
209 0.0008511486444277861
210 0.0007496271395552223
211 0.000714488458895552
212 0.0006910626717891051
213 0.0005309845077461272
214 0.0005114669227886061
215 0.00033967781734132974
216 0.00039433603510744675
217 0.00023816216891554235
218 0.00022254692966017011
219 0.000249878966766617
220 0.00019131254685157426
221 0.00017569340329835086
222 9.760744627686154e-05
223 0.00014055667478760618
224 0.00010541604197901046
225 0.00011322463768115938
226 7.808595702148923e-05
227 6.637306346826585e-05
228 4.685157421289354e-05
229 6.246876561719139e-05
230 6.637306346826585e-05
231 5.856446776611693e-05
232 5.856446776611692e-05
233 8.19902548725637e-05
234 4.6851574212893545e-05
235 5.0755872063968006e-05
236 4.6851574212893545e-05
237 4.685157421289354e-05
238 3.9042978510744616e-05
239 2.3425787106446772e-05
240 5.0755872063968e-05
241 2.7330084957521233e-05
242 4.685157421289354e-05
243 3.904297851074462e-05
244 3.514063280859569e-05
245 6.246876561719139e-05
246 7.418165917041477e-05
247 5.0755872063968e-05
248 5.466016991504246e-05
249 6.637306346826585e-05
250 8.589455272363815e-05
251 0.00010541604197901046
252 0.00012884378123438275
253 0.0001327461269365317
254 0.0001405566747876062
255 0.00013274612693653173
256 0.00017959770114942534
257 0.0002303535732133934
258 0.00019912309470264882
259 0.00036700399800099995
260 0.00040604892866067017
261 0.0004685157421289363
262 0.0004607090985757127
263 0.0004919434813843084
264 0.0006364025018740629
265 0.0006442150018740628
266 0.0008433322401299351
267 0.0010736877654922538
268 0.0012142366316841577
269 0.0013626116629185398
270 0.001671045336706648
271 0.001807711378685658
272 0.0019755844733883063
273 0.0024870533483258347
274 0.0028774792291354307
275 0.0029711745689655175
276 0.00355682705522239
277 0.004228372142053975
278 0.004493866348075959
279 0.005114645802098951
280 0.005251298179035477
281 0.006192251530484755
282 0.006629503607571219
283 0.006859872797976019
284 0.007796914042978521
285 0.008195146567341334
286 0.008515312656171913
287 0.008917461191279358
288 0.009456238677536229
289 0.009596814873813095
290 0.009573379325962016
291 0.009979424350324832
292 0.00964365083083458
293 0.009850613755622179
294 0.009538226980259872
295 0.009487471108195903
296 0.009022871376811592
297 0.008128773503873067
298 0.007933568372063975
299 0.007839871080084968
300 0.0072893631309345385
301 0.006305456646676662
302 0.00600094484007996
303 0.005415288449525239
304 0.005239579429035484
305 0.004630514820714643
306 0.004138571339330334
307 0.003580260650924538
308 0.0030844050630934525
309 0.0027837877936031973
310 0.0024636178004747633
311 0.001913119612068967
312 0.0017100922195152427
313 0.0015031644334082956
314 0.0013196565779610193
315 0.0011205412918540724
316 0.0009604572713643178
317 0.0007222951024487757
318 0.0006207892147676163
319 0.0005661231884057972
320 0.00043728526361819155
321 0.00033967391304347863
322 0.00028501569527736157
323 0.00024206646676661682
324 0.00017959965329835095
325 0.00020692778610694666
326 0.00013274612693653173
327 7.808595702148923e-05
328 0.00011322463768115938
329 8.19902548725637e-05
330 4.294727636181908e-05
331 2.3425787106446772e-05
332 2.3427739255372308e-05
333 3.904297851074462e-05
334 1.952148925537231e-05
335 3.904297851074463e-06
336 1.561719140429785e-05
337 1.1712893553223388e-05
338 3.904297851074463e-06
339 7.808595702148925e-06
340 7.808595702148925e-06
341 1.1712893553223388e-05
342 7.808595702148925e-06
343 7.808595702148925e-06
344 3.904297851074463e-06
345 3.904297851074463e-06
346 3.904297851074463e-06
347 0.0
348 3.904297851074463e-06
349 0.0
350 0.0
351 0.0
352 7.808595702148925e-06
353 3.904297851074463e-06
354 0.0
355 3.904297851074463e-06
356 0.0
357 0.0
358 3.904297851074463e-06
