0 0.0
1 0.0
2 0.0
3 0.0
4 0.0
5 0.0
6 0.0
7 0.0
8 0.0
9 0.0
10 0.0
11 0.0
12 0.0
13 0.0
14 0.0
15 0.0
16 0.0
17 0.0
18 0.0
19 0.0
20 0.0
21 0.0
22 0.0
23 0.0
24 0.0
25 0.0
26 0.0
27 0.0
28 0.0
29 0.0
30 0.0
31 3.904297851074463e-06
32 0.0
33 0.0
34 0.0
35 0.0
36 3.904297851074463e-06
37 0.0
38 0.0
39 0.0
40 7.808595702148925e-06
41 3.904297851074463e-06
42 0.0
43 7.808595702148925e-06
44 3.904297851074463e-06
45 1.1712893553223388e-05
46 3.904297851074463e-06
47 7.808595702148925e-06
48 1.1712893553223388e-05
49 1.561719140429785e-05
50 1.1712893553223388e-05
51 3.12343828085957e-05
52 3.513868065967016e-05
53 3.513868065967016e-05
54 1.952148925537231e-05
55 2.7330084957521233e-05
56 5.856446776611693e-05
57 7.418165917041477e-05
58 9.370314842578709e-05
59 9.760744627686155e-05
60 0.00016788480759620197
61 0.0001249375312343828
62 0.00020692778610694663
63 0.00019131059470264874
64 0.00020302348825587219
65 0.0002811094452773615
66 0.00030453523238380825
67 0.00034357821089455294
68 0.00036700399800099984
69 0.00043728135932033995
70 0.0005231759120439781
71 0.0006403048475762119
72 0.0006637306346826587
73 0.0006988693153423284
74 0.0007496251874062967
75 0.0009253185907046476
76 0.0008784670164917539
77 0.001108820589705147
78 0.001136150674662668
79 0.001147863568215892
80 0.0013352698650674658
81 0.0013469827586206895
82 0.00130403548225887
83 0.001425068715642178
84 0.0014406859070464765
85 0.001682752373813094
86 0.0017452211394302839
87 0.001749125437281358
88 0.0016632308845577206
89 0.0017296039480259866
90 0.0014523988005996995
91 0.0019013930534732624
92 0.0018311156921539228
93 0.0018896801599200396
94 0.001780359820089955
95 0.0017452211394302837
96 0.0018467328835582203
97 0.0017959770114942528
98 0.0020107133933033486
99 0.0021707896051974002
100 0.0021746939030484747
101 0.0022957271364317834
102 0.0024675162418790605
103 0.002666635432283857
104 0.0026822526236881554
105 0.0030609695152423776
106 0.003084395302348824
107 0.0034084520239880045
108 0.003330366066966516
109 0.0033733133433283334
110 0.003720795852073962
111 0.0038574462768615676
112 0.004048756871564217
113 0.004076086956521736
114 0.004224450274862568
115 0.004571932783608193
116 0.004712487506246873
117 0.004763243378310844
118 0.004599262868565716
119 0.004724200399800099
120 0.004849137931034479
121 0.004837425037481256
122 0.004841329335332331
123 0.0046929660169915
124 0.004833520739630183
125 0.004540698400799599
126 0.004614880059970012
127 0.004392335082458769
128 0.00420102448775612
129 0.0042517803598200905
130 0.004122938530734631
131 0.00429863193403298
132 0.004240067466266863
133 0.004029235382308844
134 0.004193215892053971
135 0.0038457333833083434
136 0.0036427098950524714
137 0.0038964892553723113
138 0.0037520302348825574
139 0.003701274362818589
140 0.003919915042478759
141 0.0038066904047975992
142 0.003888680659670164
143 0.00368565717141429
144 0.0036700399800099932
145 0.0038066904047976
146 0.003998000999500249
147 0.003935532233883056
148 0.003888680659670163
149 0.0036856571714142922
150 0.004146364317841078
151 0.004079991254372811
152 0.0041893115942028955
153 0.004052661169415291
154 0.004392335082458766
155 0.0045016554222888526
156 0.004579741379310344
157 0.004681253123438277
158 0.004634401549225384
159 0.004942841079460267
160 0.005036544227886054
161 0.005247376311844074
162 0.005177098950524734
163 0.005309845077461269
164 0.00536450524737631
165 0.005446495502248873
166 0.005590954522738629
167 0.005864255372313838
168 0.00605556596701649
169 0.0056339017991004475
170 0.00582911669165417
171 0.0062624937531234335
172 0.006200024987506244
173 0.0062000249875062445
174 0.005848638180909541
175 0.006403048475762114
176 0.006559220389805097
177 0.006219546476761616
178 0.0059696714142928485
179 0.006164886306846575
180 0.006293728135932035
181 0.0062117378810594695
182 0.006082896051974009
183 0.006239067966016993
184 0.006106321839080457
185 0.0061609820089955
186 0.005973575712143923
187 0.005915011244377809
188 0.00595014992503748
189 0.005700274862568714
190 0.005864255372313838
191 0.0059462456271864046
192 0.005481634182908545
193 0.0052825149925037436
194 0.005501155672163919
195 0.005173194652673662
196 0.0048218078460769585
197 0.004919415292353822
198 0.004958458270864566
199 0.0048179035482258875
200 0.004528985507246374
201 0.004626592953523237
202 0.004489942528735628
203 0.004259588955522235
204 0.004443090954522736
205 0.004064374062968513
206 0.0038613505747126424
207 0.003970670914542726
208 0.003939436531734131
209 0.003837924787606196
210 0.0039862881059470265
211 0.00393943653173413
212 0.003666135682158919
213 0.0036114755122438774
214 0.003779360319840078
215 0.0037012743628185895
216 0.0035607196401799095
217 0.003435782108945526
218 0.003490442278860568
219 0.0034357821089455254
220 0.003306940279860069
221 0.003580241129435281
222 0.0033303660669665165
223 0.003716891554222887
224 0.0034904422788605695
225 0.003619284107946024
226 0.003650518490754621
227 0.0036661356821589192
228 0.003603666916541728
229 0.0036934657671164398
230 0.0038340204897551206
231 0.0038457333833083448
232 0.0038964892553723118
233 0.0038027861069465244
234 0.003759838830584705
235 0.004095608445777112
236 0.004216641679160417
237 0.004392335082458767
238 0.004240067466266861
239 0.004259588955522236
240 0.0045406984007996
241 0.004528985507246375
242 0.004786669165417287
243 0.005048257121439279
244 0.004849137931034479
245 0.00507949150424787
246 0.005161481759120438
247 0.005462112693653172
248 0.005485538480759614
249 0.005735413543228384
250 0.0058720639680159906
251 0.006086800349825087
252 0.0061922163918040965
253 0.006301536731634183
254 0.006118034732633678
255 0.006426474262868564
256 0.0068169040479760116
257 0.0069457458770614666
258 0.007094109195402295
259 0.007219046726636677
260 0.007402548725637177
261 0.007488443278360818
262 0.007851542978510739
263 0.007847638680659668
264 0.007785169915042474
265 0.007765648425787104
266 0.008011619190404794
267 0.008281015742128932
268 0.00828101574212893
269 0.007980384807596198
270 0.008031140679660168
271 0.007925724637681158
272 0.007910107446276857
273 0.0076133808095951985
274 0.0076172851074462755
275 0.0072580897051474245
276 0.006785669665167415
277 0.006727105197401295
278 0.0065123688155922
279 0.0059072026486756595
280 0.005844733883058465
281 0.005356696651674161
282 0.005091204397801096
283 0.004771051974012992
284 0.004419665167416289
285 0.004005809595202399
286 0.003615379810094951
287 0.0034279735132433757
288 0.0032366629185407287
289 0.002877467516241878
290 0.0024362818590704647
291 0.0024128560719640165
292 0.0020927036481759114
293 0.001858445777111445
294 0.0015695277361319337
295 0.0014875374812593702
296 0.0011751936531734133
297 0.0011049162918540733
298 0.0009565529735132434
299 0.0007730509745127436
300 0.0006793478260869566
301 0.0006403048475762121
302 0.0006090704647676163
303 0.00044899425287356354
304 0.00037871689155422316
305 0.0003162481259370316
306 0.0003084395302348826
307 0.00024987506246876566
308 0.0001795977011494253
309 0.00013665042478760617
310 0.0001444590204897551
311 0.000101511744127936
312 7.808595702148923e-05
313 4.685157421289354e-05
314 5.466016991504247e-05
315 7.418165917041477e-05
316 5.0755872063968006e-05
317 4.6851574212893545e-05
318 3.5138680659670155e-05
319 3.1234382808595694e-05
320 1.561719140429785e-05
321 7.808595702148925e-06
322 2.7330084957521233e-05
323 3.904297851074463e-06
324 2.7330084957521233e-05
325 7.808595702148925e-06
326 7.808595702148925e-06
327 3.904297851074463e-06
328 3.904297851074463e-06
329 3.904297851074463e-06
330 0.0
331 0.0
332 0.0
333 0.0
334 0.0
335 0.0
336 0.0
337 0.0
338 0.0
339 0.0
340 0.0
341 0.0
342 0.0
343 0.0
344 0.0
345 0.0
346 0.0
347 0.0
348 0.0
349 0.0
350 0.0
351 0.0
352 0.0
353 0.0
354 0.0
355 0.0
356 0.0
357 0.0
358 0.0
