0 0.03876485595251506
1 0.03856030145528577
2 0.036897645249199036
3 0.03625494795448906
4 0.034223051393021876
5 0.032375216713395535
6 0.03057105441179032
7 0.028098364817330284
8 0.02666244589688284
9 0.023505077977845002
10 0.021775639505940487
11 0.019190906831851512
12 0.017488224910281003
13 0.015786691500162583
14 0.0134901713775378
15 0.01143471454998253
16 0.010033446361994644
17 0.008426582300630083
18 0.007143079930225148
19 0.006051412303640986
20 0.004934318869481211
21 0.004306184445856073
22 0.0033880562285611366
23 0.00292190123337659
24 0.002260116449105669
25 0.0019431793967256553
26 0.0014726412869530436
27 0.0012099632649924226
28 0.0007469665047040372
29 0.000656849433154493
30 0.0006326432051261506
31 0.0004704056529261071
32 0.0003567474057130578
33 0.00023546844444154096
34 0.00015012453665610808
35 0.00015805079506835305
36 0.00013782655144552874
37 0.00010146600835126988
38 7.695200729884792e-05
39 4.457021883083064e-05
40 2.4321288553811826e-05
41 3.243659507764162e-05
42 2.831725381485061e-05
43 2.0290676465031706e-05
44 1.2259178066860897e-05
45 1.6196011474932003e-05
46 4.043737060041408e-06
47 8.144676281276236e-06
48 0.0
49 0.0
50 0.0
51 0.0
52 0.0
53 0.0
54 0.0
55 0.0
56 0.0
57 4.088173731030874e-06
58 0.0
59 0.0
60 0.0
61 0.0
62 0.0
63 0.0
64 0.0
65 0.0
66 0.0
67 0.0
68 0.0
69 0.0
70 0.0
71 0.0
72 0.0
73 0.0
74 0.0
75 0.0
76 0.0
77 0.0
78 0.0
79 0.0
80 0.0
81 0.0
82 0.0
83 0.0
84 0.0
85 0.0
86 0.0
87 0.0
88 0.0
89 0.0
90 0.0
91 0.0
92 0.0
93 0.0
94 0.0
95 0.0
96 0.0
97 0.0
98 0.0
99 0.0
100 0.0
101 0.0
102 0.0
103 0.0
104 0.0
105 0.0
106 0.0
107 0.0
108 0.0
109 0.0
110 0.0
111 0.0
112 0.0
113 0.0
114 0.0
115 0.0
116 0.0
117 0.0
118 0.0
119 0.0
120 0.0
121 0.0
122 0.0
123 0.0
124 0.0
125 0.0
126 0.0
127 0.0
128 0.0
129 0.0
130 0.0
131 0.0
132 0.0
133 0.0
134 0.0
135 0.0
136 0.0
137 0.0
138 0.0
139 0.0
140 0.0
141 0.0
142 0.0
143 0.0
144 0.0
145 0.0
146 0.0
147 0.0
148 0.0
149 0.0
150 0.0
151 0.0
152 0.0
153 0.0
154 0.0
155 0.0
156 0.0
157 0.0
158 0.0
159 0.0
160 0.0
161 0.0
162 0.0
163 0.0
164 0.0
165 0.0
166 0.0
167 0.0
168 0.0
169 0.0
170 0.0
171 0.0
172 0.0
173 0.0
174 0.0
175 0.0
176 0.0
177 0.0
178 0.0
179 0.0
180 0.0
181 0.0
182 0.0
183 0.0
184 0.0
185 0.0
186 0.0
187 0.0
188 0.0
189 0.0
190 0.0
191 0.0
192 0.0
193 0.0
194 0.0
195 0.0
196 0.0
197 0.0
198 0.0
199 0.0
200 0.0
201 0.0
202 0.0
203 0.0
204 0.0
205 0.0
206 0.0
207 0.0
208 0.0
209 0.0
210 0.0
211 0.0
212 0.0
213 0.0
214 0.0
215 0.0
216 0.0
217 0.0
218 0.0
219 0.0
220 0.0
221 0.0
222 0.0
223 0.0
224 0.0
225 0.0
226 0.0
227 0.0
228 0.0
229 0.0
230 0.0
231 0.0
232 0.0
233 0.0
234 0.0
235 0.0
236 0.0
237 0.0
238 0.0
239 0.0
240 0.0
241 0.0
242 0.0
243 0.0
244 0.0
245 0.0
246 0.0
247 0.0
248 0.0
249 0.0
250 0.0
251 0.0
252 0.0
253 0.0
254 0.0
255 0.0
256 0.0
257 0.0
258 0.0
259 0.0
260 0.0
261 0.0
262 0.0
263 0.0
264 0.0
265 0.0
266 0.0
267 0.0
268 0.0
269 0.0
270 0.0
271 0.0
272 0.0
273 0.0
274 0.0
275 0.0
276 0.0
277 0.0
278 0.0
279 0.0
280 0.0
281 0.0
282 0.0
283 0.0
284 0.0
285 0.0
286 0.0
287 0.0
288 0.0
289 0.0
290 0.0
291 0.0
292 0.0
293 0.0
294 0.0
295 0.0
296 0.0
297 0.0
298 0.0
299 0.0
300 0.0
301 0.0
302 0.0
303 0.0
304 0.0
305 0.0
306 0.0
307 0.0
308 0.0
309 0.0
310 0.0
311 4.041645111226073e-06
312 0.0
313 4.0584415584415584e-06
314 2.0286864308131984e-05
315 1.6261394770956104e-05
316 4.041645111226073e-06
317 2.426107099315495e-05
318 4.449323463935911e-05
319 4.0535019516473016e-05
320 6.477541617881639e-05
321 6.890838206076128e-05
322 0.00011765239771111342
323 0.0002190061611716101
324 0.00025142139732569463
325 0.00027176176657558055
326 0.0003933244781611232
327 0.00042598880679639025
328 0.0006325193876214878
329 0.0008684625354756939
330 0.0010751909972359945
331 0.0012585181717585945
332 0.0017813041031386906
333 0.00219079723168897
334 0.002608850053110018
335 0.0031415182496219505
336 0.00405808202369379
337 0.004857519780944476
338 0.005708931643501008
339 0.006716839247594987
340 0.008254643196719518
341 0.010048243384959413
342 0.011259704694181645
343 0.013160205237872393
344 0.01512159867789951
345 0.017418250129148365
346 0.019066949656212848
347 0.021330588375540294
348 0.024048131706961032
349 0.02589591183108589
350 0.02834904060911761
351 0.03075540417276562
352 0.03210945027449503
353 0.03451969555180426
354 0.03602941521946761
355 0.03681898068174579
356 0.037456086411416234
357 0.03928237008564621
358 0.03911761763228978
