0 3.904297851074463e-06
1 3.904297851074463e-06
2 0.0
3 0.0
4 3.904297851074463e-06
5 3.904297851074463e-06
6 0.0
7 0.0
8 0.0
9 3.904297851074463e-06
10 0.0
11 3.904297851074463e-06
12 3.904297851074463e-06
13 0.0
14 3.904297851074463e-06
15 3.904297851074463e-06
16 1.1712893553223388e-05
17 7.808595702148925e-06
18 7.808595702148925e-06
19 1.561719140429785e-05
20 3.904297851074463e-06
21 1.1712893553223388e-05
22 7.808595702148925e-06
23 2.7330084957521233e-05
24 1.952148925537231e-05
25 2.3425787106446772e-05
26 2.7330084957521233e-05
27 2.7330084957521233e-05
28 3.9042978510744616e-05
29 4.6851574212893545e-05
30 7.808595702148923e-05
31 9.760744627686154e-05
32 0.000101511744127936
33 0.0001366504247876062
34 0.00014055472263868068
35 0.00018350199900049984
36 0.0002225449775112445
37 0.00023816216891554235
38 0.0002576836581709148
39 0.0003787168915542234
40 0.00047242003998001055
41 0.0005153673163418297
42 0.0006364005497251379
43 0.0005661231884057974
44 0.0007496251874062967
45 0.0009018928035982007
46 0.0010307346326836582
47 0.001136150674662669
48 0.0012532796101949028
49 0.0014836331834082958
50 0.001721795352323838
51 0.0018974887556221893
52 0.0018896801599200396
53 0.0022059282858570717
54 0.00217859820089955
55 0.002760338580709645
56 0.002561219390304846
57 0.002830615942028984
58 0.0029243190904547703
59 0.0030297351324337822
60 0.003197619940029985
61 0.0032249500249875033
62 0.003420164917541229
63 0.003353791854072963
64 0.0037207958520739633
65 0.0037286044477761126
66 0.003779360319840082
67 0.0036505184907546233
68 0.003634901299350326
69 0.0036622313843078474
70 0.003549006746626689
71 0.003392834832583707
72 0.0035177723638180926
73 0.003349887556221889
74 0.0033264617691154434
75 0.0029477448775612185
76 0.0029360319840079957
77 0.0029087018990504756
78 0.0027330084957521246
79 0.002405047476261868
80 0.002412856071964018
81 0.002209832583708145
82 0.0019833833083458263
83 0.0018467328835582216
84 0.0017178910544727644
85 0.0016554222888555722
86 0.001499250374812594
87 0.0014445902048975524
88 0.001319652673663168
89 0.00109320339830085
90 0.0010346389305347322
91 0.0010190217391304348
92 0.000851136931534233
93 0.000788668165917041
94 0.0006871564217891058
95 0.0006793478260869567
96 0.0005505059970014997
97 0.0005270802098950527
98 0.00041775987006496807
99 0.0004294727636181914
100 0.00038262118940529774
101 0.0003826211894052977
102 0.0003123438280859573
103 0.0002537793603198403
104 0.00022254497751124456
105 0.00026549225387306356
106 0.0001795977011494254
107 0.00017959770114942534
108 0.00017569340329835086
109 0.00016788480759620194
110 0.00018740629685157432
111 0.00017178910544727647
112 0.00021864067966017006
113 0.00016007621189405305
114 0.00015226761619190407
115 0.00012884182908545725
116 0.00014445902048975512
117 0.00010932033983008492
118 0.00011712893553223384
119 0.000160076211894053
120 8.589455272363815e-05
121 0.00014055472263868065
122 0.00010932033983008492
123 0.0001444590204897551
124 0.00012884182908545725
125 0.0001874062968515743
126 0.00018350199900049984
127 0.00011322463768115938
128 0.00016398050974512747
129 0.00010932033983008492
130 0.00015617191404297855
131 0.00018740629685157426
132 0.0002225449775112445
133 0.0002459707646176913
134 0.00017569340329835092
135 0.0003279610194902552
136 0.00034357821089455305
137 0.00036700399800099984
138 0.00041385557221389354
139 0.0005231759120439783
140 0.0005036544227886059
141 0.0006793478260869565
142 0.0006754435282358821
143 0.000882371314342829
144 0.0008901799100449776
145 0.0009995002498750629
146 0.0011478635682158926
147 0.001307939780109945
148 0.0015539105447276368
149 0.00189748875562219
150 0.0021122251374312844
151 0.0022918228385807094
152 0.002795477261369316
153 0.00301021364317841
154 0.003529485257371316
155 0.0038262118940529757
156 0.004400143678160919
157 0.004927223888055972
158 0.005762743628185907
159 0.006360101199400301
160 0.006906702898550727
161 0.007956959020489762
162 0.008480134932533738
163 0.00940154922538731
164 0.01082661794102949
165 0.011677754872563723
166 0.012649925037481276
167 0.01369627686156924
168 0.015527392553723162
169 0.016023238380809615
170 0.01671039480259871
171 0.018170602198900564
172 0.019010026236881573
173 0.019880684657671156
174 0.02061078835582208
175 0.02082552473763118
176 0.021438499500249876
177 0.022344296601699152
178 0.02185235507246377
179 0.022699587706146933
180 0.02222326336831584
181 0.022566841579210406
182 0.02226230634682658
183 0.02196557971014493
184 0.020989505247376312
185 0.020520989505247382
186 0.019966579210394797
187 0.01836581709145427
188 0.018182315092453778
189 0.016975887056471784
190 0.015710894552723658
191 0.015136962768615711
192 0.01384464017991007
193 0.01289980009995005
194 0.011650424787606205
195 0.010557221389305352
196 0.00956552973513243
197 0.008718297101449276
198 0.008015523488255879
199 0.0069652673663168465
200 0.006129747626186905
201 0.005711987756121936
202 0.005157577461269363
203 0.004489942528735631
204 0.003869159170414796
205 0.0033655047476261863
206 0.0029360319840079966
207 0.0026354010494752628
208 0.0023738130934532727
209 0.0020575649675162407
210 0.001764742628685658
211 0.0015265804597701161
212 0.0012649925037481258
213 0.0011673850574712642
214 0.0010697776111944024
215 0.0009331271864067965
216 0.0007183908045977015
217 0.0006637306346826589
218 0.0005270802098950527
219 0.000499750124937532
220 0.0005426974012993503
221 0.00044508995502248933
222 0.0003982383808095957
223 0.0003045352323838084
224 0.0002850137431284361
225 0.0002147363818090956
226 0.00027330084957521267
227 0.00018350199900049981
228 0.00017569340329835095
229 0.00019131059470264876
230 0.00020692778610694666
231 0.00018350199900049987
232 0.00015617191404297852
233 0.00015617191404297852
234 0.000101511744127936
235 0.00010932033983008492
236 0.00013274612693653173
237 0.00016007621189405305
238 0.00012493753123438278
239 0.000101511744127936
240 9.760744627686154e-05
241 0.00014055472263868065
242 0.00019131059470264876
243 0.0001522676161919041
244 0.00018740629685157426
245 0.00015617191404297857
246 0.00012884182908545722
247 0.00017959770114942542
248 0.00017959770114942534
249 0.00018350199900049987
250 0.00015226761619190407
251 0.00019521489255372326
252 0.00022644927536231906
253 0.00023816216891554238
254 0.00032796101949025526
255 0.00022644927536231898
256 0.00031234382808595736
257 0.0003474825087456276
258 0.00037871689155422316
259 0.00035919540229885095
260 0.0003630997001499255
261 0.0005192716141929039
262 0.0005426974012993506
263 0.000519271614192904
264 0.000612974762618691
265 0.0007808595702148925
266 0.0007574337831084456
267 0.0008472326336831581
268 0.0009370314842578707
269 0.0009955959520239878
270 0.00127670539730135
271 0.0012181409295352315
272 0.001280609695152424
273 0.001624187906046977
274 0.0014328773113443283
275 0.001702273863068466
276 0.0019755747126436784
277 0.002014617691154422
278 0.0021668853073463267
279 0.00243237756121939
280 0.0027095827086456746
281 0.002690061219390305
282 0.002822807346326835
283 0.0029789792603698156
284 0.003064873813093454
285 0.002982883558220889
286 0.0034865379810094968
287 0.003529485257371314
288 0.0036466141929035493
289 0.0036856571714142927
290 0.0035919540229885053
291 0.0036231884057971032
292 0.0038418290854572703
293 0.003701274362818591
294 0.0035529110444777598
295 0.0036856571714142914
296 0.0033498875562218903
297 0.003490442278860569
298 0.0033772176411794113
299 0.0032561844077961034
300 0.0030687781109445264
301 0.002928223388305846
302 0.0027564342828585698
303 0.0026627311344327833
304 0.0025377936031983996
305 0.002268397051474261
306 0.0021005122438780615
307 0.0018584457771114453
308 0.0016398050974512745
309 0.0016398050974512756
310 0.0013508870564717637
311 0.0012181409295352324
312 0.0012025237381309347
313 0.0009448400799600197
314 0.0008784670164917542
315 0.0007066779110444777
316 0.0006715392303848073
317 0.0005700274862568714
318 0.000554410294852574
319 0.0003084395302348829
320 0.0003591954022988509
321 0.00033967391304347863
322 0.00023425787106446787
323 0.0002108320839580211
324 0.00021864067966017014
325 0.00014055472263868068
326 0.00014836331834082962
327 0.00010932033983008492
328 7.418165917041477e-05
329 7.027736131934031e-05
330 2.7330084957521233e-05
331 3.904297851074462e-05
332 3.1234382808595694e-05
333 2.3425787106446772e-05
334 3.12343828085957e-05
335 2.7330084957521233e-05
336 1.952148925537231e-05
337 1.1712893553223388e-05
338 1.1712893553223388e-05
339 1.561719140429785e-05
340 0.0
341 0.0
342 1.561719140429785e-05
343 0.0
344 0.0
345 3.904297851074463e-06
346 0.0
347 3.904297851074463e-06
348 0.0
349 0.0
350 0.0
351 0.0
352 0.0
353 0.0
354 0.0
355 0.0
356 0.0
357 0.0
358 0.0
