0 0.0
1 0.0
2 0.0
3 0.0
4 3.904297851074463e-06
5 3.904297851074463e-06
6 3.904297851074463e-06
7 0.0
8 3.904297851074463e-06
9 7.808595702148925e-06
10 3.904297851074463e-06
11 0.0
12 7.808595702148925e-06
13 0.0
14 0.0
15 7.808595702148925e-06
16 3.904297851074463e-06
17 1.561719140429785e-05
18 3.904297851074463e-06
19 0.0
20 1.561719140429785e-05
21 1.1712893553223388e-05
22 1.952148925537231e-05
23 1.1712893553223388e-05
24 1.1712893553223388e-05
25 4.685157421289354e-05
26 4.294727636181908e-05
27 3.9042978510744616e-05
28 4.294727636181908e-05
29 3.5138680659670155e-05
30 7.027736131934031e-05
31 7.418165917041477e-05
32 0.00010541604197901046
33 0.00014445902048975515
34 0.00016007621189405305
35 0.0001795977011494254
36 0.0002342578710644679
37 0.0003084395302348828
38 0.00034357821089455305
39 0.00039433408295852117
40 0.00044899425287356386
41 0.0006481134432783608
42 0.0006676349325337331
43 0.0008120939530234882
44 0.0009253185907046476
45 0.0011088205897051469
46 0.0012493753123438275
47 0.001530484757621189
48 0.0013079397801099447
49 0.0017296039480259875
50 0.0018272113943028489
51 0.0020419477761119444
52 0.002205928285857069
53 0.002264492753623188
54 0.0026510182408795574
55 0.0028930847076461784
56 0.0028189030484757614
57 0.0031312468765617215
58 0.0034982508745627196
59 0.0033303660669665165
60 0.0036778485757121447
61 0.0039003935532233892
62 0.0037832646176911545
63 0.0037481259370314855
64 0.004138555722138931
65 0.004056565467266366
66 0.004126842828585707
67 0.004021426786606699
68 0.004201024487756121
69 0.004286919040479759
70 0.003955053723138431
71 0.003966766616691652
72 0.0035411981509245387
73 0.0038613505747126446
74 0.0035255809595202384
75 0.003342078960519739
76 0.0032093328335832073
77 0.0029789792603698126
78 0.0029360319840079966
79 0.0026471139430284847
80 0.0025963580709645185
81 0.002330865817091453
82 0.00228401424287856
83 0.0020107133933033486
84 0.0018623500749625193
85 0.001721795352323839
86 0.0016007621189405299
87 0.001421164417791104
88 0.0014172601199400302
89 0.0012728010994502751
90 0.0012220452273863063
91 0.0009838830584707643
92 0.000866754122938531
93 0.0008901799100449773
94 0.0006988693153423288
95 0.0006403048475762118
96 0.0006559220389805098
97 0.0005817403798100952
98 0.0005739317841079463
99 0.0004099512743628192
100 0.00043728135932034033
101 0.00040214267866067017
102 0.00029672663668165947
103 0.0003318653173413298
104 0.00027330084957521256
105 0.0003084395302348829
106 0.00021864067966017008
107 0.0002615879560219892
108 0.00024206646676661682
109 0.00019521489255372324
110 0.00016398050974512752
111 0.00020692778610694663
112 0.00017178910544727642
113 0.000160076211894053
114 0.00015617191404297852
115 0.00011322463768115938
116 0.00015617191404297852
117 0.00016788480759620197
118 0.00011712893553223386
119 0.00010932033983008492
120 0.000101511744127936
121 0.00015617191404297855
122 0.00014445902048975515
123 0.00015617191404297857
124 0.00012884182908545725
125 0.00011322463768115938
126 0.00013274612693653173
127 0.0001210332333833083
128 0.0002069277861069467
129 0.000160076211894053
130 0.00025377936031984025
131 0.00020302348825587224
132 0.00022644927536231903
133 0.00023035357321339343
134 0.0002889180409795105
135 0.00024597076461769135
136 0.00028501374312843604
137 0.0003357696151924041
138 0.0004450899550224893
139 0.0004685157421289361
140 0.0005505059970014999
141 0.0006364005497251373
142 0.0006442091454272866
143 0.0008550412293853078
144 0.000804285357321339
145 0.000956552973513243
146 0.0010385432283858073
147 0.0012806096951524237
148 0.0015070589705147423
149 0.001596857821089456
150 0.0020068090954522733
151 0.0023542916041978993
152 0.002584645177411292
153 0.002857946026986503
154 0.0031898113443278343
155 0.003662231384307847
156 0.004107321339330333
157 0.004798382058970511
158 0.005208333333333334
159 0.005993097201399302
160 0.0068247126436781665
161 0.007465017491254379
162 0.008425474762618687
163 0.009288324587706148
164 0.010713393303348322
165 0.010998407046476772
166 0.012290729635182417
167 0.013454210394802617
168 0.014578648175912059
169 0.014750437281359347
170 0.016597170164917557
171 0.017253092203898056
172 0.01816669790104948
173 0.018873375812093966
174 0.020025143678160936
175 0.020153985507246383
176 0.021051974012993503
177 0.021352604947526242
178 0.020930940779610184
179 0.022570745877061472
180 0.021840642178910546
181 0.021805503498250854
182 0.020868472013993
183 0.02118081584207896
184 0.02044680784607696
185 0.020341391804097945
186 0.019576149425287355
187 0.017838736881559233
188 0.01763571339330336
189 0.016292634932533752
190 0.015453210894552746
191 0.01448494502748628
192 0.01349325337331337
193 0.01220483508245878
194 0.011381028235882067
195 0.010147270114942528
196 0.009241473013493255
197 0.008390336081959021
198 0.007398644427786113
199 0.006551411794102953
200 0.0060633745627186415
201 0.005196620439780106
202 0.004743721889055473
203 0.004130747126436782
204 0.0035685282358820618
205 0.003338174662668666
206 0.002889180409795103
207 0.0024987506246876546
208 0.002319152923538231
209 0.002010713393303349
210 0.0015968578210894557
211 0.00148753748125937
212 0.0012767053973013493
213 0.001019021739130435
214 0.0010853948025987014
215 0.0008238068465767115
216 0.0007222951024487755
217 0.0006324962518740632
218 0.0006481134432783611
219 0.0004997501249375317
220 0.00041775987006496807
221 0.0003670039980009997
222 0.0004099512743628191
223 0.0003123438280859573
224 0.00024987506246876577
225 0.00019911919040479774
226 0.0002108320839580211
227 0.0002342578710644679
228 0.00022254497751124453
229 0.0001913105947026488
230 0.00020692778610694663
231 0.00017569340329835086
232 0.0001483633183408296
233 0.00011712893553223384
234 0.0001210332333833083
235 0.000101511744127936
236 9.370314842578708e-05
237 0.00014055472263868068
238 0.00014445902048975515
239 0.00012493753123438278
240 0.00012884182908545725
241 0.0001210332333833083
242 0.00012493753123438278
243 0.00012493753123438278
244 0.00012884182908545725
245 0.00016398050974512744
246 0.0001639805097451275
247 0.00015617191404297852
248 0.00019131059470264876
249 0.00019521489255372324
250 0.00021473638180909558
251 0.0002186406796601701
252 0.00018350199900049984
253 0.00026158795602198914
254 0.00027720514742628715
255 0.00027330084957521267
256 0.00032796101949025526
257 0.00038262118940529763
258 0.0003396739130434787
259 0.0003826211894052978
260 0.0004958458270864572
261 0.0005309845077461276
262 0.0005036544227886063
263 0.0006129747626186909
264 0.0007066779110444776
265 0.0007535294852573718
266 0.0007847638680659672
267 0.0009760744627686153
268 0.0010463518240879557
269 0.0010814905047476261
270 0.001147863568215892
271 0.0013938343328335832
272 0.0013586956521739134
273 0.0015851449275362313
274 0.0017022738630684655
275 0.002010713393303349
276 0.0020692778610694653
277 0.002280109945027486
278 0.0024440904547726127
279 0.0024440904547726136
280 0.0027798600699650163
281 0.0028735632183908046
282 0.002963362068965517
283 0.0030102136431784075
284 0.0034201649175412295
285 0.003474825087456274
286 0.00361147551224388
287 0.003775456021989004
288 0.003931627936031986
289 0.004083895552223889
290 0.004122938530734632
291 0.004044852573713145
292 0.00392772363818091
293 0.003974575212393803
294 0.004013618190904548
295 0.003779360319840079
296 0.004126842828585706
297 0.0037637431284357837
298 0.0037598388305847105
299 0.0036075712143928064
300 0.0033694090454772624
301 0.003412356321839079
302 0.003119533983008495
303 0.00302583083458271
304 0.0026978698150924535
305 0.0024831334332833565
306 0.002455803348325837
307 0.0022683970514742633
308 0.0019052973513243386
309 0.0019404360319840077
310 0.001639805097451274
311 0.001319652673663168
312 0.0013743128435782107
313 0.0011361506746626689
314 0.0009643615692153922
315 0.0008589455272363818
316 0.0008003810594702645
317 0.0006559220389805101
318 0.0005661231884057974
319 0.0003787168915542234
320 0.0004450899550224892
321 0.00032796101949025526
322 0.00026549225387306367
323 0.0001874062968515743
324 0.00021083208395802103
325 0.00012884182908545725
326 0.00014836331834082957
327 7.418165917041477e-05
328 8.19902548725637e-05
329 6.637306346826585e-05
330 6.246876561719139e-05
331 5.466016991504247e-05
332 5.0755872063968006e-05
333 3.1234382808595694e-05
334 3.1234382808595694e-05
335 1.952148925537231e-05
336 1.1712893553223388e-05
337 7.808595702148925e-06
338 7.808595702148925e-06
339 7.808595702148925e-06
340 7.808595702148925e-06
341 1.1712893553223388e-05
342 7.808595702148925e-06
343 1.561719140429785e-05
344 7.808595702148925e-06
345 3.904297851074463e-06
346 0.0
347 0.0
348 7.808595702148925e-06
349 0.0
350 3.904297851074463e-06
351 0.0
352 0.0
353 0.0
354 3.904297851074463e-06
355 0.0
356 0.0
357 0.0
358 0.0
