0 0.0
1 7.808595702148925e-06
2 0.0
3 0.0
4 0.0
5 0.0
6 7.808595702148925e-06
7 0.0
8 3.904297851074463e-06
9 0.0
10 0.0
11 0.0
12 3.904297851074463e-06
13 0.0
14 0.0
15 3.904297851074463e-06
16 0.0
17 0.0
18 3.904297851074463e-06
19 3.904297851074463e-06
20 0.0
21 3.904297851074463e-06
22 3.904297851074463e-06
23 1.952148925537231e-05
24 0.0
25 3.904297851074463e-06
26 1.1712893553223388e-05
27 7.808595702148925e-06
28 1.952148925537231e-05
29 1.561719140429785e-05
30 2.3425787106446772e-05
31 3.1234382808595694e-05
32 3.5138680659670155e-05
33 3.904297851074462e-05
34 5.466016991504247e-05
35 5.466016991504247e-05
36 0.00011712893553223384
37 0.000101511744127936
38 0.000160076211894053
39 0.00026549225387306367
40 0.0002733008495752126
41 0.000285013743128436
42 0.0003670039980009998
43 0.00043337706146926575
44 0.0005505059970014995
45 0.0007066779110444778
46 0.0007691466766616691
47 0.0008979885057471261
48 0.0011400549725137427
49 0.0014094515242378803
50 0.0017022738630684655
51 0.002049756371814091
52 0.0023777173913043454
53 0.0027408170914542734
54 0.0033733133433283325
55 0.0037598388305847053
56 0.004224450274862566
57 0.004946745377311339
58 0.005173194652673661
59 0.00630153673163418
60 0.007140960769615193
61 0.007281515492253878
62 0.008429379060469758
63 0.008835426036981505
64 0.009745127436281857
65 0.01049084832583708
66 0.01113115317341329
67 0.011580147426286859
68 0.01226339955022489
69 0.01236100699650175
70 0.013493253373313351
71 0.013173100949525242
72 0.013325368565717144
73 0.013188718140929544
74 0.013356602948525741
75 0.012833427036481765
76 0.012606977761119442
77 0.012466423038480764
78 0.011689467766116944
79 0.011189717641179407
80 0.01104525862068965
81 0.009909107946026986
82 0.009553816841579207
83 0.008827617441279354
84 0.00845280484757621
85 0.007457208895552228
86 0.007066779110444781
87 0.0067661481759120415
88 0.0060048100949525235
89 0.00543478260869565
90 0.004732008995502244
91 0.004310344827586203
92 0.0038808720639680154
93 0.0035919540229885066
94 0.00297507496251874
95 0.0028891804097951005
96 0.0023113443278360815
97 0.0022683970514742616
98 0.0019521489255372316
99 0.0016398050974512737
100 0.0015226761619190406
101 0.0013899300349825086
102 0.0012064280359820089
103 0.0010619690154922538
104 0.0009370314842578711
105 0.0008745627186406797
106 0.0007613380809595203
107 0.0005661231884057974
108 0.0005544102948525739
109 0.0005036544227886063
110 0.0004958458270864572
111 0.0003670039980009998
112 0.0003591954022988509
113 0.00043337706146926586
114 0.00028501374312843593
115 0.00030063093453273394
116 0.00025377936031984025
117 0.00022644927536231903
118 0.00022644927536231892
119 0.00025377936031984025
120 0.00026939655172413814
121 0.00023425787106446795
122 0.00016788480759620192
123 0.00016007621189405302
124 0.00017959770114942534
125 0.00024206646676661682
126 0.00023816216891554235
127 0.0002342578710644679
128 0.0002108320839580211
129 0.00021864067966017006
130 0.00017959770114942537
131 0.00025377936031984025
132 0.00028501374312843604
133 0.0003552911044477765
134 0.00028891804097951046
135 0.0003318653173413297
136 0.0003552911044477764
137 0.0003670039980009999
138 0.00046070714642678707
139 0.0004919415292353828
140 0.0005192716141929041
141 0.0006246876561719141
142 0.0006832521239380306
143 0.0007418165917041477
144 0.0008979885057471261
145 0.0009292228885557221
146 0.0010385432283858073
147 0.0010112131434282855
148 0.0012962268865567218
149 0.0014055472263868067
150 0.0016319965017491265
151 0.0018037856071964017
152 0.002069277861069465
153 0.0022488755622188912
154 0.002522176411794102
155 0.0027369127936031994
156 0.003033639430284857
157 0.0036270927036481755
158 0.0035685282358820596
159 0.004076086956521739
160 0.004743721889055468
161 0.005005309845077461
162 0.005423069715142429
163 0.005786169415292354
164 0.006289823838080961
165 0.007055066216891557
166 0.007250281109445277
167 0.007945246126936535
168 0.008050662168915547
169 0.008620689655172417
170 0.009155578460769614
171 0.009452305097451277
172 0.010424475262368817
173 0.010541604197901058
174 0.01092422538730635
175 0.011064780109945032
176 0.010650924537731135
177 0.011369315342328839
178 0.011431784107946028
179 0.011716797851074462
180 0.011427879810094957
181 0.01117800474762619
182 0.011181909045477263
183 0.011185813343328337
184 0.010639211644177912
185 0.010283920539730132
186 0.010045758370814593
187 0.00986616066966517
188 0.009007215142428786
189 0.008378623188405798
190 0.008351293103448275
191 0.007914011744127937
192 0.007226855322338831
193 0.0066607321339330365
194 0.006071183158420791
195 0.00572370064967516
196 0.005278610694652669
197 0.004743721889055471
198 0.0043611006996501726
199 0.004037043978010991
200 0.0034904422788605703
201 0.003174194152923539
202 0.0029321276861569204
203 0.0023699087956021987
204 0.0022527798600699644
205 0.0021044165417291347
206 0.001838924287856072
207 0.0017217953523238384
208 0.001468015992003998
209 0.0012220452273863068
210 0.0011947151424287845
211 0.0009487443778110943
212 0.0008042853573213393
213 0.0007222951024487753
214 0.0005387931034482762
215 0.0005505059970014998
216 0.0004997501249375319
217 0.000519271614192904
218 0.00041385557221389354
219 0.0003943340829585212
220 0.00024597076461769124
221 0.0002772051474262871
222 0.00029672663668165947
223 0.0002342578710644679
224 0.00024597076461769135
225 0.0001991191904047977
226 0.0001639805097451275
227 0.00014055472263868068
228 0.0001327461269365317
229 0.00010932033983008492
230 0.00011712893553223384
231 0.00016007621189405305
232 0.00011322463768115938
233 9.760744627686154e-05
234 0.0001210332333833083
235 0.00012884182908545725
236 0.0001210332333833083
237 0.00010541604197901046
238 0.0001210332333833083
239 0.00012884182908545725
240 0.0001210332333833083
241 0.00010541604197901046
242 0.00015617191404297855
243 9.760744627686154e-05
244 0.00010541604197901046
245 0.00018740629685157432
246 0.00012884182908545725
247 0.0001874062968515743
248 0.0002186406796601701
249 0.00022644927536231895
250 0.00022254497751124453
251 0.00025377936031984035
252 0.00032015242378810626
253 0.0002693965517241382
254 0.000351386806596702
255 0.00040214267866067006
256 0.0004216641679160424
257 0.0004763243378310849
258 0.0006559220389805098
259 0.0007340079960019993
260 0.0007457208895552226
261 0.0008277111444277861
262 0.0010073088455772113
263 0.0011049162918540724
264 0.0012259495252373812
265 0.0012767053973013487
266 0.0015304847576211884
267 0.0016007621189405288
268 0.0017764555222388807
269 0.001756934032983508
270 0.0022137368815592206
271 0.0024245689655172415
272 0.0026783483258370822
273 0.0029438405797101433
274 0.0032796101949025464
275 0.0034943465767116456
276 0.0036114755122438765
277 0.0042634932533733095
278 0.0044001436781609185
279 0.004646114442778607
280 0.004989692653673161
281 0.005223950524737628
282 0.005368409545227389
283 0.0055011556721639146
284 0.005872063968015988
285 0.006012618690654677
286 0.006082896051974008
287 0.0061258433283358305
288 0.006137556221889055
289 0.006090704647676158
290 0.0061063218390804575
291 0.006020427286356819
292 0.005891585457271363
293 0.005969671414292854
294 0.005430878310844575
295 0.005352792353823085
296 0.004825712143928034
297 0.004560219890054969
298 0.004365004997501245
299 0.003900393553223387
300 0.0036934657671164393
301 0.003322557471264366
302 0.0031546726636681654
303 0.0028540417291354303
304 0.002572932283858067
305 0.002225449775112443
306 0.002088799350324837
307 0.0015656234382808586
308 0.0016944652673663168
309 0.0014563030984507744
310 0.0011595764617691148
311 0.0010424475262368813
312 0.0008628498250874562
313 0.0006988693153423287
314 0.000632496251874063
315 0.0005973575712143932
316 0.00046851574212893596
317 0.0003709082958520743
318 0.00032796101949025515
319 0.0002147363818090955
320 0.00024987506246876577
321 0.0001522676161919041
322 0.00012884182908545725
323 0.00012493753123438278
324 8.19902548725637e-05
325 7.027736131934031e-05
326 5.0755872063968e-05
327 5.856446776611693e-05
328 6.246876561719139e-05
329 1.561719140429785e-05
330 1.561719140429785e-05
331 2.3425787106446772e-05
332 3.9042978510744616e-05
333 3.904297851074463e-06
334 7.808595702148925e-06
335 1.1712893553223388e-05
336 3.904297851074463e-06
337 3.904297851074463e-06
338 7.808595702148925e-06
339 0.0
340 3.904297851074463e-06
341 0.0
342 0.0
343 0.0
344 0.0
345 0.0
346 3.904297851074463e-06
347 0.0
348 0.0
349 0.0
350 0.0
351 0.0
352 0.0
353 0.0
354 3.904297851074463e-06
355 0.0
356 0.0
357 0.0
358 0.0
