0 1.561719140429785e-05
1 1.561719140429785e-05
2 7.808595702148925e-06
3 1.1712893553223388e-05
4 7.808595702148925e-06
5 0.0
6 3.904297851074463e-06
7 1.1712893553223388e-05
8 7.808595702148925e-06
9 1.1712893553223388e-05
10 7.808595702148925e-06
11 1.1712893553223388e-05
12 7.808595702148925e-06
13 1.1712893553223388e-05
14 1.1712893553223388e-05
15 1.561719140429785e-05
16 1.952148925537231e-05
17 0.0
18 7.808595702148925e-06
19 1.952148925537231e-05
20 2.7330084957521233e-05
21 1.1712893553223388e-05
22 1.1712893553223388e-05
23 1.1712893553223388e-05
24 7.808595702148925e-06
25 1.952148925537231e-05
26 1.952148925537231e-05
27 1.561719140429785e-05
28 1.561719140429785e-05
29 1.1712893553223388e-05
30 1.1712893553223388e-05
31 1.561719140429785e-05
32 1.1712893553223388e-05
33 3.904297851074463e-06
34 7.810547851074463e-06
35 1.1712893553223388e-05
36 1.1712893553223388e-05
37 2.3425787106446772e-05
38 1.561719140429785e-05
39 1.952148925537231e-05
40 1.1712893553223388e-05
41 1.561719140429785e-05
42 1.952148925537231e-05
43 1.952148925537231e-05
44 3.514063280859569e-05
45 2.3425787106446772e-05
46 4.685157421289354e-05
47 1.952148925537231e-05
48 5.0755872063968e-05
49 7.027736131934031e-05
50 7.027736131934031e-05
51 7.808595702148923e-05
52 5.856446776611693e-05
53 0.00011322658983008492
54 0.00013274807908545726
55 0.0001483633183408296
56 0.00018740629685157426
57 0.0001600781640429785
58 0.00020302348825587213
59 0.00023035357321339345
60 0.00021083403610694666
61 0.0002889180409795105
62 0.00032015437593703184
63 0.00035919540229885106
64 0.0004528985507246382
65 0.0005817403798100951
66 0.0005505099012993506
67 0.0005583145927036486
68 0.0008159982508745626
69 0.0007340079960019987
70 0.0008550412293853073
71 0.0009214142928535736
72 0.0012103362381309345
73 0.0012728108601949017
74 0.0012415764773863068
75 0.0014445980134932532
76 0.001632004310344829
77 0.0019092075056221887
78 0.0017296117566216883
79 0.0020341508933033495
80 0.002225463440154921
81 0.0023699185563468258
82 0.002572940092453773
83 0.0028462487506246874
84 0.002889192122688653
85 0.0028930925162418794
86 0.0031351687437531236
87 0.0033108543384557728
88 0.0035138778267116435
89 0.0037481356977761117
90 0.003908213861819092
91 0.003970688483883059
92 0.004486055800224887
93 0.004204946354947522
94 0.004443116332458773
95 0.004708598825587204
96 0.005231778641929035
97 0.004888200431034481
98 0.005134175099950019
99 0.00563391936844078
100 0.005536317778610698
101 0.005712009229760122
102 0.005723729931909046
103 0.00581352097388806
104 0.006164905828335836
105 0.0060946362756121985
106 0.006492868799975016
107 0.006348409779485263
108 0.007016048616316846
109 0.006699800490379815
110 0.006567048506996505
111 0.0070746267491254445
112 0.00669981025112444
113 0.00730887681159421
114 0.00712536114755123
115 0.007113654110444783
116 0.007129279110444784
117 0.007152704897551232
118 0.007269822120189911
119 0.007055089642678666
120 0.007355718625062476
121 0.007055097451274375
122 0.007039480259870072
123 0.007066810344827592
124 0.0071136677754872635
125 0.006773984101699155
126 0.00688330834582709
127 0.00677008566029486
128 0.0066334215704647705
129 0.006629525081209403
130 0.00652020083708146
131 0.006594376639805103
132 0.0066334235226136965
133 0.00617271637618691
134 0.006274232024612698
135 0.005817421367441282
136 0.005961882340079963
137 0.005790089330334834
138 0.0053137708489505294
139 0.0054660345608445815
140 0.005309876311844079
141 0.0051107493128435735
142 0.00507561453648176
143 0.005216169259120439
144 0.004931155515992001
145 0.004872575431034485
146 0.004411876093203395
147 0.0045407237787356315
148 0.004552428863693152
149 0.004204950259245375
150 0.004279133870564717
151 0.004060477573713144
152 0.0039941045102448785
153 0.003720803660669664
154 0.0036427255122438787
155 0.003787180628435783
156 0.0036388095014992503
157 0.0034943543853073484
158 0.0031117331959020487
159 0.003303043790604698
160 0.0033147566841579216
161 0.0031390788980509756
162 0.0029672780797101437
163 0.003170305472263866
164 0.0029555573775612194
165 0.0031781082115192403
166 0.0028501452398800604
167 0.0028384362506246865
168 0.0027369186500499736
169 0.0028111139742628697
170 0.002818914761369316
171 0.002873584692028985
172 0.0024948541354322825
173 0.00265883464517741
174 0.0027993913199650168
175 0.0026588385494752636
176 0.002768166697901047
177 0.0027017780172413778
178 0.0025885553317091473
179 0.0025104693746876554
180 0.0026041705709645164
181 0.002623697916666666
182 0.002635403001624187
183 0.0026354108102198885
184 0.002697877623688155
185 0.002666637384432783
186 0.0028267175006246865
187 0.002569035794602698
188 0.0027369225543478247
189 0.0028891901705397293
190 0.002697883480134931
191 0.0028072096764117944
192 0.0029477546383058465
193 0.0028891940748375796
194 0.0030609812281359315
195 0.003041457786731634
196 0.0030883093609445265
197 0.0029360378404547725
198 0.0032249636900299867
199 0.0033733250562218917
200 0.00341236998688156
201 0.003342090673413296
202 0.0036388134057971024
203 0.0035997762837331336
204 0.0035919696401799117
205 0.003791092734882558
206 0.003990194355947024
207 0.004064391632308846
208 0.0038847861225637208
209 0.004294747157671164
210 0.004271325274862568
211 0.004486047991629185
212 0.004548520661544226
213 0.004778874234757618
214 0.004556329257246375
215 0.004735934766991502
216 0.004806210176161913
217 0.0048179152611194384
218 0.005177116519865064
219 0.005208350902673662
220 0.005325487646801601
221 0.005528501374312843
222 0.005493386119440283
223 0.00568466547976012
224 0.005856456537356324
225 0.005911122563718144
226 0.006164905828335837
227 0.006414788699400309
228 0.006371849231634186
229 0.006262526939655178
230 0.006610003591954033
231 0.006594398113443286
232 0.007086318169040483
233 0.006727128623188412
234 0.006914542728635683
235 0.0068950114786356905
236 0.007105833801849079
237 0.006785696995252376
238 0.006973111100699657
239 0.007297179535232395
240 0.0071683103760619765
241 0.00714098614755123
242 0.007308876811594207
243 0.007090243940529744
244 0.006691982133933039
245 0.007113663871189415
246 0.006809126686656677
247 0.007347915885807102
248 0.006824741925912049
249 0.006715409873188411
250 0.0067739723888056
251 0.006621726246251878
252 0.006430425412293858
253 0.006391359007996005
254 0.006278136322463773
255 0.005915026861569218
256 0.005887714345952023
257 0.005715921336206901
258 0.005801811984632685
259 0.005626108820589704
260 0.005278643881184407
261 0.005243493487631187
262 0.005149786434907547
263 0.004931159420289853
264 0.004396260853948027
265 0.0044860577523738124
266 0.004357217875437279
267 0.004142473685032483
268 0.0040878232758620675
269 0.003646637618690654
270 0.0038184189155422276
271 0.003623205975137434
272 0.0034436082739880062
273 0.003103920695902049
274 0.0029399479947526223
275 0.002651028001624188
276 0.0025768502467516225
277 0.002584656890304849
278 0.002518281874687655
279 0.002198131403048475
280 0.001995100106196901
281 0.0019911997126436784
282 0.001854551240004997
283 0.0016476195496002001
284 0.0015773460925787106
285 0.0013313714236631675
286 0.0013313694715142428
287 0.0010893010525987003
288 0.0009838850106196901
289 0.0009175158514492751
290 0.0008199064530234883
291 0.0007574415917041475
292 0.0006168810126186908
293 0.0005387970077461273
294 0.0005739337362568718
295 0.00038652743940529775
296 0.0003748125937031487
297 0.00030063288668165947
298 0.0002576856103198403
299 0.0003084434345327339
300 0.0002576836581709147
301 0.00019521489255372316
302 0.00019131059470264876
303 0.00017959770114942537
304 0.00010541604197901046
305 9.760744627686154e-05
306 8.980080272363814e-05
307 8.58965048725637e-05
308 5.856446776611693e-05
309 5.856446776611692e-05
310 7.808790917041476e-05
311 4.294727636181908e-05
312 2.3425787106446772e-05
313 5.0755872063968e-05
314 3.9042978510744616e-05
315 1.1712893553223388e-05
316 1.952148925537231e-05
317 2.3425787106446772e-05
318 4.294727636181908e-05
319 2.3425787106446772e-05
320 3.1234382808595694e-05
321 1.561719140429785e-05
322 2.3425787106446772e-05
323 1.561719140429785e-05
324 1.1712893553223388e-05
325 1.952148925537231e-05
326 1.1712893553223388e-05
327 1.1712893553223388e-05
328 3.904297851074463e-06
329 1.561719140429785e-05
330 1.1712893553223388e-05
331 1.1712893553223388e-05
332 3.904297851074463e-06
333 3.904297851074463e-06
334 3.904297851074463e-06
335 1.1712893553223388e-05
336 1.952148925537231e-05
337 0.0
338 1.561719140429785e-05
339 7.808595702148925e-06
340 1.1712893553223388e-05
341 1.1712893553223388e-05
342 7.808595702148925e-06
343 0.0
344 7.808595702148925e-06
345 1.1712893553223388e-05
346 7.808595702148925e-06
347 7.808595702148925e-06
348 3.904297851074463e-06
349 7.808595702148925e-06
350 1.561719140429785e-05
351 1.1712893553223388e-05
352 0.0
353 7.808595702148925e-06
354 3.904297851074463e-06
355 0.0
356 7.808595702148925e-06
357 3.904297851074463e-06
358 2.7330084957521233e-05
