0 3.904297851074463e-06
1 0.0
2 0.0
3 0.0
4 0.0
5 0.0
6 3.904297851074463e-06
7 3.904297851074463e-06
8 0.0
9 3.904297851074463e-06
10 0.0
11 3.904297851074463e-06
12 3.904297851074463e-06
13 0.0
14 0.0
15 3.904297851074463e-06
16 0.0
17 3.904297851074463e-06
18 7.808595702148925e-06
19 3.904297851074463e-06
20 1.952148925537231e-05
21 1.952148925537231e-05
22 1.1712893553223388e-05
23 1.1712893553223388e-05
24 3.1234382808595694e-05
25 1.561719140429785e-05
26 3.9042978510744616e-05
27 5.0755872063968e-05
28 3.9042978510744616e-05
29 4.294727636181908e-05
30 5.856446776611693e-05
31 9.760744627686154e-05
32 0.00010541604197901046
33 0.00015617191404297857
34 0.00019131059470264882
35 0.00019911919040479774
36 0.00021864067966017003
37 0.0002772051474262871
38 0.0003630997001499254
39 0.0003748125937031488
40 0.0004528985507246382
41 0.0005309845077461272
42 0.0006051661669165414
43 0.000753529485257371
44 0.000929222888555722
45 0.0010619690154922532
46 0.0010892991004497754
47 0.0012688968015992005
48 0.0015148675662168924
49 0.0016085707146426798
50 0.001663230884557721
51 0.00196776611694153
52 0.0022488755622188886
53 0.0021825024987506244
54 0.0027251999000499757
55 0.0028149987506246865
56 0.003018022238880559
57 0.003142959770114944
58 0.0033186531734132937
59 0.003537293853073461
60 0.0036075712143928034
61 0.004025331084457773
62 0.003841829085457271
63 0.0038808720639680167
64 0.004091704147926037
65 0.004060469765117444
66 0.00397067091454273
67 0.004165885807096449
68 0.0038262118940529757
69 0.003919915042478762
70 0.0037286044477761117
71 0.0038105947026486776
72 0.003736413043478261
73 0.003654422788605698
74 0.0036036669165417294
75 0.0033811219390304853
76 0.00329913168415792
77 0.002963362068965517
78 0.0029165104947526236
79 0.0026978698150924535
80 0.002615879560219888
81 0.0022449712643678155
82 0.0022098325837081453
83 0.0020497563718140928
84 0.002041947776111944
85 0.001803785607196402
86 0.0015031546726636683
87 0.0015070589705147436
88 0.001241566716641679
89 0.001171289355322339
90 0.001116629185407296
91 0.0009721701649175414
92 0.0009604572713643181
93 0.0009214142928535737
94 0.0008589455272363815
95 0.0006637306346826587
96 0.0006676349325337331
97 0.0005583145927036484
98 0.0004568028485757127
99 0.0004685157421289361
100 0.0004568028485757128
101 0.0003709082958520743
102 0.00034357821089455294
103 0.0002889180409795105
104 0.00028501374312843604
105 0.00026158795602198914
106 0.00024206646676661685
107 0.0002303535732133934
108 0.0002498750624687658
109 0.0001874062968515743
110 0.00015226761619190407
111 0.00017569340329835086
112 0.0001483633183408296
113 0.00019911919040479774
114 0.00011712893553223384
115 0.00016007621189405302
116 0.00012493753123438278
117 0.00016398050974512752
118 0.00012884182908545725
119 0.00011712893553223384
120 0.00012884182908545725
121 9.760744627686154e-05
122 0.0001210332333833083
123 0.00015226761619190404
124 0.000101511744127936
125 0.0001483633183408296
126 0.0001717891054472764
127 0.00012884182908545725
128 0.00021473638180909556
129 0.00020692778610694666
130 0.00019131059470264882
131 0.00023035357321339348
132 0.00022644927536231895
133 0.00021864067966017006
134 0.0002772051474262871
135 0.0002654922538730637
136 0.00028891804097951046
137 0.0003709082958520745
138 0.00042947276361819144
139 0.0003943340829585212
140 0.0005856446776611698
141 0.0005856446776611692
142 0.0007222951024487758
143 0.0007222951024487757
144 0.0008238068465767115
145 0.0010073088455772113
146 0.0011595764617691152
147 0.0013274612693653176
148 0.0015187718640679658
149 0.0016671351824087963
150 0.0020068090954522733
151 0.002307440029985005
152 0.0025495064967516238
153 0.0030219265367316343
154 0.0030961081959020496
155 0.0037168915542228897
156 0.004439186656671662
157 0.004739817591204397
158 0.005813499500249872
159 0.006426474262868571
160 0.007055066216891562
161 0.007863255872063976
162 0.008511369315342328
163 0.009424975012493755
164 0.010522082708645663
165 0.011459114192903552
166 0.011994002998500761
167 0.013305847076461782
168 0.014512275112443797
169 0.015140867066466791
170 0.016171601699150443
171 0.017128154672663674
172 0.018190123688155934
173 0.019244284107946024
174 0.01952929785107445
175 0.02039214767616192
176 0.0205327023988006
177 0.021212050224887556
178 0.02124328460769615
179 0.02204756996501749
180 0.021864067966017
181 0.021063686906546725
182 0.02127061469265367
183 0.02064983133433284
184 0.020271114442778616
185 0.019720608445777107
186 0.018771864067966017
187 0.018014430284857594
188 0.017557627436281868
189 0.015956865317341352
190 0.015562531234382832
191 0.014383433283358343
192 0.013356602948525753
193 0.011990098700649692
194 0.01090470389805097
195 0.010053566966516738
196 0.00933127186406796
197 0.008300537231384311
198 0.0074611131934033065
199 0.007172195152423794
200 0.006153173413293355
201 0.005575337331334333
202 0.0049037981009495205
203 0.004528985507246375
204 0.003958958020989505
205 0.0033264617691154425
206 0.0028540417291354338
207 0.002436281859070465
208 0.0021825024987506244
209 0.0019131059470264868
210 0.00159295352323838
211 0.0015773363318340836
212 0.0013313655672163925
213 0.0011400549725137429
214 0.000921414292853573
215 0.000878467016491754
216 0.0007730509745127433
217 0.0006481134432783609
218 0.0005817403798100951
219 0.0005544102948525738
220 0.000491941529235383
221 0.0003630997001499253
222 0.00033186531734132984
223 0.0003240567216391808
224 0.0002654922538730637
225 0.0003084395302348828
226 0.00020692778610694671
227 0.0002108320839580211
228 0.0002420664667666169
229 0.00019911919040479766
230 0.0001952148925537232
231 0.00018350199900049984
232 0.00010932033983008492
233 0.00012493753123438278
234 0.0001795977011494254
235 0.0001717891054472764
236 0.00014445902048975512
237 0.0001444590204897551
238 0.0001639805097451275
239 0.00012884182908545725
240 0.00012884182908545725
241 0.00017959770114942537
242 0.00014836331834082962
243 0.00013665042478760617
244 0.00016007621189405302
245 0.000167884807596202
246 0.00016398050974512752
247 0.00015617191404297857
248 0.00020692778610694666
249 0.00020692778610694663
250 0.0002030234882558722
251 0.00021083208395802114
252 0.00024987506246876577
253 0.00028110944527736157
254 0.00032015242378810637
255 0.0002733008495752125
256 0.0002733008495752126
257 0.0003474825087456275
258 0.0004528985507246382
259 0.0003982383808095957
260 0.0005505059970014995
261 0.0005505059970014997
262 0.0006129747626186908
263 0.0006246876561719143
264 0.000710582208895552
265 0.0006598263368315841
266 0.0009760744627686154
267 0.0009916916541729134
268 0.0010112131434282853
269 0.0011400549725137427
270 0.0012298538230884552
271 0.0013196526736631682
272 0.0014602073963018492
273 0.0013235569715142428
274 0.0016163793103448278
275 0.0018272113943028489
276 0.0019131059470264883
277 0.0022332583708145923
278 0.002506559220389806
279 0.002623688155922039
280 0.002600262368815591
281 0.002768147176411793
282 0.002967266366816592
283 0.003217141429285358
284 0.0031351511744127933
285 0.003572432533733133
286 0.0037403173413293376
287 0.004029235382308846
288 0.003896489255372315
289 0.004119034232883558
290 0.003763743128435783
291 0.004033139680159924
292 0.0040448525737131445
293 0.0040877998500749605
294 0.0039394365317341334
295 0.003904297851074463
296 0.004029235382308846
297 0.003994096701649176
298 0.003603666916541729
299 0.0035568153423288355
300 0.0036309970014992508
301 0.0033576961519240387
302 0.003400643428285857
303 0.0029477448775612194
304 0.002854041729135431
305 0.0026705397301349312
306 0.0026627311344327824
307 0.002326961519240378
308 0.0019560532233883075
309 0.0018154985007496265
310 0.0016515179910044986
311 0.0015968578210894557
312 0.0011634807596201898
313 0.0011127248875562213
314 0.0010112131434282857
315 0.0008745627186406794
316 0.0007301036981509243
317 0.0007652423788105946
318 0.0005739317841079462
319 0.0005036544227886062
320 0.00040604697651174464
321 0.0002693965517241382
322 0.00032405672163918073
323 0.00023425787106446804
324 0.00021473638180909558
325 0.00015226761619190407
326 0.00015617191404297857
327 0.00011712893553223384
328 6.637306346826585e-05
329 7.808595702148923e-05
330 7.418165917041477e-05
331 5.466016991504246e-05
332 5.0755872063968e-05
333 3.1234382808595694e-05
334 1.561719140429785e-05
335 1.1712893553223388e-05
336 1.1712893553223388e-05
337 7.808595702148925e-06
338 7.808595702148925e-06
339 2.3425787106446772e-05
340 1.952148925537231e-05
341 7.808595702148925e-06
342 0.0
343 7.808595702148925e-06
344 3.904297851074463e-06
345 0.0
346 0.0
347 0.0
348 3.904297851074463e-06
349 3.904297851074463e-06
350 3.904297851074463e-06
351 0.0
352 0.0
353 0.0
354 0.0
355 0.0
356 0.0
357 0.0
358 3.904297851074463e-06
