0 7.808595702148925e-06
1 1.1712893553223388e-05
2 0.0
3 7.808595702148925e-06
4 1.561719140429785e-05
5 3.904297851074463e-06
6 1.1712893553223388e-05
7 1.561719140429785e-05
8 7.808595702148925e-06
9 0.0
10 1.1712893553223388e-05
11 1.561719140429785e-05
12 1.1712893553223388e-05
13 1.1712893553223388e-05
14 1.1712893553223388e-05
15 0.0
16 7.808595702148925e-06
17 1.561719140429785e-05
18 1.561719140429785e-05
19 2.7330084957521233e-05
20 3.904297851074463e-06
21 0.0
22 1.561719140429785e-05
23 1.1712893553223388e-05
24 3.904297851074463e-06
25 1.952148925537231e-05
26 0.0
27 1.561719140429785e-05
28 3.904297851074463e-06
29 7.808595702148925e-06
30 3.904297851074463e-06
31 1.561719140429785e-05
32 1.1712893553223388e-05
33 0.0
34 1.952148925537231e-05
35 1.952148925537231e-05
36 3.904297851074463e-06
37 7.808595702148925e-06
38 1.561719140429785e-05
39 7.808595702148925e-06
40 3.513868065967016e-05
41 3.904297851074462e-05
42 2.7330084957521233e-05
43 3.1234382808595694e-05
44 4.294727636181908e-05
45 5.0755872063968e-05
46 5.0755872063968006e-05
47 3.9042978510744616e-05
48 3.9042978510744616e-05
49 7.418165917041477e-05
50 9.760744627686154e-05
51 6.246876561719139e-05
52 7.808595702148923e-05
53 9.760744627686154e-05
54 0.00012493753123438278
55 8.589455272363815e-05
56 0.00012884182908545725
57 0.0001639805097451275
58 0.00022254497751124456
59 0.00014836331834082962
60 0.00024987506246876577
61 0.0002420664667666169
62 0.00033576961519240416
63 0.0003943340829585212
64 0.0004255684657671169
65 0.0004528985507246382
66 0.0005583145927036484
67 0.0006559220389805101
68 0.0006793478260869566
69 0.0007847638680659669
70 0.0009838830584707652
71 0.000956552973513243
72 0.001011213143428286
73 0.0012415667166416793
74 0.0013391741629185403
75 0.001471920289855072
76 0.0015734320339830085
77 0.0017842641179410305
78 0.001917010244877562
79 0.001940436031984009
80 0.0023777173913043462
81 0.0024323775612193903
82 0.0025729322838580707
83 0.002674444027986007
84 0.0027837643678160925
85 0.0031741941529235362
86 0.0032483758120939515
87 0.003111725387306347
88 0.0035568153423288368
89 0.0037247001499250395
90 0.004177598700649673
91 0.004122938530734633
92 0.004013618190904545
93 0.004325962018990504
94 0.004337674912543724
95 0.004833520739630187
96 0.0048686594202898515
97 0.005017022738630682
98 0.005493347076461767
99 0.005192716141929035
100 0.005579241629185409
101 0.005692466266866567
102 0.0058095952023988
103 0.005930628435782111
104 0.006137556221889058
105 0.006383526986506751
106 0.00627420664667666
107 0.0068208083458270894
108 0.006902798600699654
109 0.006926224387806103
110 0.006973075962018996
111 0.0070043103448275915
112 0.0071878123438280945
113 0.00689889430284858
114 0.007047257621189413
115 0.007671945277361326
116 0.007222951024487767
117 0.007359601449275371
118 0.007402548725637188
119 0.00694965017491255
120 0.007289324087956028
121 0.007500156171914051
122 0.007207333833083465
123 0.007113630684657677
124 0.007168290854572717
125 0.007312749875062476
126 0.007066779110444789
127 0.007285419790104955
128 0.0068559470264867636
129 0.006699775112443781
130 0.0065592203898051
131 0.006520177411294356
132 0.006516273113443282
133 0.006590454772613697
134 0.006293728135932037
135 0.006063374562718644
136 0.0059540542228885595
137 0.005653423288355825
138 0.005856446776611696
139 0.005524581459270364
140 0.005313749375312347
141 0.005177098950524737
142 0.005235663418290855
143 0.004864755122438776
144 0.004985788355822089
145 0.0048139992503748105
146 0.0047202961019490244
147 0.004610975762118939
148 0.0042673975512243865
149 0.00423616316841579
150 0.004220545977011495
151 0.004001905297351326
152 0.0036075712143928034
153 0.0039277236381809084
154 0.003865254872563719
155 0.0035607196401799116
156 0.0036349012993503256
157 0.0036778485757121455
158 0.0031859070464767625
159 0.003271801599200402
160 0.003139055472263867
161 0.0029165104947526236
162 0.002955553473263369
163 0.002889180409795103
164 0.0029516491754122925
165 0.0030297351324337827
166 0.0029555534732633696
167 0.002686156921539229
168 0.0026666354322838577
169 0.002768147176411793
170 0.002772051474262867
171 0.002455803348325836
172 0.0024597076461769117
173 0.002354291604197901
174 0.002498750624687655
175 0.0026432096451774094
176 0.0024597076461769117
177 0.002533889305347325
178 0.002471420539730134
179 0.0025651236881559215
180 0.002545602198900548
181 0.002619783858070965
182 0.0025651236881559245
183 0.0023855259870064946
184 0.00239723888055972
185 0.0022527798600699652
186 0.0026080709645177414
187 0.002651018240879558
188 0.002686156921539231
189 0.0027798600699650154
190 0.002748625687156421
191 0.0027017741129435283
192 0.00279157296351824
193 0.0027642428785607178
194 0.002924319090454774
195 0.0029438405797101446
196 0.002846233133433283
197 0.003002405047476262
198 0.0028930847076461762
199 0.0032757058970514746
200 0.0032405672163918035
201 0.003310844577711146
202 0.0034201649175412286
203 0.0035958583208395814
204 0.0034396864067966024
205 0.003486537981009498
206 0.0037559345327336327
207 0.0036973700649675168
208 0.004087799850074963
209 0.004103417041479259
210 0.004212737381309345
211 0.0041658858070964516
212 0.0045328898050974505
213 0.004505559720139928
214 0.0047944777611194376
215 0.004732008995502245
216 0.004997501249375309
217 0.004876468015992002
218 0.005415261119440279
219 0.005415261119440279
220 0.005274706396801597
221 0.005391835332333832
222 0.005879872563718145
223 0.005868159670164915
224 0.006231259370314848
225 0.006000905797101449
226 0.0062156421789105465
227 0.006719296601699154
228 0.0063054410294852625
229 0.006453804347826088
230 0.006391335582208898
231 0.0068949900049975095
232 0.006848138430784614
233 0.0067349137931034505
234 0.0071097263868066035
235 0.006945745877061476
236 0.007273706896551729
237 0.007211238130934538
238 0.0072893240879560285
239 0.0073010369815092535
240 0.007117534982508755
241 0.007246376811594208
242 0.006988693153423291
243 0.007613380809595207
244 0.007293228385807101
245 0.007027736131934039
246 0.007226855322338836
247 0.006996501749125443
248 0.006809095452273868
249 0.0067310094952523795
250 0.0069106071964018054
251 0.006586550474762625
252 0.006637306346826592
253 0.0062312593703148485
254 0.006200024987506251
255 0.006125843328335834
256 0.005915011244377817
257 0.0057705522238880565
258 0.005626093203398302
259 0.0055401986506746605
260 0.0052278548225887025
261 0.004845233633183407
262 0.004950649675162414
263 0.004860850824587704
264 0.004735913293353323
265 0.00448994252873563
266 0.0043493878060969484
267 0.00434938780609695
268 0.0040058095952024
269 0.0037442216391804103
270 0.003607571214392805
271 0.003509963768115943
272 0.0033616004497751123
273 0.0029985007496251873
274 0.002924319090454772
275 0.0027369127936031994
276 0.002549506496751624
277 0.0025924537731134407
278 0.0022059282858570713
279 0.002205928285857071
280 0.0021005122438780607
281 0.0017686469265367315
282 0.001643709395302348
283 0.0015812406296851576
284 0.0015304847576211903
285 0.001370408545727135
286 0.0011244377811094448
287 0.001085394802598701
288 0.0009565529735132435
289 0.0009097013993003495
290 0.0007496251874062966
291 0.0007066779110444778
292 0.0005856446776611694
293 0.0006090704647676163
294 0.0004997501249375315
295 0.00040995127436281917
296 0.00034357821089455316
297 0.00036309970014992553
298 0.0002733008495752126
299 0.00023816216891554235
300 0.0002772051474262872
301 0.00019911919040479777
302 0.0001639805097451275
303 0.00017959770114942534
304 0.00012884182908545725
305 9.370314842578708e-05
306 8.589455272363815e-05
307 0.000101511744127936
308 7.418165917041477e-05
309 7.418165917041477e-05
310 7.027736131934031e-05
311 3.904297851074462e-05
312 4.685157421289354e-05
313 3.1234382808595694e-05
314 2.3425787106446772e-05
315 5.856446776611692e-05
316 1.1712893553223388e-05
317 4.294727636181908e-05
318 2.7330084957521233e-05
319 1.561719140429785e-05
320 3.5138680659670155e-05
321 7.808595702148925e-06
322 2.3425787106446772e-05
323 7.808595702148925e-06
324 3.1234382808595694e-05
325 1.561719140429785e-05
326 7.808595702148925e-06
327 7.808595702148925e-06
328 3.904297851074463e-06
329 1.1712893553223388e-05
330 1.1712893553223388e-05
331 1.952148925537231e-05
332 7.808595702148925e-06
333 3.904297851074463e-06
334 0.0
335 3.904297851074463e-06
336 7.808595702148925e-06
337 1.1712893553223388e-05
338 0.0
339 2.3425787106446772e-05
340 0.0
341 3.904297851074463e-06
342 1.1712893553223388e-05
343 1.1712893553223388e-05
344 7.808595702148925e-06
345 1.1712893553223388e-05
346 1.561719140429785e-05
347 3.904297851074463e-06
348 1.561719140429785e-05
349 2.3425787106446772e-05
350 1.1712893553223388e-05
351 7.808595702148925e-06
352 0.0
353 1.561719140429785e-05
354 3.904297851074463e-06
355 3.904297851074463e-06
356 1.1712893553223388e-05
357 3.904297851074463e-06
358 7.808595702148925e-06
