0 0.0
1 0.0
2 7.808595702148925e-06
3 0.0
4 0.0
5 0.0
6 1.1712893553223388e-05
7 0.0
8 0.0
9 0.0
10 1.1712893553223388e-05
11 0.0
12 0.0
13 0.0
14 3.904297851074463e-06
15 0.0
16 1.1712893553223388e-05
17 1.1712893553223388e-05
18 0.0
19 0.0
20 7.808595702148925e-06
21 7.808595702148925e-06
22 3.904297851074463e-06
23 1.1712893553223388e-05
24 1.952148925537231e-05
25 1.1712893553223388e-05
26 1.1712893553223388e-05
27 2.3425787106446772e-05
28 3.1234382808595694e-05
29 4.6851574212893545e-05
30 6.246876561719139e-05
31 9.370314842578708e-05
32 7.027736131934031e-05
33 7.027736131934031e-05
34 0.00011712893553223384
35 0.000160076211894053
36 0.00018350199900049981
37 0.00028110944527736157
38 0.00024987506246876577
39 0.000425568465767117
40 0.0004333770614692657
41 0.00045289855072463823
42 0.0005895489755122443
43 0.0005895489755122443
44 0.0006910607196401801
45 0.000960457271364318
46 0.0010307346326836576
47 0.0011556721639180412
48 0.0011830022488755617
49 0.0014328773113443276
50 0.001631996501749125
51 0.0017764555222388807
52 0.001987287606196901
53 0.002049756371814093
54 0.002209832583708145
55 0.0025573150924537726
56 0.0025885494752623675
57 0.0026041666666666652
58 0.0027993815592203893
59 0.003041448025987005
60 0.003154672663668165
61 0.0032639930034982514
62 0.0034318778110944536
63 0.003560719640179908
64 0.0034162606196901537
65 0.0036309970014992525
66 0.003537293853073464
67 0.003580241129435281
68 0.003545102448775614
69 0.0033616004497751123
70 0.003552911044477762
71 0.0032288543228385794
72 0.003224950024987506
73 0.003287418790604698
74 0.0032405672163918053
75 0.0026978698150924535
76 0.002908701899050476
77 0.0027017741129435275
78 0.002350387306346825
79 0.0024909420289855066
80 0.0023152486256871555
81 0.00207318215892054
82 0.0019521489255372323
83 0.0020341391804097955
84 0.0016866566716641684
85 0.0015421976511744134
86 0.001592953523238381
87 0.0013079397801099453
88 0.001229853823088456
89 0.0012220452273863066
90 0.0008979885057471267
91 0.0008238068465767121
92 0.0008433283358320838
93 0.0007808595702148922
94 0.0007027736131934035
95 0.0006403048475762121
96 0.0005309845077461274
97 0.0004724200399800105
98 0.0005309845077461273
99 0.0004607071464267872
100 0.000417759870064968
101 0.00042947276361819144
102 0.0002693965517241382
103 0.0002889180409795105
104 0.0003357696151924041
105 0.00026158795602198925
106 0.0002303535732133935
107 0.0001795977011494254
108 0.00021473638180909556
109 0.0001913105947026487
110 0.00018740629685157432
111 0.00012493753123438278
112 0.00017178910544727642
113 0.00019521489255372324
114 0.00014055472263868068
115 0.00011712893553223384
116 0.00013274612693653173
117 0.00011712893553223384
118 0.00014445902048975515
119 0.00014445902048975515
120 0.00011712893553223384
121 0.0001210332333833083
122 8.589455272363815e-05
123 0.00013274612693653173
124 0.00010541604197901046
125 0.00016398050974512747
126 0.0001366504247876062
127 0.000160076211894053
128 0.00016398050974512747
129 0.00019911919040479768
130 0.0002069277861069466
131 0.00023425787106446785
132 0.0002693965517241382
133 0.00024206646676661688
134 0.00023425787106446787
135 0.00029672663668165947
136 0.0003357696151924042
137 0.00042556846576711696
138 0.00038262118940529774
139 0.00048022863568215944
140 0.0005114630184907551
141 0.0006324962518740632
142 0.0006364005497251378
143 0.0008199025487256372
144 0.0009448400799600198
145 0.000933127186406796
146 0.0011517678660669668
147 0.0012649925037481256
148 0.0015304847576211895
149 0.0017530297351324338
150 0.002174693903048475
151 0.0021903110944527728
152 0.0026900612193903033
153 0.003037543728135934
154 0.003439686406796602
155 0.004029235382308845
156 0.004435282358820587
157 0.005259089205397304
158 0.0058213080959520205
159 0.006242972263868071
160 0.007160482258870573
161 0.00814046101949026
162 0.00890960769615192
163 0.009901299350324837
164 0.010631403048475763
165 0.01203304597701151
166 0.013095014992503769
167 0.013739224137931046
168 0.015027642428785628
169 0.016214548975512263
170 0.01676895927036483
171 0.01821354947526238
172 0.01897879185407297
173 0.019697182658670664
174 0.02152439405297352
175 0.021582958520739638
176 0.021813312093953013
177 0.022652736131934036
178 0.022691779110444777
179 0.022789386556721643
180 0.022992410044977516
181 0.022344296601699145
182 0.022289636431784107
183 0.021953866816591696
184 0.021317466266866567
185 0.02057564967516241
186 0.02016569840079959
187 0.019150580959520234
188 0.018494658920539732
189 0.016925131184407808
190 0.016031046976511764
191 0.014660638430784636
192 0.013672851074462795
193 0.012966173163418313
194 0.011576243128435788
195 0.010994502748625685
196 0.00955772113943028
197 0.008730009995002497
198 0.008308345827086457
199 0.007246376811594211
200 0.006200024987506249
201 0.005583145927036482
202 0.005134151674162913
203 0.004486038230884556
204 0.0036895614692653666
205 0.0037637431284357845
206 0.0030648738130934525
207 0.0025416979010494767
208 0.0023269615192403788
209 0.0019443403298350821
210 0.0018115942028985512
211 0.0014406859070464771
212 0.0014367816091954018
213 0.0011283420789605192
214 0.0011010119940029987
215 0.0009331271864067965
216 0.0008120939530234884
217 0.0006949650174912544
218 0.0006832521239380307
219 0.0005583145927036486
220 0.0004919415292353828
221 0.00037871689155422327
222 0.0003513868065967021
223 0.0002615879560219892
224 0.00027330084957521267
225 0.0002772051474262871
226 0.00018740629685157426
227 0.00022254497751124448
228 0.00023816216891554232
229 0.00016398050974512744
230 0.0001522676161919041
231 0.00018740629685157434
232 0.00014445902048975512
233 0.00015226761619190404
234 0.00016007621189405302
235 0.00015617191404297855
236 0.00012493753123438278
237 0.00010541604197901046
238 0.0001327461269365317
239 0.00010932033983008492
240 0.00015226761619190407
241 0.00012493753123438278
242 0.00017178910544727642
243 0.0001483633183408296
244 0.00014445902048975515
245 0.00014445902048975512
246 0.00017569340329835086
247 0.0001210332333833083
248 0.00020692778610694663
249 0.0001639805097451275
250 0.00016788480759620197
251 0.00021864067966017006
252 0.00021473638180909556
253 0.00023425787106446793
254 0.0002733008495752127
255 0.00033186531734132963
256 0.0002225449775112445
257 0.0003396739130434785
258 0.0003787168915542234
259 0.00037871689155422327
260 0.0005583145927036485
261 0.0004411856571714148
262 0.0005036544227886061
263 0.0004958458270864571
264 0.00065592203898051
265 0.0006520177411294352
266 0.0006910607196401797
267 0.000843328335832084
268 0.0009409357821089455
269 0.0008277111444277862
270 0.001073681909045477
271 0.0013274612693653166
272 0.0013040354822588703
273 0.001397738630684657
274 0.0016437093953023483
275 0.0016515179910044978
276 0.0018311156921539241
277 0.0019287231384307853
278 0.0020224262868565727
279 0.0021746939030484764
280 0.002366004497751124
281 0.002557315092453773
282 0.002760338580709644
283 0.0030765867066466766
284 0.003189811344327837
285 0.0030180222388805603
286 0.003252280109945028
287 0.0033928348325837103
288 0.0032288543228385807
289 0.0035841454272863586
290 0.003295227386306849
291 0.00335769615192404
292 0.003443590704647677
293 0.0035841454272863586
294 0.003533389555222389
295 0.0033264617691154425
296 0.0035529110444777606
297 0.0035802411294352833
298 0.0032639930034982522
299 0.0031820027486256864
300 0.0027876686656671664
301 0.0028813718140929525
302 0.0027603385807096438
303 0.002487037731134432
304 0.0023777173913043475
305 0.0021395552223888036
306 0.0020653735632183905
307 0.0019248188405797096
308 0.0017647426286856581
309 0.00160076211894053
310 0.0013860257371314335
311 0.001245471014492754
312 0.0011556721639180403
313 0.0009331271864067969
314 0.0008979885057471267
315 0.0007808595702148926
316 0.0006246876561719139
317 0.0005700274862568717
318 0.00046851574212893596
319 0.00035529110444777653
320 0.0003474825087456276
321 0.00033576961519240405
322 0.00017569340329835084
323 0.00022644927536231898
324 0.00017569340329835086
325 0.00012884182908545725
326 8.979885057471262e-05
327 9.370314842578708e-05
328 8.19902548725637e-05
329 7.418165917041477e-05
330 5.856446776611692e-05
331 3.1234382808595694e-05
332 3.9042978510744616e-05
333 4.6851574212893545e-05
334 1.952148925537231e-05
335 2.3425787106446772e-05
336 3.1234382808595694e-05
337 1.1712893553223388e-05
338 0.0
339 3.904297851074463e-06
340 0.0
341 1.1712893553223388e-05
342 7.808595702148925e-06
343 0.0
344 0.0
345 3.904297851074463e-06
346 0.0
347 0.0
348 0.0
349 0.0
350 3.904297851074463e-06
351 3.904297851074463e-06
352 0.0
353 3.904297851074463e-06
354 3.904297851074463e-06
355 0.0
356 0.0
357 0.0
358 0.0
