0 0.0
1 0.0
2 0.0
3 0.0
4 0.0
5 0.0
6 0.0
7 0.0
8 0.0
9 0.0
10 0.0
11 0.0
12 0.0
13 0.0
14 0.0
15 0.0
16 0.0
17 0.0
18 0.0
19 0.0
20 0.0
21 0.0
22 0.0
23 0.0
24 0.0
25 0.0
26 0.0
27 0.0
28 0.0
29 0.0
30 0.0
31 0.0
32 0.0
33 0.0
34 0.0
35 0.0
36 0.0
37 0.0
38 0.0
39 0.0
40 0.0
41 0.0
42 0.0
43 0.0
44 0.0
45 0.0
46 0.0
47 0.0
48 0.0
49 0.0
50 0.0
51 0.0
52 0.0
53 0.0
54 0.0
55 0.0
56 0.0
57 0.0
58 0.0
59 0.0
60 0.0
61 0.0
62 0.0
63 0.0
64 0.0
65 0.0
66 0.0
67 0.0
68 0.0
69 0.0
70 0.0
71 0.0
72 0.0
73 0.0
74 0.0
75 0.0
76 0.0
77 0.0
78 0.0
79 0.0
80 0.0
81 0.0
82 0.0
83 0.0
84 0.0
85 0.0
86 0.0
87 0.0
88 0.0
89 0.0
90 0.0
91 0.0
92 0.0
93 0.0
94 0.0
95 0.0
96 0.0
97 0.0
98 0.0
99 0.0
100 0.0
101 0.0
102 0.0
103 0.0
104 0.0
105 0.0
106 0.0
107 0.0
108 0.0
109 0.0
110 0.0
111 0.0
112 0.0
113 0.0
114 0.0
115 0.0
116 0.0
117 0.0
118 0.0
119 0.0
120 0.0
121 0.0
122 0.0
123 0.0
124 3.904297851074463e-06
125 0.0
126 0.0
127 0.0
128 0.0
129 0.0
130 7.808595702148925e-06
131 3.904297851074463e-06
132 0.0
133 7.808595702148925e-06
134 2.7330084957521233e-05
135 2.3425787106446772e-05
136 4.685157421289354e-05
137 6.637306346826585e-05
138 4.6851574212893545e-05
139 6.637306346826585e-05
140 0.00014055472263868065
141 0.00010932033983008492
142 0.00018350199900049984
143 0.0002654922538730636
144 0.0002459707646176913
145 0.0004021426786606702
146 0.00046461144427786165
147 0.0006246876561719141
148 0.0008355197401299348
149 0.0011595764617691148
150 0.0012298538230884554
151 0.0015890492253873062
152 0.0020887993503248374
153 0.002522176411794102
154 0.003080491004497749
155 0.0037520302348825582
156 0.004443090954522737
157 0.005622188905547228
158 0.006570933283358322
159 0.008003810594702648
160 0.009018928035982017
161 0.010362006496751628
162 0.011845639680159923
163 0.013871970264867571
164 0.015554722638680674
165 0.018088611944028
166 0.020071995252373815
167 0.022445808345827087
168 0.024846951524237878
169 0.026943559470264868
170 0.02829444652673663
171 0.02985226136931534
172 0.031015742128935517
173 0.033709707646176916
174 0.03426021364317838
175 0.03641929035482258
176 0.036844858820589695
177 0.037387556221889044
178 0.037789698900549715
179 0.037344608945527234
180 0.03684095452273863
181 0.03575946401799101
182 0.035017647426286824
183 0.03355744002998501
184 0.03187078335832083
185 0.02972341954022989
186 0.02751749125437281
187 0.025862068965517248
188 0.023070496001998998
189 0.021239380309845065
190 0.019205241129435287
191 0.017346795352323845
192 0.01557424412793605
193 0.013419071714142932
194 0.011954960019990003
195 0.010791479260369809
196 0.008281015742128936
197 0.007648519490254876
198 0.006403048475762119
199 0.005372313843078455
200 0.004224450274862567
201 0.003775456021989006
202 0.003291323088455771
203 0.0025065592203898043
204 0.0020224262868565714
205 0.001561719140429785
206 0.001366504247876061
207 0.0011283420789605192
208 0.0008628498250874561
209 0.0006403048475762122
210 0.0005622188905547231
211 0.0004333770614692657
212 0.000351386806596702
213 0.00033967391304347863
214 0.00015617191404297855
215 0.00015226761619190404
216 0.0001366504247876062
217 9.370314842578708e-05
218 0.00010541604197901046
219 4.6851574212893545e-05
220 5.466016991504246e-05
221 4.685157421289354e-05
222 7.808595702148925e-06
223 7.808595702148925e-06
224 1.561719140429785e-05
225 7.808595702148925e-06
226 1.1712893553223388e-05
227 1.1712893553223388e-05
228 7.808595702148925e-06
229 3.904297851074463e-06
230 3.904297851074463e-06
231 3.904297851074463e-06
232 0.0
233 0.0
234 0.0
235 0.0
236 0.0
237 0.0
238 0.0
239 0.0
240 0.0
241 0.0
242 0.0
243 0.0
244 0.0
245 0.0
246 0.0
247 0.0
248 0.0
249 0.0
250 0.0
251 0.0
252 0.0
253 0.0
254 0.0
255 0.0
256 0.0
257 0.0
258 0.0
259 0.0
260 0.0
261 0.0
262 0.0
263 0.0
264 0.0
265 0.0
266 0.0
267 0.0
268 0.0
269 0.0
270 0.0
271 0.0
272 0.0
273 0.0
274 0.0
275 0.0
276 0.0
277 0.0
278 0.0
279 0.0
280 0.0
281 0.0
282 0.0
283 0.0
284 0.0
285 0.0
286 0.0
287 0.0
288 0.0
289 0.0
290 0.0
291 0.0
292 0.0
293 0.0
294 0.0
295 0.0
296 0.0
297 0.0
298 0.0
299 0.0
300 0.0
301 0.0
302 0.0
303 0.0
304 0.0
305 0.0
306 0.0
307 0.0
308 0.0
309 0.0
310 0.0
311 0.0
312 0.0
313 0.0
314 0.0
315 0.0
316 0.0
317 0.0
318 0.0
319 0.0
320 0.0
321 0.0
322 0.0
323 0.0
324 0.0
325 0.0
326 0.0
327 0.0
328 0.0
329 0.0
330 0.0
331 0.0
332 0.0
333 0.0
334 0.0
335 0.0
336 0.0
337 0.0
338 0.0
339 0.0
340 0.0
341 0.0
342 0.0
343 0.0
344 0.0
345 0.0
346 0.0
347 0.0
348 0.0
349 0.0
350 0.0
351 0.0
352 0.0
353 0.0
354 0.0
355 0.0
356 0.0
357 0.0
358 0.0
