0 0.0002890783834867564
1 0.00024223076842679896
2 0.00024215439762316604
3 0.00019143186687882934
4 0.0001796856829548086
5 0.0001952852031269737
6 0.00021873842220724828
7 0.00021097093524309157
8 0.0001992306998832251
9 0.00023045918507063546
10 0.0002148713405267984
11 0.00016019558091408406
12 0.00018360760499543276
13 0.00016797665251916223
14 0.00019140838819562854
15 0.0001836546720749371
16 0.00014064865887052728
17 0.00021488701256448995
18 0.00015237331626320543
19 0.0001445666374008149
20 0.0001445607241399625
21 0.000167990415547193
22 0.00019535180146136084
23 0.0001718908541840088
24 0.000128943622905782
25 0.00016799432961653673
26 0.00016412732246067196
27 0.00017582058677346053
28 0.0001445235196998214
29 0.000136789426954323
30 0.00013673259327374714
31 0.00010158610597443291
32 0.00018361937078508023
33 0.00014843177084152294
34 0.0001757559934899585
35 0.00014843767041583384
36 0.00015235760304230722
37 0.0001719456945441829
38 0.0001835645460645731
39 0.00018362719501751682
40 0.00012502170086222528
41 0.0001562501311916179
42 0.00015236545281535082
43 0.00022650005077150303
44 0.00022653925635334564
45 0.00019143192564309802
46 0.00020699032144346917
47 0.00020311931983136637
48 0.00015624431983136632
49 0.00018358021810812986
50 0.0002148694334555999
51 0.00020309975716770222
52 0.00022653529720334208
53 0.0001992346531738522
54 0.0002343889705649794
55 0.00016404896224582084
56 0.0001835900748793188
57 0.000238287443375126
58 0.00021483031218156578
59 0.00024213491731125207
60 0.0002343125978082209
61 0.00023044360515032158
62 0.00021873852214299315
63 0.0002109318805458279
64 0.00022262910401155272
65 0.00020697466503371417
66 0.00025775996435090256
67 0.00023821103725939332
68 0.00029682838346233357
69 0.0002421172853033352
70 0.00020308798746300578
71 0.00022260757161203566
72 0.0002577853579178037
73 0.0002695139685952436
74 0.00026167012646418817
75 0.00021872284619318542
76 0.00026161334372658116
77 0.0002343811129794339
78 0.0002030723722335249
79 0.00023433418505989037
80 0.00019524613865821736
81 0.00024994542789416867
82 0.0002069531718584132
83 0.00028509195246457337
84 0.00023432236441222503
85 0.00023822476692551714
86 0.00026557442236213716
87 0.00022258999250314584
88 0.0002538223193149549
89 0.00025775210480929886
90 0.0002577579671183846
91 0.0002226251899422089
92 0.00021477544237160091
93 0.00024603526578381566
94 0.0002303926808126167
95 0.00023431060643801206
96 0.00024212901187756469
97 0.0002538321858605692
98 0.00021868563979991887
99 0.0002421231378438608
100 0.00025383996109729713
101 0.00023821099412892638
102 0.00027723639353078114
103 0.00026944928905080776
104 0.00025383999836252227
105 0.0002655274062285343
106 0.0002499415118716995
107 0.00027725592478859663
108 0.0002811621826040312
109 0.0002889864503497368
110 0.00026160943552247913
111 0.0003202227265459221
112 0.00028507042983654906
113 0.0002694473271303896
114 0.0003436524630338124
115 0.0003241153173657525
116 0.00031630090639416826
117 0.00029287311228664355
118 0.0003280274238154617
119 0.00036708607046057957
120 0.0003865782109052981
121 0.0004022169386153639
122 0.00038661540362375365
123 0.0004178477636592245
124 0.0003788028761270885
125 0.0004178380304083293
126 0.0003905118007588157
127 0.000496029507169683
128 0.0005350235820244769
129 0.0004647384356969159
130 0.0004920646280812043
131 0.0005232676962554098
132 0.00046472282437661855
133 0.0005194162003546502
134 0.0006287403798618738
135 0.0006599923359141174
136 0.0006716837577852176
137 0.0006248126347305145
138 0.0006755880575923507
139 0.0007576056288633302
140 0.0007380665800479189
141 0.0008044924003829069
142 0.0009607053899431485
143 0.000933387025694615
144 0.0010153127226016417
145 0.0010817561122681621
146 0.0010348244393877679
147 0.0011871858467833833
148 0.0011051917541956048
149 0.0012340374307707026
150 0.0012497170907994396
151 0.001335601972945635
152 0.0016245042772638088
153 0.0015620472696296285
154 0.001585523806589989
155 0.0018667231524568196
156 0.00190572706860191
157 0.0018159007977691889
158 0.002354887310648267
159 0.0022416862123647704
160 0.0027609811034221238
161 0.0026985397951840547
162 0.0031242293762422193
163 0.003104612263377701
164 0.003264778138868617
165 0.0035459561226369803
166 0.0038349794796992656
167 0.0038660673145698076
168 0.0039326202261213495
169 0.004283971796204747
170 0.004616028547364055
171 0.005014317625016682
172 0.004944065863130422
173 0.005385259276148488
174 0.005432232006823905
175 0.005733076019240364
176 0.005986665672470256
177 0.006693789094264781
178 0.00651400009452763
179 0.007021630690009371
180 0.0070528419115406605
181 0.006951494112310417
182 0.007451354006326468
183 0.007439642874936954
184 0.007951148705459158
185 0.007615140797070857
186 0.007935605862091237
187 0.00826754919071209
188 0.008193156390446632
189 0.008267617567014496
190 0.008365236830000511
191 0.008111279708861784
192 0.00829872085438174
193 0.00828706268936955
194 0.008357297203633565
195 0.008314385143947976
196 0.008111428252093895
197 0.008244178134682116
198 0.008193406737394146
199 0.008275373533120623
200 0.008291125608988668
201 0.00803320527268366
202 0.008279209339387965
203 0.007970750220963475
204 0.007537392767220946
205 0.008103549463611793
206 0.00765049031953613
207 0.007732417943048543
208 0.00787321139998567
209 0.0076934962504034525
210 0.007892646733949456
211 0.007256105749409813
212 0.0074554144761975714
213 0.007189537098946787
214 0.0074124240450136394
215 0.007264086243489382
216 0.006916302681061072
217 0.007275636860117474
218 0.00708423835619263
219 0.0069553145801092816
220 0.0069046973163225615
221 0.007049081982660608
222 0.007064671959831848
223 0.00720930296508354
224 0.006783660219703959
225 0.006662527315056289
226 0.006658560340902646
227 0.0066664844052215
228 0.006717310766251692
229 0.006432003619198013
230 0.006822699476054371
231 0.006697810544880169
232 0.006393138558253039
233 0.006420466824488735
234 0.006361884748175667
235 0.006447837855436804
236 0.0063423142847695915
237 0.006279906196281053
238 0.006182214627401336
239 0.006053310178686211
240 0.006350138434986763
241 0.006033818163714913
242 0.006178271202275675
243 0.006338435294365663
244 0.006330507521699539
245 0.005791658082155109
246 0.0060533668617440365
247 0.0059088121505271145
248 0.005651068083767177
249 0.0059087651501538215
250 0.005795614958635769
251 0.005424601289866318
252 0.005452023074742124
253 0.0053893784102936534
254 0.005393284468222937
255 0.005432317852510366
256 0.00507308729004061
257 0.0050886515128291685
258 0.004831024821636485
259 0.004979407649600772
260 0.0048622434834175434
261 0.0047371828749599625
262 0.0046826696273235945
263 0.004745040272296814
264 0.004866143919954188
265 0.004405110441841499
266 0.004495136070513336
267 0.004249047844087991
268 0.004549762928699715
269 0.004651290388001674
270 0.004702093035006302
271 0.004260932865469362
272 0.004424786368032185
273 0.004444364459823173
274 0.004374099015169262
275 0.004483507295642053
276 0.004686413180968383
277 0.004659222066771732
278 0.004382026966210768
279 0.004561663631899071
280 0.004924884261299203
281 0.004725679286201828
282 0.004752940709009806
283 0.0047725424476760805
284 0.004752884114277893
285 0.004796061888941111
286 0.005116144057143433
287 0.004850595218309945
288 0.005049831553139969
289 0.005206208758249434
290 0.005335011428769237
291 0.0052059408966491074
292 0.004967825834037287
293 0.005092802441617951
294 0.005127972295801859
295 0.004725649749229636
296 0.005233464534388928
297 0.005073237646502983
298 0.0048858139388904456
299 0.004850774904057583
300 0.004878101321859835
301 0.004682819842702208
302 0.004491315626837337
303 0.004421132246689325
304 0.004249243505454424
305 0.003850862598377323
306 0.004042286560501509
307 0.0036517513124653426
308 0.003542450443169813
309 0.003561887760841284
310 0.003382319290824002
311 0.003069815465148019
312 0.0028901122480238014
313 0.002722207856256093
314 0.0026089617921029188
315 0.002675463979494061
316 0.0024254364202378
317 0.002101260553037559
318 0.0020309656988673312
319 0.0018278248484601253
320 0.001909828805640393
321 0.0017498229964311033
322 0.001605254479335105
323 0.0015154029619167456
324 0.001339643060222684
325 0.0014334341336427114
326 0.0012732367789550808
327 0.0010896370354602422
328 0.0010741373628159205
329 0.0010193343569193315
330 0.001074103964549833
331 0.0008749320877642676
332 0.0008436859568794666
333 0.000746059073427023
334 0.000749959404297996
335 0.0006795861702404834
336 0.0006249162415368715
337 0.0007226039041538808
338 0.000652275681170288
339 0.0006326916703885167
340 0.0006015316611451706
341 0.0005507601346363038
342 0.00048039470525064633
343 0.0004452814926912603
344 0.00048041430322347776
345 0.00036328947186351705
346 0.000449172070653569
347 0.0003749337149976829
348 0.0003437482259323672
349 0.0004101309777120465
350 0.0003515842672890204
351 0.00038667399153195835
352 0.0003397852755465105
353 0.0003280763333307887
354 0.0003671739993581379
355 0.0002460665667404622
356 0.00032813307098187076
357 0.0003085665294752372
358 0.0003163966712487813
