0 0.0
1 0.0
2 0.0
3 0.0
4 3.904297851074463e-06
5 0.0
6 0.0
7 0.0
8 0.0
9 0.0
10 3.90625e-06
11 0.0
12 0.0
13 3.904297851074463e-06
14 1.1716797851074463e-05
15 7.808595702148925e-06
16 0.0
17 1.1712893553223388e-05
18 3.904297851074463e-06
19 3.904297851074463e-06
20 7.808595702148925e-06
21 1.1712893553223388e-05
22 0.0
23 1.561719140429785e-05
24 1.952148925537231e-05
25 4.294727636181908e-05
26 1.952148925537231e-05
27 6.246876561719139e-05
28 5.075782421289354e-05
29 8.589650487256368e-05
30 7.418165917041477e-05
31 0.000101511744127936
32 0.00013274807908545726
33 0.00019521684470264874
34 0.00020302544040479772
35 0.0002693985038730637
36 0.00024597466891554246
37 0.0003474864130434788
38 0.00036310946089455307
39 0.0004450919071714148
40 0.0005231798163418293
41 0.0006207931190654674
42 0.0007652560438530735
43 0.0008121017616191902
44 0.0009721779735132429
45 0.0010580666697901054
46 0.0012415764773863066
47 0.0015500199119190406
48 0.0016476254060469773
49 0.0017452348044727638
50 0.001858463346451774
51 0.0021317583395802082
52 0.0023660279235382317
53 0.002303559157921038
54 0.0027603639586456755
55 0.002822822963518239
56 0.002830643272113941
57 0.002947768303348325
58 0.003142979291604197
59 0.0032796219077961004
60 0.0034162801411794096
61 0.0036505360600949523
62 0.0034904637524987505
63 0.0036310145708395806
64 0.003958993159670166
65 0.0037325321714142927
66 0.0033772313062218873
67 0.0033811473169665183
68 0.0037481415542228885
69 0.0033342898863068455
70 0.0036778680972013983
71 0.003459229369690154
72 0.0034318953804347804
73 0.003209358211519241
74 0.003033649191029484
75 0.0029672800318590693
76 0.002693988943028485
77 0.0026744596451774103
78 0.0024089595827086457
79 0.0022723150143678155
80 0.002205938046601698
81 0.0019482602448775625
82 0.0017764711394302848
83 0.001647621501749126
84 0.0016398109538980506
85 0.001307949540854573
86 0.0012962307908545728
87 0.0012337639773863068
88 0.0009799807127686161
89 0.0010814944090454773
90 0.001054164324087956
91 0.0009487521864067965
92 0.0007925783202148929
93 0.0008511388836831586
94 0.0007418224481509244
95 0.0006598282889805101
96 0.0004489962050224892
97 0.0004490001093203403
98 0.00040995908295852107
99 0.00039433408295852117
100 0.0004216641679160423
101 0.0004021446308095957
102 0.00033577156734132974
103 0.0002459785732133935
104 0.00023035747751124457
105 0.0002811113974262871
106 0.00023425787106446785
107 0.0002030234882558722
108 0.00018350199900049981
109 0.00022255083395802115
110 0.00019521489255372324
111 0.00019131254685157426
112 0.00013274612693653173
113 0.00011712893553223384
114 0.00014836527048975515
115 9.760744627686154e-05
116 0.00014445902048975515
117 0.0001249394833833083
118 7.418361131934031e-05
119 0.00011322463768115938
120 0.00015617191404297855
121 0.00016788480759620194
122 0.00013665237693653173
123 0.00016398050974512744
124 0.00017178910544727636
125 0.00017960160544727642
126 0.00016788675974512744
127 0.00016398050974512747
128 0.0001522695683408296
129 0.0001874062968515743
130 0.00019911919040479777
131 0.00022645317966017006
132 0.0002811133495752126
133 0.00029672858883058505
134 0.000347484460894553
135 0.00033187117378810627
136 0.00035138680659670205
137 0.0004880411356821595
138 0.000464613396426787
139 0.0005505138055972018
140 0.0006481173475762115
141 0.0006481173475762121
142 0.0007691466766616696
143 0.0009526486756621691
144 0.0009838908670664669
145 0.001190816701024488
146 0.0013118538387056468
147 0.0014055569871314342
148 0.001686664480259871
149 0.0018350297507496258
150 0.0024050709020489737
151 0.0027174108258370805
152 0.002834528048475761
153 0.0032132566529235384
154 0.0036817704429035485
155 0.004388460066841577
156 0.0046500441185657135
157 0.0054582689124187895
158 0.005942413558845581
159 0.0066803199962518775
160 0.007344048678785616
161 0.008222533264617691
162 0.009874049303473263
163 0.01010831498313343
164 0.011166405078710648
165 0.012380594858820601
166 0.012810108617566238
167 0.014176616769740151
168 0.015101984164167932
169 0.015714927692403815
170 0.01704631668540731
171 0.01807705912668666
172 0.018818891335582205
173 0.019443582896051984
174 0.020162001030734643
175 0.02044307728948026
176 0.020977989520864573
177 0.021649524846951523
178 0.0221102007589955
179 0.021528456474887554
180 0.021743198713143425
181 0.021524595124312845
182 0.021438694715142426
183 0.020856915292353822
184 0.019990157265117443
185 0.019478705959520243
186 0.018643188171539232
187 0.01850260611881559
188 0.017542172273238392
189 0.01589843750000002
190 0.015098042775487281
191 0.014086817919165441
192 0.013313755231759131
193 0.011806698213393313
194 0.011424075071839084
195 0.010280096279985005
196 0.00927667416291854
197 0.008425537231384308
198 0.007550956943403308
199 0.006832577851699156
200 0.006059526877186409
201 0.0057042142991004545
202 0.0049975559095452255
203 0.0042947725356071945
204 0.0037247313843078475
205 0.0036700712143928034
206 0.0031820281265617185
207 0.0027174322994752607
208 0.0023074595514742625
209 0.001811619580834584
210 0.001870172335707147
211 0.0015812484382808597
212 0.001276711253748126
213 0.0011517776268115943
214 0.0009448420321089452
215 0.0009370373407046477
216 0.0008589572401299352
217 0.0007964787137681159
218 0.0005622247470014992
219 0.00044509385932034045
220 0.0005426993534482761
221 0.00045680675287356376
222 0.0003982422851074468
223 0.00037872274800099996
224 0.0003279668759370318
225 0.0002225469296601701
226 0.0002772051474262871
227 0.00021474223825587222
228 0.0001835039511494254
229 0.00017179105759620195
230 0.00016398050974512744
231 0.00016398246189405302
232 0.00018740824900049982
233 0.00012494143553223386
234 0.00016788480759620194
235 8.589455272363815e-05
236 0.00012494143553223384
237 0.00016788480759620197
238 0.0001210332333833083
239 0.00010932229197901046
240 0.00018740824900049982
241 0.0001366523769365317
242 0.00017179300974512756
243 0.00011322658983008491
244 0.00019131645114942543
245 0.00022254497751124453
246 0.00016007621189405302
247 0.00017178910544727642
248 0.00017569340329835086
249 0.00016007816404297855
250 0.00023035552536231896
251 0.00023816607321339354
252 0.00022254888180909562
253 0.00027330084957521267
254 0.0002498750624687657
255 0.0002772070995752126
256 0.00037091220014992543
257 0.000351386806596702
258 0.0003709082958520743
259 0.0004177618222138934
260 0.0005192794227886063
261 0.0005739356884057975
262 0.0006090782733633186
263 0.000706681815342329
264 0.0007613439374062964
265 0.0009175217078960516
266 0.0008823849793853071
267 0.000870668181534233
268 0.0008979885057471267
269 0.0011400608289605185
270 0.0012259553816841577
271 0.0013274651736631677
272 0.001425074572088954
273 0.0016671449431534236
274 0.0017374223044727642
275 0.0018623598357071472
276 0.0020419614411544234
277 0.002342582614942527
278 0.0024206763805597192
279 0.0025221900768365806
280 0.0027486374000499753
281 0.002975088627561218
282 0.0029048151705397293
283 0.003088309360944527
284 0.0033381941841579203
285 0.0033694324712643694
286 0.003310856290604698
287 0.003529510635307347
288 0.0035412176724137928
289 0.003869182596201898
290 0.003822329069840079
291 0.0038769872876061972
292 0.004103444371564218
293 0.0037598563999250378
294 0.0036115184595202398
295 0.0037325321714142944
296 0.0036934755278610677
297 0.0035607411138180904
298 0.003318674647051474
299 0.0031273581959020496
300 0.003217153142178911
301 0.003096133573838082
302 0.0028423385963268323
303 0.0027135065279860044
304 0.002611988927411294
305 0.0023152681471764118
306 0.0023113540885807086
307 0.0019560668884307845
308 0.0018038012243878057
309 0.0017022816716641689
310 0.0014758304441529239
311 0.0012728089080459768
312 0.0011673948182158924
313 0.0009799846170664667
314 0.0008472345858320836
315 0.0006520177411294352
316 0.0006285939061719145
317 0.0005466036512993507
318 0.0005466036512993505
319 0.00037091220014992543
320 0.0003748145458520744
321 0.00022645122751124456
322 0.00022254497751124456
323 0.000230355525362319
324 0.00016398246189405302
325 0.00013274612693653173
326 8.979885057471262e-05
327 8.980080272363814e-05
328 8.58965048725637e-05
329 7.418165917041477e-05
330 4.294727636181908e-05
331 2.3425787106446772e-05
332 3.5138680659670155e-05
333 7.808595702148925e-06
334 4.685157421289354e-05
335 7.808595702148925e-06
336 1.561719140429785e-05
337 3.904297851074463e-06
338 3.904297851074463e-06
339 3.904297851074463e-06
340 0.0
341 1.561719140429785e-05
342 7.808595702148925e-06
343 0.0
344 1.1712893553223388e-05
345 3.904297851074463e-06
346 3.904297851074463e-06
347 0.0
348 0.0
349 0.0
350 0.0
351 0.0
352 3.904297851074463e-06
353 0.0
354 0.0
355 0.0
356 0.0
357 0.0
358 0.0
