0 1.1712893553223388e-05
1 7.808595702148925e-06
2 7.808595702148925e-06
3 3.904297851074463e-06
4 0.0
5 7.808595702148925e-06
6 3.90625e-06
7 3.904297851074463e-06
8 3.904297851074463e-06
9 7.808595702148925e-06
10 7.808595702148925e-06
11 3.904297851074463e-06
12 0.0
13 0.0
14 1.1712893553223388e-05
15 3.904297851074463e-06
16 1.561719140429785e-05
17 7.808595702148925e-06
18 3.904297851074463e-06
19 1.561719140429785e-05
20 1.1712893553223388e-05
21 1.561719140429785e-05
22 1.952148925537231e-05
23 1.561719140429785e-05
24 2.733008495752124e-05
25 2.3425787106446772e-05
26 4.2949228510744626e-05
27 5.0755872063968006e-05
28 3.12343828085957e-05
29 7.418165917041479e-05
30 4.2947276361819084e-05
31 5.0755872063968006e-05
32 4.29472763618191e-05
33 0.00011322658983008494
34 6.246876561719139e-05
35 8.979885057471263e-05
36 8.589650487256371e-05
37 0.0001288437812343828
38 0.00012103518553223387
39 0.00011322658983008494
40 0.00012103518553223387
41 0.00012884378123438278
42 0.00017179300974512753
43 0.00016007621189405305
44 0.0001796016054472765
45 0.00023035552536231898
46 0.00019131449900049987
47 0.00028501374312843615
48 0.0003123516366816595
49 0.00033186531734132963
50 0.0003162539823838085
51 0.00043728331146926575
52 0.0006090782733633185
53 0.0005622247470014998
54 0.0006676427411294352
55 0.0007574415917041477
56 0.0010580822869815096
57 0.0011049377654922532
58 0.0012103499031734135
59 0.0017413441716641672
60 0.0018975199900049978
61 0.002104445823963018
62 0.0025222154547726128
63 0.002963410872688653
64 0.0032250027330084944
65 0.0036310575181159404
66 0.004318239317841078
67 0.004790647644927531
68 0.005317708333333329
69 0.005887782671164416
70 0.006313366754122937
71 0.006762378576336829
72 0.0073636560625937
73 0.007902462831084457
74 0.008000052708020988
75 0.008441246173788101
76 0.008702853651299344
77 0.009378332318215893
78 0.009612521864067962
79 0.009788301161919033
80 0.010198219249750125
81 0.009917156656046972
82 0.010077197729260369
83 0.010448113833708146
84 0.010420814983133426
85 0.010295867691154419
86 0.009717990614067959
87 0.009706281624812595
88 0.010139660638430782
89 0.010186551255622185
90 0.009780502326961513
91 0.009792195699025487
92 0.009429070620939523
93 0.00925342211706646
94 0.008851236491129429
95 0.008644306752873558
96 0.008125025377936034
97 0.007636980337956021
98 0.0077736483320839595
99 0.007024021192528735
100 0.006711634417166416
101 0.006286099137931033
102 0.005801907639930033
103 0.005391960269865063
104 0.005103057846076959
105 0.004689174943778109
106 0.004228454132308843
107 0.0037560223794352813
108 0.00372091493315842
109 0.0033577820464767614
110 0.0030922858883058457
111 0.002795543634432782
112 0.0025573736569215384
113 0.0022684399987506227
114 0.0021083872126436785
115 0.0020264067185157423
116 0.001585191779110445
117 0.0015578519334082958
118 0.0012494084988755624
119 0.0012181682596201897
120 0.0010893244783858065
121 0.001019047117066467
122 0.0009839025799600197
123 0.0007925841766616692
124 0.0007067052411294353
125 0.0007418341610444776
126 0.0006051895927036485
127 0.0005973673319590207
128 0.0005934688905547232
129 0.0005739454491504253
130 0.0004958516835332341
131 0.0004997559813843085
132 0.0005075723856821594
133 0.0005231876249375318
134 0.0005856622470014998
135 0.0005778497470014999
136 0.0005817501405547229
137 0.000593468890554723
138 0.0006754552411294355
139 0.0007301349325337333
140 0.0007847794852573716
141 0.0008745880965767114
142 0.0008238341766616693
143 0.0010151721014492754
144 0.001034676021364318
145 0.0011244670633433283
146 0.001374357743003498
147 0.0013274885994502747
148 0.0014133968172163921
149 0.0016476624968765616
150 0.001690603916791605
151 0.0017765062781109444
152 0.001991232899175412
153 0.0019756293728135934
154 0.0022176958395802096
155 0.002248930222388805
156 0.0025066392584957515
157 0.002670608055347326
158 0.0027916686188155914
159 0.0029439128092203872
160 0.003248485132433782
161 0.003361692200774612
162 0.0035452176255622203
163 0.0035803465454772613
164 0.003923934517116442
165 0.004130893537606195
166 0.004396389695777112
167 0.004552561609820086
168 0.004775100730884556
169 0.004853208161544229
170 0.005001567575587204
171 0.0053217121907796075
172 0.005384163387056474
173 0.005856645895802095
174 0.005778538465142428
175 0.00627049170727136
176 0.006071360803973011
177 0.006305673335207395
178 0.006563325758995503
179 0.006438405797101446
180 0.006493015211144428
181 0.006719480103698153
182 0.0070240582833583235
183 0.006836632465017491
184 0.007035804363443279
185 0.007488665823338328
186 0.0070826168946776635
187 0.006942054363443281
188 0.006965491863443282
189 0.006848351215017492
190 0.007172394271614193
191 0.007215388399550228
192 0.007102132527486259
193 0.007113847373188405
194 0.006863984023613196
195 0.006961609039230387
196 0.00734032202648676
197 0.007195868862443777
198 0.0067780699494003
199 0.006981140289230383
200 0.00677421445527236
201 0.006414948775612196
202 0.006606323791229387
203 0.006442312047101448
204 0.006411058142803596
205 0.006208032702398802
206 0.005844977901674165
207 0.005880054113568216
208 0.005477948525737128
209 0.005216341048225884
210 0.005028880091204397
211 0.004693110476011993
212 0.004591598731884059
213 0.004365126030734633
214 0.004162112303223387
215 0.003994270442903549
216 0.0036076863911794106
217 0.00354129771051974
218 0.003338297648050973
219 0.002979061250624688
220 0.0028112076774112938
221 0.002491020114942528
222 0.0023504517272613704
223 0.002069361803473263
224 0.0019522074900049976
225 0.001655474996876561
226 0.0015929925662168923
227 0.001538344109195403
228 0.0012728499031734136
229 0.0011986604354072966
230 0.000999529532108946
231 0.000991722888555722
232 0.0009526760057471265
233 0.0007574572088955521
234 0.0006051759276611697
235 0.000698898597576212
236 0.0006481290604697653
237 0.0004880567528735638
238 0.00043338291791604244
239 0.0004646329179160426
240 0.0003865352480009999
241 0.00033968562593703186
242 0.000382632902298851
243 0.00035139656734132965
244 0.00028501959957521263
245 0.0003162617909795106
246 0.0002342637275112446
247 0.0002850235038730637
248 0.00025378326461769136
249 0.00026549420602198925
250 0.00024207037106446796
251 0.00029283014742628716
252 0.0002498809189155424
253 0.0003006387431284361
254 0.0002811133495752127
255 0.0003006367909795106
256 0.00030454889742628717
257 0.00032015632808595726
258 0.0003592032108945531
259 0.00032015828023488285
260 0.0003631133651924041
261 0.0003865332958520745
262 0.00042557822651174477
263 0.00040604892866067006
264 0.00039044345014992545
265 0.00045291026361819135
266 0.00043728916791604256
267 0.0004646270614692659
268 0.00044119151361819134
269 0.0005270860663418293
270 0.0004958536356821596
271 0.0006325079647676162
272 0.0005466114598950527
273 0.0006637462518740628
274 0.0007457404110444778
275 0.0006988888368315842
276 0.0007027872782358818
277 0.0008902072401299348
278 0.0008550627030234883
279 0.0009136505965767112
280 0.0009526721014492751
281 0.000968302957896052
282 0.0010229572713643176
283 0.0011869455897051478
284 0.0012064670789605197
285 0.0012806487381309343
286 0.001624242566216892
287 0.0015032112849825085
288 0.0016320628748125933
289 0.0016125160076211887
290 0.0018038441716641688
291 0.002073252436281858
292 0.0019404985007496253
293 0.0019756371814092957
294 0.0021357133933033482
295 0.0025925416198150923
296 0.002576910763368315
297 0.0025613248063468255
298 0.002834604182283857
299 0.003100108149050474
300 0.003338278126561718
301 0.003471035966391803
302 0.0035959481196901548
303 0.003970780234882555
304 0.00407233297413793
305 0.00434171976511744
306 0.004505674896926534
307 0.004388547913543225
308 0.004595460082458768
309 0.004927399581459268
310 0.004993758979885057
311 0.005146009026736626
312 0.005360770786481755
313 0.005181153563843077
314 0.005255335223013487
315 0.005009364458395797
316 0.0049117472513743096
317 0.004989864442778607
318 0.004763397598075958
319 0.00488054019865067
320 0.004825860507246372
321 0.004501792072713639
322 0.004064493144052975
323 0.0035959598325837083
324 0.003553012556221888
325 0.00324456716954023
326 0.0032445574087956
327 0.0026159576461769105
328 0.0025417662262618677
329 0.002580811156921537
330 0.0021513286325587203
331 0.002049812984132933
332 0.0015890882683658166
333 0.0015188109070464768
334 0.0013704495408545729
335 0.0011908537918540727
336 0.001128371361194402
337 0.0009760900799600196
338 0.0007847833895552222
339 0.0007262228260869564
340 0.0005700470077461274
341 0.000495867300724638
342 0.0004216856415542233
343 0.000390441498001
344 0.0002694063124687659
345 0.00029283209957521264
346 0.00017569730759620195
347 0.00017179886619190412
348 0.0001405566747876062
349 0.00010932033983008492
350 8.19902548725637e-05
351 6.246876561719139e-05
352 6.637696776611693e-05
353 6.247071776611693e-05
354 3.9042978510744616e-05
355 2.3427739255372315e-05
356 3.9046882808595695e-05
357 2.3427739255372308e-05
358 1.952148925537231e-05
