0 0.0
1 0.0
2 0.0
3 0.0
4 0.0
5 0.0
6 0.0
7 0.0
8 3.904297851074463e-06
9 3.904297851074463e-06
10 3.904297851074463e-06
11 0.0
12 7.808595702148925e-06
13 0.0
14 3.904297851074463e-06
15 0.0
16 3.904297851074463e-06
17 3.904297851074463e-06
18 0.0
19 7.808595702148925e-06
20 1.561719140429785e-05
21 3.904297851074463e-06
22 2.3425787106446772e-05
23 1.1712893553223388e-05
24 2.3425787106446772e-05
25 3.5138680659670155e-05
26 2.3425787106446772e-05
27 4.294727636181908e-05
28 4.294727636181908e-05
29 8.19902548725637e-05
30 0.00014055472263868068
31 0.00012884182908545725
32 0.00017569340329835092
33 0.00014445902048975512
34 0.0002147363818090955
35 0.00023816216891554235
36 0.00030843953023488283
37 0.00041385557221389354
38 0.0005153673163418295
39 0.0005505059970014997
40 0.0007535294852573717
41 0.0008706584207896053
42 0.0009097013993003494
43 0.0009214142928535733
44 0.001108820589705148
45 0.0013157483758120937
46 0.0015304847576211886
47 0.0017725512243878055
48 0.002006809095452274
49 0.002225449775112444
50 0.0024987506246876554
51 0.0025846451774112927
52 0.0027876686656671664
53 0.003224950024987508
54 0.003459207896051974
55 0.0035216766616691674
56 0.003822307596201899
57 0.003931627936031985
58 0.004263493253373315
59 0.004290823338330836
60 0.0045758370814592665
61 0.004669540229885059
62 0.0046265929535232375
63 0.0047398175912043965
64 0.004732008995502248
65 0.004853042228885553
66 0.0046187843578210895
67 0.004833520739630184
68 0.004696870314842575
69 0.004607071464267865
70 0.004400143678160919
71 0.004353292103948025
72 0.004271301849075462
73 0.004009713893053475
74 0.00396286231884058
75 0.0037051786606696665
76 0.0034357821089455285
77 0.0032054285357321364
78 0.0031312468765617198
79 0.0028462331334332823
80 0.00286965892053973
81 0.0025690279860069937
82 0.00231915292353823
83 0.002217641179410294
84 0.002053660669665168
85 0.0018272113943028495
86 0.0017061781609195412
87 0.0015421976511744136
88 0.0014250687156421786
89 0.0012571839080459768
90 0.001190810844577711
91 0.0012298538230884554
92 0.0010463518240879568
93 0.0008589455272363822
94 0.0007574337831084458
95 0.0007496251874062968
96 0.0006832521239380312
97 0.0007574337831084453
98 0.0004919415292353828
99 0.00042947276361819133
100 0.0003943340829585213
101 0.00033967391304347863
102 0.00037871689155422327
103 0.0003474825087456274
104 0.00031624812593703195
105 0.00031624812593703173
106 0.0002654922538730637
107 0.00022254497751124448
108 0.00019131059470264876
109 0.00019911919040479777
110 0.00019911919040479774
111 0.00016007621189405302
112 0.00014836331834082962
113 0.000160076211894053
114 0.0001483633183408296
115 0.00010932033983008492
116 0.0001522676161919041
117 0.0001210332333833083
118 0.0001366504247876062
119 0.00012493753123438278
120 0.00012884182908545725
121 0.00012884182908545725
122 9.760744627686154e-05
123 0.0001366504247876062
124 0.00010932033983008492
125 0.00013274612693653173
126 0.00014445902048975512
127 0.00011712893553223384
128 0.00011322463768115938
129 0.00014445902048975515
130 0.00012493753123438278
131 0.00015226761619190404
132 0.00017959770114942537
133 0.00014055472263868065
134 0.00018350199900049984
135 0.0002615879560219892
136 0.00021864067966017
137 0.00029282233883058494
138 0.00024206646676661682
139 0.00028891804097951057
140 0.00041385557221389354
141 0.00046461144427786165
142 0.0005426974012993506
143 0.0006168790604697653
144 0.0006598263368315842
145 0.0007574337831084456
146 0.0009057971014492752
147 0.0010346389305347322
148 0.0010658733133433287
149 0.0012649925037481263
150 0.0015617191404297857
151 0.0017998813093453275
152 0.0019170102448775623
153 0.0021668853073463267
154 0.0025768365817091447
155 0.0029438405797101437
156 0.003392834832583709
157 0.0038652548725637177
158 0.004407952273863068
159 0.005204429035482255
160 0.0056729447776111925
161 0.006504560219890061
162 0.007222951024487762
163 0.00864021114442779
164 0.009487443778110942
165 0.01024097326336831
166 0.011037450024987504
167 0.012638212143928048
168 0.013337081459270383
169 0.014313155922039003
170 0.015121345577211419
171 0.0164995627186407
172 0.017475637181409303
173 0.018650830834582716
174 0.019224762618690654
175 0.019806502998500754
176 0.021079304097951022
177 0.021852355072463754
178 0.021817216391804096
179 0.021879685157421298
180 0.02193434532733633
181 0.0220163355822089
182 0.02129404047976012
183 0.02086456771614192
184 0.01981040729635183
185 0.01909982508745628
186 0.01855322338830586
187 0.017635713393303352
188 0.016234070464767637
189 0.015785076211894074
190 0.01409061094452776
191 0.01358695652173915
192 0.012052567466266878
193 0.011587956021989011
194 0.010447901049475261
195 0.009038449525237382
196 0.008206834082958523
197 0.0073205584707646265
198 0.00658655047476262
199 0.00580178660669665
200 0.005223950524737628
201 0.004407952273863067
202 0.003834020489755125
203 0.003338174662668665
204 0.0029906921539230385
205 0.002713487006496752
206 0.0023308658170914545
207 0.0019092016491754117
208 0.0017061781609195407
209 0.001553910544727636
210 0.0013157483758120942
211 0.001124437781109445
212 0.0010424475262368815
213 0.000839424037981009
214 0.0006871564217891053
215 0.0006754435282358822
216 0.0005270802098950529
217 0.00043337706146926596
218 0.0004372813593203403
219 0.0003552911044477765
220 0.0003045352323838084
221 0.0003045352323838084
222 0.00032796101949025515
223 0.0002733008495752126
224 0.00023425787106446793
225 0.00019521489255372326
226 0.00017959770114942542
227 0.00015617191404297855
228 0.00015617191404297857
229 0.0001522676161919041
230 0.00016788480759620194
231 0.0001483633183408296
232 9.760744627686154e-05
233 0.00014055472263868065
234 0.0001522676161919041
235 0.00011712893553223384
236 0.00013274612693653173
237 0.00012884182908545725
238 0.00013665042478760617
239 0.00011712893553223384
240 0.00012493753123438278
241 0.0001210332333833083
242 0.00012493753123438278
243 0.0001210332333833083
244 0.00011322463768115938
245 0.00016007621189405302
246 0.00015617191404297855
247 0.0001327461269365317
248 0.0001522676161919041
249 0.00016007621189405302
250 0.00023425787106446798
251 0.0002303535732133935
252 0.0002576836581709148
253 0.0002420664667666169
254 0.0002811094452773615
255 0.00031234382808595736
256 0.0003279610194902552
257 0.0004489942528735637
258 0.0003982383808095957
259 0.0004450899550224893
260 0.00044899425287356365
261 0.0004685157421289362
262 0.0006090704647676163
263 0.0005934532733633185
264 0.0007769552723638181
265 0.0008316154422788604
266 0.0009565529735132432
267 0.0009838830584707652
268 0.001093203398300849
269 0.0012025237381309347
270 0.001311844077961019
271 0.0013430784607696158
272 0.0015070589705147438
273 0.0017686469265367315
274 0.0018662543728135941
275 0.0018623500749625195
276 0.002088799350324836
277 0.0022293540729635196
278 0.002529985007496252
279 0.002565123688155921
280 0.0030687781109445256
281 0.00331474887556222
282 0.0030531609195402296
283 0.003404547726136933
284 0.003654422788605699
285 0.003904297851074464
286 0.0038340204897551237
287 0.004216641679160421
288 0.004298631934032982
289 0.004415760869565217
290 0.004665635932033981
291 0.004692966016991497
292 0.00465392303848076
293 0.004630497251374312
294 0.004845233633183407
295 0.004923319590204894
296 0.004681253123438279
297 0.0045680284857571194
298 0.004575837081459267
299 0.004486038230884558
300 0.004365004997501251
301 0.00408389555222389
302 0.003935532233883061
303 0.0037598388305847084
304 0.0036778485757121464
305 0.003326461769115442
306 0.003088299600199897
307 0.0027954772613693135
308 0.002475324837581209
309 0.002522176411794102
310 0.0021278423288355825
311 0.0018350199900049986
312 0.0016827523738130942
313 0.0016437093953023494
314 0.0014523988005997
315 0.001218140929535232
316 0.0010112131434282861
317 0.0008979885057471262
318 0.0007379122938530731
319 0.0006246876561719143
320 0.0005036544227886059
321 0.0004997501249375317
322 0.0004138555722138934
323 0.00026158795602198925
324 0.00031624812593703173
325 0.0002342578710644679
326 0.00015617191404297855
327 0.00016398050974512747
328 0.000160076211894053
329 7.808595702148923e-05
330 7.418165917041477e-05
331 4.2947276361819084e-05
332 6.246876561719139e-05
333 5.466016991504246e-05
334 4.294727636181908e-05
335 3.1234382808595694e-05
336 2.3425787106446776e-05
337 0.0
338 1.1712893553223388e-05
339 0.0
340 7.808595702148925e-06
341 7.808595702148925e-06
342 0.0
343 3.904297851074463e-06
344 1.1712893553223388e-05
345 0.0
346 0.0
347 0.0
348 0.0
349 3.904297851074463e-06
350 0.0
351 3.904297851074463e-06
352 0.0
353 0.0
354 3.904297851074463e-06
355 0.0
356 3.904297851074463e-06
357 0.0
358 7.808595702148925e-06
