0 0.0
1 3.904297851074463e-06
2 0.0
3 0.0
4 0.0
5 0.0
6 0.0
7 0.0
8 0.0
9 0.0
10 0.0
11 0.0
12 0.0
13 0.0
14 0.0
15 0.0
16 3.904297851074463e-06
17 3.904297851074463e-06
18 3.904297851074463e-06
19 0.0
20 3.904297851074463e-06
21 3.904297851074463e-06
22 0.0
23 3.904297851074463e-06
24 2.3425787106446772e-05
25 7.808595702148925e-06
26 3.1234382808595694e-05
27 2.7330084957521233e-05
28 2.3425787106446772e-05
29 3.1234382808595694e-05
30 6.246876561719139e-05
31 3.513868065967016e-05
32 6.637306346826585e-05
33 8.589455272363815e-05
34 9.370314842578708e-05
35 0.00016788480759620197
36 0.00015617191404297857
37 0.00021083208395802116
38 0.00022644927536231895
39 0.0003396739130434787
40 0.0003865254872563723
41 0.0003709082958520744
42 0.00046461144427786165
43 0.0005153673163418295
44 0.0007066779110444774
45 0.0008823713143428282
46 0.0007925724637681157
47 0.0009916916541729138
48 0.0010619690154922534
49 0.0012493753123438273
50 0.0014680159920039974
51 0.0015578148425787104
52 0.00171398675662169
53 0.0017959770114942526
54 0.0019443403298350821
55 0.0023503873063468257
56 0.002334770114942528
57 0.0024245689655172415
58 0.00264320964517741
59 0.0029516491754122925
60 0.002900893303348324
61 0.002971170664667665
62 0.002982883558220889
63 0.0030922038980509743
64 0.0030258308345827087
65 0.003154672663668167
66 0.0032600887056471765
67 0.0031390554722638673
68 0.0030687781109445277
69 0.002978979260369815
70 0.0031234382808595683
71 0.003006309345327334
72 0.0028891804097950996
73 0.002775955772113942
74 0.002795477261369315
75 0.002518272113943027
76 0.0024089517741129433
77 0.002459707646176911
78 0.002205928285857071
79 0.0022059282858570704
80 0.001959957521239381
81 0.001885775862068966
82 0.0017296039480259868
83 0.0015968578210894563
84 0.0015031546726636685
85 0.0013001311844077958
86 0.001319652673663168
87 0.0012532796101949017
88 0.001120533483258371
89 0.0008901799100449777
90 0.0008355197401299346
91 0.0008159982508745627
92 0.000819902548725637
93 0.0006910607196401798
94 0.0005895489755122439
95 0.0005856446776611699
96 0.0005387931034482763
97 0.00047242003998001044
98 0.0005544102948525743
99 0.0003865254872563723
100 0.00040604697651174464
101 0.00030063093453273394
102 0.0003045352323838084
103 0.00033576961519240416
104 0.0002459707646176914
105 0.00028891804097951057
106 0.0002615879560219892
107 0.00021473638180909558
108 0.00025377936031984025
109 0.00017178910544727644
110 0.0001639805097451275
111 0.00014445902048975515
112 0.0001795977011494254
113 0.00015226761619190407
114 0.0001522676161919041
115 0.00013274612693653173
116 0.0001366504247876062
117 0.0001795977011494254
118 0.00014445902048975515
119 0.0001483633183408296
120 0.00013274612693653173
121 0.00016007621189405305
122 0.00011322463768115938
123 0.00018350199900049981
124 0.00019521489255372326
125 0.00017178910544727644
126 0.00015226761619190407
127 0.00020302348825587216
128 0.00014836331834082962
129 0.00016007621189405302
130 0.0002147363818090956
131 0.00023035357321339353
132 0.0002576836581709147
133 0.00028110944527736157
134 0.0003240567216391807
135 0.0003318653173413297
136 0.00035919540229885095
137 0.00043728135932034033
138 0.00045289855072463823
139 0.00058564467766117
140 0.0005856446776611698
141 0.0007301036981509244
142 0.0006715392303848076
143 0.0009721701649175411
144 0.0010073088455772113
145 0.001311844077961019
146 0.001354791354322838
147 0.001401642928535732
148 0.0017686469265367321
149 0.0019170102448775618
150 0.0023230572213893044
151 0.002604166666666666
152 0.002959457771114444
153 0.0034396864067966016
154 0.003779360319840081
155 0.00432986631684158
156 0.004954553973013491
157 0.005130247376311843
158 0.005981384307846079
159 0.007012118940529741
160 0.00745720889555223
161 0.008554316591704149
162 0.009655328585707145
163 0.00996376811594203
164 0.01158405172413794
165 0.012029141679160433
166 0.013243378310844591
167 0.01417260119940032
168 0.015429785107446302
169 0.016179410294852595
170 0.01762009620189906
171 0.01897488755622189
172 0.019541010744627683
173 0.020259401549225387
174 0.02119252873563219
175 0.022367722388805616
176 0.02237162668665666
177 0.022215454772613694
178 0.022968984257871063
179 0.02329304097951024
180 0.023386744127936034
181 0.02273863068465768
182 0.022215454772613705
183 0.021473638180909537
184 0.021864067966016993
185 0.020829429035482273
186 0.019868971764117938
187 0.0192013368315842
188 0.018459520239880064
189 0.01749906296851575
190 0.016999312843578227
191 0.015582052723638204
192 0.01432096451774115
193 0.013422976011994023
194 0.012134557721139444
195 0.011256090704647689
196 0.010385432283858074
197 0.009487443778110945
198 0.008261494252873569
199 0.007398644427786114
200 0.006688062218890554
201 0.006036044477761125
202 0.005395739630184907
203 0.004825712143928034
204 0.00437671789105447
205 0.0038223075962018995
206 0.0033147488755622184
207 0.0030609695152423785
208 0.002736912793603197
209 0.0022254497751124443
210 0.001975574712643678
211 0.0017452211394302843
212 0.0015148675662168916
213 0.0014055472263868063
214 0.0011830022488755621
215 0.001108820589705147
216 0.0009682658670664669
217 0.0008081896551724138
218 0.0006949650174912542
219 0.0005973575712143932
220 0.0005466016991504251
221 0.00048413293353323386
222 0.0005348888055972017
223 0.00040995127436281906
224 0.0003357696151924041
225 0.00033576961519240416
226 0.000343578210894553
227 0.00022644927536231895
228 0.00022644927536231898
229 0.0001991191904047977
230 0.00014445902048975512
231 0.0001991191904047977
232 0.00015226761619190407
233 0.0001483633183408296
234 0.0002303535732133934
235 0.00013274612693653173
236 0.00012884182908545725
237 0.00010541604197901046
238 0.0001639805097451275
239 0.0001366504247876062
240 9.370314842578708e-05
241 0.00014055472263868068
242 0.00014445902048975512
243 0.00014055472263868065
244 0.00015226761619190407
245 0.0001366504247876062
246 0.00017569340329835092
247 0.00018740629685157432
248 0.00016398050974512747
249 0.00017959770114942537
250 0.00017569340329835092
251 0.00020302348825587219
252 0.00017178910544727642
253 0.00021083208395802114
254 0.00021864067966017008
255 0.00027720514742628715
256 0.000343578210894553
257 0.0002654922538730637
258 0.00038652548725637227
259 0.00037871689155422316
260 0.0003396739130434787
261 0.0004607071464267871
262 0.00048022863568215944
263 0.0005426974012993507
264 0.0005973575712143928
265 0.0006207833583208395
266 0.000788668165917041
267 0.0007261994002998497
268 0.0008628498250874564
269 0.0008667541229385303
270 0.0011322463768115942
271 0.001065873313343328
272 0.0011205334832583708
273 0.0013625999500249874
274 0.0015031546726636698
275 0.0013860257371314348
276 0.001569527736131934
277 0.0018584457771114444
278 0.0018974887556221886
279 0.0019599575212393802
280 0.002135650924537731
281 0.0022488755622188904
282 0.0025260807096451764
283 0.0025299850074962512
284 0.002604166666666666
285 0.002768147176411794
286 0.0027603385807096446
287 0.0030648738130934516
288 0.002865754622688656
289 0.0030687781109445277
290 0.0029906921539230398
291 0.003076586706646677
292 0.002994596451774111
293 0.0030609695152423785
294 0.0032054285357321338
295 0.003303035982008993
296 0.003084395302348826
297 0.0028696589205397293
298 0.002947744877561218
299 0.002854041729135432
300 0.0028618503248375813
301 0.002576836581709146
302 0.002522176411794101
303 0.0024636119440279844
304 0.002057564967516241
305 0.002174693903048475
306 0.0019365317341329346
307 0.0018467328835582216
308 0.001616379310344827
309 0.0014523988005996997
310 0.0012884182908545721
311 0.0011634807596201898
312 0.0009253185907046477
313 0.0008159982508745625
314 0.000734007996001999
315 0.00069106071964018
316 0.0005309845077461273
317 0.0005075587206396807
318 0.0004138555722138935
319 0.0003591954022988509
320 0.00024987506246876577
321 0.00019911919040479774
322 0.0002537793603198403
323 0.00014836331834082962
324 0.000160076211894053
325 0.00010932033983008492
326 6.246876561719139e-05
327 0.000101511744127936
328 6.246876561719139e-05
329 2.3425787106446772e-05
330 5.0755872063968e-05
331 3.9042978510744616e-05
332 1.952148925537231e-05
333 1.952148925537231e-05
334 1.1712893553223388e-05
335 1.1712893553223388e-05
336 1.1712893553223388e-05
337 7.808595702148925e-06
338 2.7330084957521233e-05
339 3.904297851074463e-06
340 0.0
341 1.1712893553223388e-05
342 3.904297851074463e-06
343 7.808595702148925e-06
344 0.0
345 0.0
346 0.0
347 0.0
348 0.0
349 3.904297851074463e-06
350 0.0
351 0.0
352 0.0
353 0.0
354 0.0
355 0.0
356 0.0
357 0.0
358 0.0
