0 8.598645039834671e-05
1 0.00014850603641118485
2 0.00010938484873800453
3 0.00010939268473030947
4 0.0001406720256254662
5 0.00014065052461124028
6 0.00012114469166849318
7 0.0001563087717573736
8 0.00020713505029149975
9 0.0002774241499273129
10 0.00020713114401996543
11 0.0002970707800972761
12 0.00033217036304397055
13 0.0003165140425827277
14 0.0004024926981042314
15 0.0005040767616889146
16 0.00045722325879688966
17 0.0005158483448890014
18 0.000593883454138799
19 0.0006719107332174854
20 0.0007658113949104983
21 0.0008047800802812767
22 0.0007539870333005976
23 0.0009143663876440123
24 0.001050901383327826
25 0.0011093562823108606
26 0.0013555344148577645
27 0.0015545831772757358
28 0.001605372245625305
29 0.0018826301343080037
30 0.0019723311994583764
31 0.00226525325047749
32 0.0024799974799682573
33 0.0028159175670716954
34 0.003007234043664598
35 0.0031710345742208793
36 0.0034913941800477793
37 0.0036748160118863665
38 0.004397118905329224
39 0.004975033151464217
40 0.004889201102656561
41 0.005260038964709413
42 0.006001832019095744
43 0.006400048867588261
44 0.006509302629015462
45 0.006946540988292796
46 0.007485435609250583
47 0.007825152528275746
48 0.008266287190923921
49 0.00883627380337905
50 0.009351705491695724
51 0.00925418403188884
52 0.01000362936344971
53 0.01024178765937026
54 0.010565930224710451
55 0.010819590488288547
56 0.010698647075234302
57 0.010929037758793843
58 0.01118277610057226
59 0.010800139239249888
60 0.010624383367156565
61 0.01043692037588737
62 0.010792307221622832
63 0.010444729010684316
64 0.010011316787067537
65 0.009620902621107548
66 0.009222689665120729
67 0.00891417392487946
68 0.00859792974428231
69 0.007731089724855556
70 0.0073875329504399165
71 0.006915101236661122
72 0.006270808094119061
73 0.005888128336336818
74 0.005532723977945679
75 0.005056436744645413
76 0.004662065529803518
77 0.004291167024001754
78 0.003865547782831321
79 0.0033540417818903475
80 0.0032642409928444536
81 0.0027175533796012525
82 0.0025184244030523975
83 0.002327133359147618
84 0.0019796156843629115
85 0.001757076563298443
86 0.0018585668259727625
87 0.0013939339197813403
88 0.0013041291971289813
89 0.001101090081913145
90 0.0010347053075044515
91 0.0010034728748916563
92 0.0007692071932783607
93 0.0006793868710185927
94 0.0006012911552056015
95 0.0005466329335332336
96 0.0005739669306040404
97 0.0004138887606987528
98 0.0003475059364858593
99 0.000374832115192404
100 0.0002967461601240402
101 0.00023427348825587213
102 0.0002264648925537232
103 0.00023036723825587216
104 0.00019913480759620194
105 0.0001405625312343828
106 0.0001405586269365317
107 8.980275487256371e-05
108 0.0001327558876811594
109 0.00013275393553223387
110 9.760939842578708e-05
111 9.76152548725637e-05
112 0.00012104104197901046
113 7.419142186816796e-05
114 7.809376757031686e-05
115 0.00011323244627686154
116 5.8568372063968e-05
117 4.6855478510744616e-05
118 6.637501561719138e-05
119 0.00010541994627686154
120 8.199220702148925e-05
121 8.58965048725637e-05
122 5.8572276361819084e-05
123 6.24804804638701e-05
124 8.979885057471262e-05
125 0.00010151955272363817
126 7.418165917041477e-05
127 7.419142186816796e-05
128 7.028517186816794e-05
129 9.370510057471262e-05
130 6.247071776611693e-05
131 0.0001561894853364338
132 0.00011323440037891257
133 0.00012885354393213597
134 0.0001327519833833083
135 0.0001405644853364338
136 0.00016398636619190406
137 0.00020694340525147638
138 0.00019522855954932743
139 0.00023426568161329545
140 0.0002420840380600721
141 0.0002537988818090956
142 0.0002459902861069466
143 0.0002889336581709148
144 0.00032017194527736155
145 0.00035140828414113363
146 0.0004021661064009018
147 0.00041778329585207425
148 0.0005388262919331356
149 0.0005661544306011076
150 0.0006481466337163456
151 0.0006950040663291415
152 0.0008160509667080541
153 0.0008355431659170412
154 0.0008238478456103989
155 0.0009214865223638178
156 0.0009722287371978095
157 0.0011479221346367837
158 0.0012455315350156965
159 0.0013978030574585765
160 0.0015032308084248895
161 0.0015383636326377825
162 0.0016476878826250957
163 0.0016477054480591744
164 0.00189758246072374
165 0.0019288324665831167
166 0.0020576664812134945
167 0.0021513696315924083
168 0.0022724184860733712
169 0.0024324986042184
170 0.0023505024928990605
171 0.0026511353795807195
172 0.002655037721376618
173 0.002573070894244286
174 0.0027487525826959576
175 0.0026550670094698755
176 0.0026979732848448827
177 0.0027136021852364836
178 0.002600385362010404
179 0.0026042857575167507
180 0.002584779881546532
181 0.002573047466504053
182 0.0025105767487379363
183 0.002373902896210098
184 0.0022646137907628215
185 0.0021162231403839093
186 0.0019561488845450336
187 0.0019873735046558767
188 0.0018155746365108461
189 0.0016554945222720687
190 0.0017179671921871108
191 0.0015032073806846569
192 0.001315799133637283
193 0.0011986662938071983
194 0.0011127756453814116
195 0.0011244807303389323
196 0.0008902267655254416
197 0.0009331662313384328
198 0.0008316486288105947
199 0.0006754708602739652
200 0.0006832833583208397
201 0.0005973868534482757
202 0.0006403263231675184
203 0.0005114864442778614
204 0.00041777548725637203
205 0.00046071885932034013
206 0.000425584082958521
207 0.00037092196089455297
208 0.00033578328023488275
209 0.00026941802731544456
210 0.00022255278610694662
211 0.00021084379880469974
212 0.0002498945839580211
213 0.00022646099020899767
214 0.0001600820683408296
215 0.0001405644853364338
216 0.00017179691404297853
217 0.00017179691404297861
218 0.00011322854197901047
219 0.00010541994627686154
220 9.761330467676364e-05
221 0.0001483691767407317
222 9.761330467676365e-05
223 0.00010542580467676363
224 0.00013276174803418699
225 0.00010932815037891256
226 0.000105417994127936
227 0.00010151955467676364
228 7.80898613193403e-05
229 0.00010542775682568917
230 0.00011713674608106149
231 9.76113525278381e-05
232 6.247267186816796e-05
233 6.637696971924241e-05
234 0.00013275784178321044
235 6.637696971924242e-05
236 8.58965048725637e-05
237 0.00010151565037891256
238 0.00011712893553223384
239 0.00012103908983008492
240 7.028126561719138e-05
241 9.370510057471262e-05
242 0.00012494143748535932
243 0.00010542189842578709
244 0.00010932815037891255
245 0.00012885159178321044
246 0.0001327519853364338
247 0.00013275003318750827
248 0.0001249453437363359
249 0.00017569535544727642
250 0.00015618167674073168
251 0.00021084379685157434
252 0.00019521879685157438
253 0.00023426372751124451
254 0.00024207427731544453
255 0.0002342734921621231
256 0.00023036333591114659
257 0.00026550006246876584
258 0.00030064069527736164
259 0.00036310750874562743
260 0.0004411954198691677
261 0.0004724454198691679
262 0.0005661466161460293
263 0.0006637521122270906
264 0.0007535529149507285
265 0.0007535548631934033
266 0.0008902130985298371
267 0.0011088713455772116
268 0.0011518069129517281
269 0.0013978167264073068
270 0.001565670291808198
271 0.0019131703738004054
272 0.0019483188112984523
273 0.0022138305905670228
274 0.0026628658444273995
275 0.0031548112740543786
276 0.0030728132164454924
277 0.0037444266343488455
278 0.004294913107907962
279 0.005005491408599412
280 0.005181235577535456
281 0.006274450680917356
282 0.006586812078343643
283 0.007207620816553638
284 0.008203300722700176
285 0.008503876975578617
286 0.009480010024299374
287 0.010096949595526466
288 0.010924625622787322
289 0.011787616004524118
290 0.012213178613841526
291 0.012669977565961244
292 0.013728130161559948
293 0.013872577492652364
294 0.014669067917357977
295 0.014938476140901323
296 0.015246948883090857
297 0.015001001524699653
298 0.01528206611162608
299 0.015414837589102046
300 0.01494244491049221
301 0.015586681407518194
302 0.01467686870051705
303 0.01438018697110547
304 0.01383744071914633
305 0.01354070235979669
306 0.012767635813079008
307 0.011807155129625884
308 0.011088762402190809
309 0.010846834692523795
310 0.00968710970902769
311 0.009093519730464003
312 0.00819560942021919
313 0.007762136689777759
314 0.006622103155651977
315 0.006212144098110514
316 0.0057631577262157166
317 0.0050056125689503265
318 0.004435608598468182
319 0.0038811494392369536
320 0.003615704150389649
321 0.003092463778330465
322 0.002748909040144983
323 0.0022764088603879047
324 0.002100733067504231
325 0.0018704029689501
326 0.001702496646658996
327 0.001261285672209997
328 0.0011715043674852621
329 0.0009645238049069347
330 0.0008551721348441146
331 0.0007614847072956511
332 0.0006404416994694137
333 0.0005076232158669239
334 0.0004178771809083034
335 0.00044131861846506633
336 0.0003124259415668018
337 0.00033195135468063564
338 0.00030073255969315825
339 0.00019922869851474021
340 0.00018354696296992768
341 0.0001367168936804436
342 0.00017965831752229483
343 0.00015233409292073375
344 0.00011328133996706005
345 0.00012109580581428698
346 0.00016410372985476197
347 0.00012108602550904882
348 0.00010547667595936498
349 9.765828625367652e-05
350 6.644151190663161e-05
351 9.377549529969483e-05
352 9.769348164248439e-05
353 0.00010161342994387502
354 6.254113205170962e-05
355 8.206455975770607e-05
356 0.00012896697197373137
357 7.036926683004117e-05
358 8.595125500953883e-05
