0 0.0007037730644645101
1 0.0006568393471581714
2 0.0007505815620116881
3 0.0006919602404235165
4 0.0007076224254920849
5 0.0006881225118111108
6 0.0006254677749356088
7 0.0007195645492861505
8 0.0006841654179545089
9 0.0007700989293578952
10 0.0005043604404860972
11 0.0006998098510706831
12 0.0007662003796066268
13 0.0006176414489035906
14 0.0006801552197503074
15 0.00057851647877439
16 0.0005551415430919647
17 0.0005785517132574643
18 0.0006019754538377745
19 0.0007114933880008514
20 0.0006019108785390949
21 0.0007075890290374196
22 0.0005628561146870197
23 0.0006449539252167244
24 0.00069973333685256
25 0.0006879442469647844
26 0.0006019459717383073
27 0.0007387488932935202
28 0.0006489013430466057
29 0.0007620964869683097
30 0.0007152213673481176
31 0.0007034909084019605
32 0.0006527373259840693
33 0.000699571040387225
34 0.0007621220646935246
35 0.0006800006712963217
36 0.0008481082974035951
37 0.00076600852077856
38 0.0007855750817607598
39 0.0008246551923906194
40 0.0006565123272833361
41 0.0007620788487530514
42 0.0008832314239225512
43 0.0008480026720806592
44 0.0007111724307011007
45 0.0009652626540938588
46 0.000848073163038872
47 0.000887082809682632
48 0.000851955885333197
49 0.0008754188867427136
50 0.0009143678819872766
51 0.0008595962988117244
52 0.0008675261702459687
53 0.000930008528537213
54 0.0008636982159465378
55 0.0009183387115520618
56 0.0009221901955543182
57 0.0008049695368877305
58 0.0008910184205452344
59 0.0010668115734359435
60 0.0010550476320743327
61 0.001012028124502498
62 0.0010080417662493503
63 0.001019836685004352
64 0.000910375514254857
65 0.0009417331290511742
66 0.0009065614503929315
67 0.0009689948382449501
68 0.0009768405284178267
69 0.0009962779462369337
70 0.0009260868343839684
71 0.0009963482820002838
72 0.001054902950115794
73 0.0009963385469407573
74 0.000918133422829827
75 0.0009298834837200621
76 0.0009415883921459141
77 0.001027590630605487
78 0.0009924029579664432
79 0.001097901258631606
80 0.0009494127676987965
81 0.0008126352045931405
82 0.0009298853397657238
83 0.0010158698597616657
84 0.0009689655071154619
85 0.000906369652155183
86 0.0010001061675330054
87 0.0010508579351235971
88 0.0010235924455886795
89 0.0009219887742005479
90 0.0010119245531112647
91 0.001132955805048842
92 0.0009571254378961721
93 0.0011681081429355622
94 0.001093867831047664
95 0.0010235612761627353
96 0.0011251806488587468
97 0.0010822138529607802
98 0.0011602525545782126
99 0.0010939187122875743
100 0.001140840738219312
101 0.0010938795930050481
102 0.0010861552198860919
103 0.0011564560737049934
104 0.0012385184341810829
105 0.0010392134587000675
106 0.0010665397454202867
107 0.0010352897374190774
108 0.0011563698125316318
109 0.0010901377542903573
110 0.001191565132638722
111 0.0010979756854380186
112 0.001203381998069323
113 0.0012267683810826978
114 0.0011761261198699774
115 0.0013166906522253626
116 0.0012112494287800676
117 0.0012308998082680791
118 0.0013365034752607521
119 0.0013323527507704848
120 0.0013519641681916156
121 0.0014770152491120191
122 0.0015043413985687453
123 0.0014966031427014136
124 0.0014575112703469838
125 0.001555214530745542
126 0.0015396539942336767
127 0.001617775079713408
128 0.0016413399262728574
129 0.0016645971601756434
130 0.001699990376287595
131 0.0017976156019105629
132 0.0018406584488877083
133 0.0017426479494994684
134 0.0017466423127916076
135 0.0020435975362754354
136 0.002110144758314623
137 0.0020633088303448222
138 0.00214146132892214
139 0.002192260301291949
140 0.0020436368122432945
141 0.002149103732230953
142 0.002153119696343349
143 0.0021216893141424837
144 0.0022078813794871245
145 0.0024305239821644903
146 0.002340509963727454
147 0.0021569456258097703
148 0.002500773985320879
149 0.0024968601058172283
150 0.002328746273543007
151 0.0025514653506686857
152 0.0025201802479250072
153 0.002637418389479001
154 0.0026919435323818066
155 0.002731138979836039
156 0.0029654339648577683
157 0.002898981001080111
158 0.0030788384782429843
159 0.0032311099909525963
160 0.0032741105722472012
161 0.0032466274643913333
162 0.00341068823812718
163 0.0036607097462283502
164 0.003766078485666854
165 0.003668381425817709
166 0.004125508870932112
167 0.004363797866424289
168 0.00441080426024152
169 0.004406964748190582
170 0.004594327668528503
171 0.0048675286784523875
172 0.005239086009121005
173 0.005305283212991294
174 0.005320749619185011
175 0.005691851151400087
176 0.006055364019910213
177 0.006277619269419726
178 0.00653564103086618
179 0.006586600117969091
180 0.006559280570174586
181 0.006918598704427585
182 0.007305106066035659
183 0.007457504775810478
184 0.007883016180539361
185 0.007965554372713563
186 0.00819189126046665
187 0.007812968078474505
188 0.007856112449092114
189 0.00784787370674456
190 0.008312927189051965
191 0.008015922616801343
192 0.008492465792078855
193 0.007832364335565202
194 0.007715342919614431
195 0.00797664284779422
196 0.008027506949155074
197 0.007519924296742441
198 0.007469096289674715
199 0.007476881449558943
200 0.007215201779678458
201 0.007047174414577018
202 0.006820636688489972
203 0.0067110213363757
204 0.006336065861334916
205 0.006453292686284484
206 0.006113440947489392
207 0.005562549772684742
208 0.005824213923259257
209 0.005543247581929412
210 0.005047182398915869
211 0.004906428718694725
212 0.004921983077049242
213 0.004644715538504144
214 0.0040704731250527735
215 0.004066425860187277
216 0.004090016038959646
217 0.0038204276845224643
218 0.0034925509992614154
219 0.0033987483170899472
220 0.003238406048945112
221 0.002949413618421831
222 0.003008085564074755
223 0.002801058169576833
224 0.0028712575667098434
225 0.0025040930243263207
226 0.0025782043922630707
227 0.0023087004458385504
228 0.0023048762422060247
229 0.0022501964332199767
230 0.002172016671346593
231 0.0021760264497309536
232 0.0021722024286223354
233 0.002113462095666905
234 0.002199391787027103
235 0.001988518688209982
236 0.001992475917591528
237 0.001957073115145885
238 0.0018478465547154357
239 0.001992356393680048
240 0.001890723575568237
241 0.00189082319942782
242 0.0018791221305051854
243 0.0017345886952581282
244 0.001793176694532728
245 0.0017463526640486891
246 0.0017736533510314264
247 0.0017189872878259742
248 0.0018635735270004878
249 0.001867403260843985
250 0.0018595477588536685
251 0.0019339505318546953
252 0.0018087958186494245
253 0.0018557353941955873
254 0.0020159426075078844
255 0.002191667250892
256 0.0020823352001009057
257 0.0021917063172374753
258 0.00223871038976954
259 0.002379327641877042
260 0.0023439680025164385
261 0.0023988394175748344
262 0.0024887007249989467
263 0.0024574467502893422
264 0.002719247613537566
265 0.0026840524755034744
266 0.0027740664927899676
267 0.0028872167415311934
268 0.003074790853954105
269 0.003063136830420445
270 0.0032819396008855906
271 0.003273984432132256
272 0.003598486630034502
273 0.0036375182269355825
274 0.0037938013269679357
275 0.003934389448371168
276 0.00407493400451237
277 0.004289826725979416
278 0.004411008475610735
279 0.004766745468066054
280 0.004637547706373248
281 0.004711709816849894
282 0.004942448651899496
283 0.005243304269051823
284 0.005364503895761102
285 0.005520716418371261
286 0.005555899966734753
287 0.00596206832946986
288 0.005852957123503675
289 0.005903658421681994
290 0.006442840090133147
291 0.006314002325506803
292 0.006798352366842829
293 0.00647005706041626
294 0.00678695998384194
295 0.007220791181659464
296 0.0068260126621225905
297 0.0069665026422273055
298 0.006591696494806374
299 0.0069825815901356615
300 0.006919647192907626
301 0.006798911624773389
302 0.006818433082755196
303 0.006732432701861672
304 0.0065216753035285974
305 0.006282975550531367
306 0.006638600753966207
307 0.0062600679967932255
308 0.00611134082283403
309 0.005896352167631077
310 0.005763785933731654
311 0.00553682259994862
312 0.00527518004851014
313 0.004923490202692586
314 0.004962877419223459
315 0.004521173907222733
316 0.004353158152778698
317 0.004177263025676259
318 0.0040171166745531514
319 0.003809950220575873
320 0.0036498938434970513
321 0.0033058638095818374
322 0.0033646044918061403
323 0.003294419131717601
324 0.002927030046240149
325 0.0025909731405876135
326 0.0027043581322830895
327 0.002418886748350529
328 0.002399529715325805
329 0.0021378870525041544
330 0.0022472307549758572
331 0.0020321131076833465
332 0.0020869809360534973
333 0.0019973250647394433
334 0.0018331489933984507
335 0.0017158223384019162
336 0.0014697462363820223
337 0.0016025078393731983
338 0.001493144387353733
339 0.0014540838811690825
340 0.0013642951875243953
341 0.0012900509379174501
342 0.0010944920981138524
343 0.0012156127931518353
344 0.0011922440772084092
345 0.0011257851670287333
346 0.0011649491757792926
347 0.0011063750631211825
348 0.0009850542098580788
349 0.0009224936307620406
350 0.0009461034742964806
351 0.0009538845674328546
352 0.0008444292823881393
353 0.0008327931329762423
354 0.0008366306262722526
355 0.0008913708496207548
356 0.0007663199251911353
357 0.0007506206009575512
358 0.0007818998808139304
