0 0.0005629916574580663
1 0.0005824836920135435
2 0.0005745812210089504
3 0.0005278313364975061
4 0.000480942749980102
5 0.0005864859185463947
6 0.0006216126353509396
7 0.0006176045405818809
8 0.0006839931546471318
9 0.0006879250137869161
10 0.0006841284621441284
11 0.0006723743090007871
12 0.0007818139882156453
13 0.0007740425439663075
14 0.000660547767773832
15 0.0009498512118470957
16 0.0009655174207624626
17 0.0009029292841159708
18 0.0009811305390411134
19 0.0010006167881333827
20 0.0009732337656157418
21 0.0010551378480304606
22 0.0012274690299380994
23 0.0012663710170623245
24 0.0013482748953758733
25 0.001266281094962146
26 0.0012897125111651464
27 0.0013796131260189752
28 0.0014108727965671392
29 0.0018447936180382228
30 0.0017820880711075216
31 0.0018641388931748117
32 0.0019422483974564084
33 0.0020438637876708777
34 0.0021492875793694584
35 0.002356361839175368
36 0.002426746764123763
37 0.0026843617272162795
38 0.002680631489310236
39 0.0029540849141420464
40 0.0030634832769909997
41 0.00322745784984397
42 0.003278178540514543
43 0.0035555987804816017
44 0.0037665795115080984
45 0.003883755259363872
46 0.003977409351516661
47 0.004156946387618537
48 0.004500925446559419
49 0.004348313608361906
50 0.0046100284812929685
51 0.004817148049829461
52 0.005012355028137008
53 0.005254575990317063
54 0.005063132722838744
55 0.005618004229328314
56 0.00527410356776163
57 0.0055355894025947055
58 0.005574644000090816
59 0.005437927214311502
60 0.0053636596528343775
61 0.0054927713995347825
62 0.005515876370406107
63 0.005539349144281691
64 0.005285460626466273
65 0.005168390190790303
66 0.0052698726622610065
67 0.004879169141752369
68 0.005047151793925524
69 0.004707440778133941
70 0.004656565686137125
71 0.004504128176645385
72 0.004371538777659344
73 0.00437138584225522
74 0.004137132088837501
75 0.0038248378368020922
76 0.0037541882236424204
77 0.0034225092434242146
78 0.003352010539160073
79 0.0031525589805888
80 0.003140971306539658
81 0.003012012289789504
82 0.002922274095003509
83 0.0027228926351559653
84 0.0026644963868580653
85 0.0025903659204116656
86 0.002395024044389677
87 0.002390974811877149
88 0.002293408340858147
89 0.0020825709609406024
90 0.002199635027149438
91 0.0020511016291563473
92 0.0018909627054207931
93 0.00185559536329817
94 0.001953368922173977
95 0.0017424706083952629
96 0.001679905952491065
97 0.0017542519151776466
98 0.0015939860434365846
99 0.0015392513981353198
100 0.0014885954068137993
101 0.001461212431473936
102 0.0015157199952033828
103 0.0014494881898200291
104 0.001433718048974598
105 0.0013674097394075992
106 0.001340032640449262
107 0.0014727081470897294
108 0.0012460809089308359
109 0.0012968799614900995
110 0.0012540050203570506
111 0.0013712005229825676
112 0.0013163816980935204
113 0.001289169147600454
114 0.001464878109169912
115 0.0013515947131119022
116 0.0012694265602283155
117 0.0014492020652946886
118 0.0012617215830717753
119 0.0012967937731248119
120 0.0013788953198525537
121 0.0013593074910485455
122 0.001398348617266746
123 0.001367010329989041
124 0.0013202175160296622
125 0.0013865965241586875
126 0.001452955767779046
127 0.0013826803781133044
128 0.0013905221406247529
129 0.0013943891733801071
130 0.0015114536430758934
131 0.001449082766984203
132 0.0015506160650371633
133 0.0014920182442826997
134 0.0014998269223043099
135 0.0016091763227299822
136 0.0014725751425712242
137 0.0015232956095915717
138 0.001753735169295612
139 0.001573961404652591
140 0.001542764191025066
141 0.0017185710754200863
142 0.0016403775310198127
143 0.0018083796573014246
144 0.0018043930460685197
145 0.001941248804838233
146 0.0018474595934559201
147 0.001972336478855771
148 0.001921666593244119
149 0.001964647120784796
150 0.0019840864750515223
151 0.002023137267917272
152 0.002073930258216368
153 0.002054488930304833
154 0.0022420554207261407
155 0.0024255534585058552
156 0.002257598279748537
157 0.0022771277009608656
158 0.002515260362465927
159 0.002546692315668067
160 0.002761342542364927
161 0.0025193329758556515
162 0.0026794049837565764
163 0.002667680353928315
164 0.0028394421468508715
165 0.002851172566746344
166 0.002601295642057494
167 0.002765256532563219
168 0.0027417878687576113
169 0.002964500918870315
170 0.003128524168166696
171 0.0029605965915870274
172 0.002894147249479576
173 0.0030895144897863706
174 0.00323011411965124
175 0.0032730105071168544
176 0.003319832967387785
177 0.003511327061927493
178 0.0034018719162616923
179 0.003483838757192402
180 0.003554256823942317
181 0.003452590676011561
182 0.0036480029468705134
183 0.0032573875843977438
184 0.0035814950246615463
185 0.003401909142288969
186 0.003429209913680367
187 0.0033667060700880804
188 0.0035503036243413433
189 0.0031948797464112105
190 0.003190999172136414
191 0.003323612083067388
192 0.0033744696820600614
193 0.003054194233797646
194 0.0033509520972234814
195 0.0030033268662744425
196 0.0029799949584884836
197 0.003097121982778426
198 0.003073621977050726
199 0.0030384657309011453
200 0.003186872025791511
201 0.003085307497409071
202 0.0028939538595388076
203 0.0026166921174836247
204 0.0028783699819514867
205 0.002765114113855653
206 0.00262843240182744
207 0.002526811243497976
208 0.0025697976507964623
209 0.002487662782403833
210 0.002300381718749094
211 0.002604924728340411
212 0.0023432311330145394
213 0.0022729146975727548
214 0.0023354148502514336
215 0.002374506597164438
216 0.0022690243369568944
217 0.002171313074360288
218 0.0022690692343761225
219 0.002409549530527024
220 0.002202598324574808
221 0.0020776392766070103
222 0.0023392154551882547
223 0.0021908442851890056
224 0.0020853129940608048
225 0.002194758420097664
226 0.0020424908939168196
227 0.002147989120104112
228 0.002264926377054624
229 0.0021478853037225566
230 0.0020814009365772725
231 0.002241590496435194
232 0.002030721288303294
233 0.0020268150187338564
234 0.0021829791026850287
235 0.0021869244504951466
236 0.0023353483402018408
237 0.002413412774677738
238 0.002288410736300167
239 0.002397777992325183
240 0.0021947153945610226
241 0.002425149156694464
242 0.002460346393862362
243 0.002569692131091935
244 0.0025149362081616712
245 0.0025501550913484506
246 0.0024564128237106317
247 0.0026400222827429416
248 0.0026048502569310152
249 0.0025619324762844275
250 0.0026633971907070865
251 0.002839170680880544
252 0.002725995115315089
253 0.0028782977055164505
254 0.0028235652082174165
255 0.003093137682263169
256 0.0030383407368176616
257 0.002960270357760423
258 0.003183067524519468
259 0.00305803430487291
260 0.0031752294291663248
261 0.003339225702910445
262 0.0035033038669885636
263 0.003261116257560766
264 0.0034251513371615617
265 0.0035346222782469123
266 0.0037219092493622616
267 0.0035776186739494885
268 0.004065859010635585
269 0.004128470288668824
270 0.004433015152511821
271 0.004112745584272041
272 0.004186899778218537
273 0.004511122508814701
274 0.004507200657153892
275 0.004593218543692117
276 0.005147804437816098
277 0.004741616916603015
278 0.0052377207186362455
279 0.005374570621015163
280 0.005526886746894096
281 0.005597238620929838
282 0.005608828182274312
283 0.005886205181432599
284 0.006077719147917561
285 0.005800694089281458
286 0.005984172308242065
287 0.006195100364776471
288 0.006327887349751658
289 0.006870717596778319
290 0.0072223761004254206
291 0.006761653291706272
292 0.007077789721959214
293 0.0065038464994918565
294 0.006894440578191014
295 0.006941338951093947
296 0.006878772439579664
297 0.006500108723851388
298 0.006945348782283317
299 0.006683616393210885
300 0.00647656896174956
301 0.006629090867907707
302 0.006277473847809849
303 0.005933621924842203
304 0.0060041066644659444
305 0.005672129957331248
306 0.005637093220858053
307 0.005566898175503736
308 0.005270044696131329
309 0.004898616298861614
310 0.004926251151758481
311 0.004531679038234567
312 0.004262400126790534
313 0.004031727591428494
314 0.004008446715799163
315 0.003336456016360931
316 0.003367665068499781
317 0.0034343884458131625
318 0.0029693037339843316
319 0.002914942951685461
320 0.002797755547782452
321 0.0027586186448263464
322 0.00240688179883064
323 0.002215659389449131
324 0.002016348492945353
325 0.0018601550582067886
326 0.0019462532573146637
327 0.0017935589916922901
328 0.0016022250790359335
329 0.001555318715388162
330 0.001364223797171856
331 0.0012741801935517287
332 0.0012272310142900636
333 0.0011960256978097278
334 0.0011843756552076296
335 0.0010358419493120643
336 0.0009421212845598109
337 0.0009694846225198858
338 0.001004836741578833
339 0.0009109221833685451
340 0.0008209667711347384
341 0.0008170270995813512
342 0.0007897520058007498
343 0.0008601254005438961
344 0.0007312033297247328
345 0.0006178340139323505
346 0.0006685055066048619
347 0.0006411735067282253
348 0.0007036695847436674
349 0.0006529275894093678
350 0.0007154705559195706
351 0.0005629505271356727
352 0.0006138277693702359
353 0.0005552261558840748
354 0.0006059367385395149
355 0.00047293626053983686
356 0.0005395383990592788
357 0.0006490760581344813
358 0.0004730891060536632
