0 0.0015476507120838593
1 0.0017250733934103678
2 0.0017394832249553115
3 0.0019363459360291371
4 0.0017175354538170023
5 0.001739932599216132
6 0.0019555381428515324
7 0.002165318287639622
8 0.0020147610967698225
9 0.0020224825374506243
10 0.002184005649110537
11 0.002171469939251318
12 0.002107690508104759
13 0.0020560959207118197
14 0.002107185888414393
15 0.0020875962712053626
16 0.002160920685225874
17 0.0024870356743388992
18 0.0023371146095496572
19 0.002383989798900632
20 0.0022538927625340346
21 0.002477007468802796
22 0.0025474344390346935
23 0.002581363885689064
24 0.0025933987009313093
25 0.002553602922879202
26 0.0028903428099079508
27 0.002822709648694122
28 0.0028578835712678025
29 0.003080918561725395
30 0.0032060894337563547
31 0.0033263152265259523
32 0.0034988596004249316
33 0.003474714761744658
34 0.0035652945413889173
35 0.003885275665008938
36 0.003975120475319011
37 0.0040142675336291836
38 0.004197998728679102
39 0.0043576893474616156
40 0.004780462636123111
41 0.004689382178602291
42 0.0047876624421490654
43 0.0050457223014501494
44 0.005318624094855993
45 0.005471520367948383
46 0.00597608301427623
47 0.006116169247368655
48 0.006253623403705361
49 0.006288097424864209
50 0.006691230267869482
51 0.006597004463011504
52 0.006542565952463176
53 0.007061879764993315
54 0.00719489436985172
55 0.007647937104456241
56 0.007585588837774677
57 0.007827328345846535
58 0.007659704281946914
59 0.007741684403939134
60 0.007921099455812694
61 0.008124111669059068
62 0.007764499587243458
63 0.007479197526846022
64 0.007456030897184263
65 0.007908345476983433
66 0.007561075454161453
67 0.007791601289305265
68 0.00739253052316334
69 0.007575725135349974
70 0.007341440619998229
71 0.006939112935348305
72 0.006586420790026978
73 0.006360184339954196
74 0.0065005009298732324
75 0.006574396682840534
76 0.006555378292260936
77 0.005961074110144061
78 0.005554206024920051
79 0.00580467326449171
80 0.005530840447809905
81 0.005186650692375252
82 0.005081589869217846
83 0.004792133292859568
84 0.004667044026685385
85 0.004479464406071706
86 0.004299750977756517
87 0.004115790213167521
88 0.0037135308237920784
89 0.0036664664794600443
90 0.003443502017722342
91 0.0030408358636249137
92 0.003076261591909447
93 0.003052625020323014
94 0.002982314157615717
95 0.002798395000917978
96 0.0026732612395580536
97 0.00269303379679503
98 0.0024622196881028675
99 0.0022863270427743725
100 0.002243181627290592
101 0.0023215647361166727
102 0.0020441933570033476
103 0.0023372592123893574
104 0.002149618350483817
105 0.002157355349628546
106 0.0019738429706328007
107 0.0018603711124468342
108 0.002090919796342147
109 0.002004845443015648
110 0.0018643879070550154
111 0.0019386569235894356
112 0.0017821121184281171
113 0.0017665108186834704
114 0.001930691775022764
115 0.0018838679464563376
116 0.0018760155417501577
117 0.0017041352358192314
118 0.0018174674272351061
119 0.0018405766724365917
120 0.0016377578759291674
121 0.0018527840768473305
122 0.0018526299875923139
123 0.002012950382679027
124 0.0019737613483830265
125 0.0019776756394592854
126 0.0020089647566518126
127 0.002102883159644182
128 0.002079647808227008
129 0.00213023659273459
130 0.002263235961726117
131 0.002282890456810852
132 0.0022869795599767457
133 0.0025173991544469223
134 0.0027720672364178003
135 0.0028029926262627546
136 0.0027797921403255664
137 0.002685341057428387
138 0.00277980631954239
139 0.0029440825259622163
140 0.0030728857284862006
141 0.0032482725772602613
142 0.003088616987892045
143 0.003267932131796549
144 0.0036511594583671027
145 0.003889711379122965
146 0.0038545145760186606
147 0.004291867327186929
148 0.004170273905931974
149 0.004327056133757011
150 0.004510996246531657
151 0.004780259856154622
152 0.004819246758679599
153 0.00494406660622628
154 0.005167307012198881
155 0.005486908541438048
156 0.005538121197509998
157 0.005831032216301279
158 0.0057216316246169316
159 0.006257190960604482
160 0.0062533143498733745
161 0.006440994903975205
162 0.0066871643621851445
163 0.006925652986038752
164 0.006979942921952952
165 0.007019249050379809
166 0.00702292562356651
167 0.006745553130579848
168 0.007011131598517193
169 0.006964204692570283
170 0.007257436944896964
171 0.00722190360693707
172 0.00674175931388173
173 0.006769112459401171
174 0.006636141283748755
175 0.006870318525067046
176 0.006643501494215243
177 0.006448284286437783
178 0.006304271050451202
179 0.006210522306564573
180 0.006104571705845015
181 0.005772358674480848
182 0.005671265470882422
183 0.005596433425866841
184 0.005295456011076909
185 0.004975205569476934
186 0.004533511111689499
187 0.004158445313583046
188 0.004189601642998985
189 0.004076529019293822
190 0.0038150173897092544
191 0.0036978797402754883
192 0.003463028237641348
193 0.003088213454091945
194 0.00306807889777831
195 0.0029280505965297047
196 0.0028183652814868566
197 0.0026932261185384555
198 0.002466665602153136
199 0.002462955229795517
200 0.002326311452892392
201 0.0021933272674415235
202 0.002216738328269812
203 0.0018999748446196511
204 0.0018456637289225714
205 0.001712748080434824
206 0.0017164756352455036
207 0.0015206899829166539
208 0.0015525643644224275
209 0.001423273055331606
210 0.0014153062020428738
211 0.0014039300270606663
212 0.0012361024068908355
213 0.001290727808526703
214 0.001325975499387075
215 0.0011266366031424699
216 0.001161531090058343
217 0.001079419513753762
218 0.00096612572502938
219 0.0009660947184786112
220 0.0009073062273700467
221 0.0008330747760314765
222 0.0009583260990431101
223 0.0009544741704200121
224 0.0009309169750081532
225 0.0008096906220510906
226 0.000801924171225651
227 0.0007509898410522514
228 0.0007941480265660969
229 0.0008292539850848536
230 0.0007120579468605762
231 0.0007352551378273597
232 0.0007195691234150074
233 0.0007274106076782856
234 0.0006885819729536745
235 0.0007197798603371057
236 0.0006570198280558695
237 0.0006296692088995548
238 0.0006844276036909662
239 0.0006766657335818163
240 0.0006725921783559948
241 0.0006138774758535244
242 0.0006841248981325274
243 0.0006529835875308045
244 0.00060627865232417
245 0.0006062646074513511
246 0.0006765330044565304
247 0.0006022163061302728
248 0.0005282900195232638
249 0.0006647378995487611
250 0.0007625647212124251
251 0.000637485889006594
252 0.0006764129987068052
253 0.0006217036374820527
254 0.000633435828364894
255 0.0006841525682776646
256 0.0006882962047294259
257 0.0006372873531768989
258 0.0006842792262791466
259 0.0007117576878393891
260 0.0006996321252763345
261 0.0007624467710261823
262 0.0006842645682858274
263 0.0007582795974276149
264 0.0007192925580505348
265 0.0007075474857284451
266 0.0007192431171814333
267 0.0007466240951324778
268 0.0006998195683850382
269 0.0007819625895536766
270 0.0008563097346043612
271 0.0007114077183206233
272 0.0008561666738229651
273 0.0008756530693566772
274 0.0007780168658064564
275 0.0008482972101749645
276 0.000742772725151221
277 0.0007818366757328376
278 0.0008091271269149777
279 0.0008913900490278692
280 0.0008837548442643896
281 0.0009149847408179402
282 0.0009540023074417912
283 0.0008757642982615246
284 0.0010128686472359921
285 0.0009186430536031405
286 0.0008288638309083416
287 0.0008053472794921671
288 0.0008757801523969042
289 0.0009579482092854862
290 0.0009972339085923241
291 0.0009110778182688207
292 0.0009618467397288172
293 0.0009852875592412243
294 0.0009267217358350285
295 0.0010204775517709248
296 0.0009658810641456627
297 0.0009581724321949118
298 0.0010284172951605128
299 0.0010518799705541198
300 0.001063765103503585
301 0.0008839287757086374
302 0.0009306842564185769
303 0.001091069315611806
304 0.0010127771875598243
305 0.0009464800341311815
306 0.0009738602086394884
307 0.0009425867350822897
308 0.0008996837178490452
309 0.0009427682428053051
310 0.00101310478566928
311 0.0010052763443864337
312 0.001060564311125991
313 0.0009623208372087041
314 0.0009275803997721175
315 0.0008804658630530457
316 0.0010171517876115753
317 0.0010955233706603717
318 0.0010331884149968424
319 0.0010295305837622179
320 0.0009940828682203618
321 0.0010294702441660574
322 0.0012723753149724796
323 0.0010609159711664421
324 0.0012178128481608892
325 0.0010103173786824226
326 0.0011673365437920562
327 0.0010727707386584658
328 0.0011003305359203802
329 0.001171155925865948
330 0.001065901938382421
331 0.001195015584443483
332 0.001057962741545855
333 0.0011092171597816309
334 0.0010817701375154568
335 0.001167582320506633
336 0.0011606257468974978
337 0.0011091422206047513
338 0.0011406410594856388
339 0.0011646164790370954
340 0.0010704236281559544
341 0.0012590286262043726
342 0.0011611348099517858
343 0.0013097930162872188
344 0.0012081529866279923
345 0.0012787341572733071
346 0.0012086271169738246
347 0.0013698211371664837
348 0.0013573865910430122
349 0.0013385473579190222
350 0.0013789859258182835
351 0.0013618545988277992
352 0.001437709336434041
353 0.0015321642452801015
354 0.001601439408491513
355 0.0014803910349729691
356 0.001441151805025365
357 0.001760150275796132
358 0.0016157125769901948
