0 0.0
1 1.1712893553223388e-05
2 1.561719140429785e-05
3 7.808595702148925e-06
4 7.808595702148925e-06
5 0.0
6 7.808595702148925e-06
7 3.904297851074463e-06
8 1.561719140429785e-05
9 7.808595702148925e-06
10 1.561719140429785e-05
11 7.808595702148925e-06
12 1.1712893553223388e-05
13 7.808595702148925e-06
14 1.952148925537231e-05
15 3.513868065967016e-05
16 2.3425787106446776e-05
17 2.733008495752124e-05
18 3.513868065967016e-05
19 3.12343828085957e-05
20 2.7330084957521237e-05
21 8.589455272363817e-05
22 9.37031484257871e-05
23 7.027736131934032e-05
24 0.00010151174412793603
25 0.00012884182908545725
26 0.00012103323338330833
27 0.00014055472263868068
28 0.0001913105947026487
29 0.00023425787106446774
30 0.0002811094452773614
31 0.0003123438280859571
32 0.0004333770614692656
33 0.0004607071464267868
34 0.0005309845077461271
35 0.0007144865067466266
36 0.0008120939530234881
37 0.0009136056971514243
38 0.0010346389305347327
39 0.001179097951024488
40 0.0014953460769615186
41 0.0016671351824087955
42 0.0019365317341329337
43 0.002287918540729635
44 0.0026510182408795596
45 0.00296726636681659
46 0.0033733133433283334
47 0.003677848575712143
48 0.004232258870564716
49 0.004720296101949025
50 0.005126343078460767
51 0.005524581459270362
52 0.005942341329335329
53 0.006297632433783104
54 0.0065865504747626155
55 0.006949650174912543
56 0.007281515492253871
57 0.007792978510744625
58 0.00760557221389305
59 0.007347888555722137
60 0.0074259745127436255
61 0.007164386556721638
62 0.006793478260869564
63 0.006496751624187903
64 0.006317153923038478
65 0.005973575712143926
66 0.005239567716141927
67 0.004942841079460267
68 0.004478229635182406
69 0.00416588580709645
70 0.003798881809095452
71 0.003252280109945025
72 0.0028618503248375796
73 0.0026041666666666657
74 0.002202023988005996
75 0.001866254372813592
76 0.0016202836081959011
77 0.001362599950024987
78 0.0011556721639180403
79 0.001038543228385807
80 0.0008433283358320837
81 0.0006949650174912546
82 0.0005739317841079461
83 0.0005426974012993505
84 0.00045680284857571227
85 0.0003006309345327338
86 0.00027330084957521256
87 0.0002069277861069465
88 0.00016007621189405302
89 0.0001132246376811594
90 0.0001249375312343828
91 6.246876561719139e-05
92 6.246876561719139e-05
93 3.12343828085957e-05
94 3.12343828085957e-05
95 2.733008495752124e-05
96 3.12343828085957e-05
97 7.808595702148925e-06
98 2.7330084957521237e-05
99 3.904297851074463e-06
100 7.808595702148925e-06
101 3.904297851074463e-06
102 3.904297851074463e-06
103 7.808595702148925e-06
104 0.0
105 1.1712893553223388e-05
106 0.0
107 0.0
108 0.0
109 0.0
110 0.0
111 0.0
112 3.904297851074463e-06
113 0.0
114 0.0
115 0.0
116 0.0
117 0.0
118 0.0
119 0.0
120 0.0
121 0.0
122 0.0
123 0.0
124 0.0
125 0.0
126 0.0
127 0.0
128 0.0
129 0.0
130 0.0
131 0.0
132 0.0
133 0.0
134 0.0
135 0.0
136 0.0
137 0.0
138 0.0
139 0.0
140 0.0
141 0.0
142 0.0
143 0.0
144 0.0
145 0.0
146 0.0
147 0.0
148 0.0
149 0.0
150 0.0
151 0.0
152 0.0
153 0.0
154 0.0
155 0.0
156 3.904297851074463e-06
157 0.0
158 3.904297851074463e-06
159 7.808595702148925e-06
160 0.0
161 0.0
162 0.0
163 0.0
164 3.904297851074463e-06
165 0.0
166 3.904297851074463e-06
167 7.808595702148925e-06
168 1.1712893553223388e-05
169 7.808595702148925e-06
170 1.1712893553223388e-05
171 7.808595702148925e-06
172 1.1712893553223388e-05
173 2.3425787106446772e-05
174 1.1712893553223388e-05
175 3.12343828085957e-05
176 3.513868065967016e-05
177 5.856446776611693e-05
178 5.0755872063968006e-05
179 4.6851574212893545e-05
180 9.760744627686155e-05
181 7.808595702148925e-05
182 0.00010151174412793603
183 0.00010151174412793601
184 8.979885057471263e-05
185 9.370314842578708e-05
186 0.0001249375312343828
187 0.00013274612693653175
188 0.00015226761619190402
189 0.00014836331834082957
190 8.979885057471262e-05
191 0.00010541604197901047
192 8.979885057471263e-05
193 0.00015226761619190402
194 0.0001132246376811594
195 0.0001483633183408296
196 0.00012493753123438278
197 0.00016398050974512747
198 9.760744627686156e-05
199 0.00014055472263868065
200 9.370314842578708e-05
201 0.00010932033983008492
202 0.00011712893553223384
203 8.979885057471262e-05
204 6.637306346826586e-05
205 5.466016991504247e-05
206 4.2947276361819084e-05
207 4.6851574212893545e-05
208 3.12343828085957e-05
209 4.2947276361819084e-05
210 4.2947276361819084e-05
211 4.6851574212893545e-05
212 3.9042978510744616e-05
213 2.7330084957521233e-05
214 2.7330084957521233e-05
215 2.3425787106446776e-05
216 1.561719140429785e-05
217 1.952148925537231e-05
218 1.1712893553223388e-05
219 7.808595702148925e-06
220 1.1712893553223388e-05
221 1.1712893553223388e-05
222 1.952148925537231e-05
223 1.1712893553223388e-05
224 7.808595702148925e-06
225 1.1712893553223388e-05
226 3.904297851074463e-06
227 0.0
228 7.808595702148925e-06
229 7.808595702148925e-06
230 0.0
231 0.0
232 7.808595702148925e-06
233 0.0
234 3.904297851074463e-06
235 0.0
236 0.0
237 0.0
238 7.808595702148925e-06
239 7.808595702148925e-06
240 0.0
241 0.0
242 3.904297851074463e-06
243 0.0
244 7.808595702148925e-06
245 0.0
246 7.808595702148925e-06
247 0.0
248 0.0
249 7.808595702148925e-06
250 0.0
251 3.904297851074463e-06
252 3.904297851074463e-06
253 0.0
254 7.808595702148925e-06
255 0.0
256 7.808595702148925e-06
257 1.1712893553223388e-05
258 2.3425787106446772e-05
259 1.952148925537231e-05
260 2.3425787106446772e-05
261 2.7330084957521233e-05
262 3.9042978510744616e-05
263 4.685157421289354e-05
264 5.466016991504246e-05
265 5.0755872063968e-05
266 0.00012103323338330832
267 0.0001874062968515743
268 0.00021864067966017008
269 0.00023035357321339343
270 0.00026158795602198914
271 0.00028501374312843604
272 0.0004450899550224893
273 0.00048022863568215933
274 0.0006793478260869564
275 0.0009253185907046475
276 0.001097107696151924
277 0.0015656234382808588
278 0.0016398050974512734
279 0.0019638618190904542
280 0.0026588268365817093
281 0.0032366629185407282
282 0.00375593453273363
283 0.004595358570714641
284 0.005325462268865564
285 0.00616879060469765
286 0.007578242128935532
287 0.008890086206896547
288 0.010221451774112943
289 0.012146270614692657
290 0.01378607571214393
291 0.015757746126936544
292 0.017834832583708153
293 0.019892397551224388
294 0.02204756996501749
295 0.023906015742128934
296 0.02584254747626187
297 0.028099231634182906
298 0.029645333583208384
299 0.03125000000000001
300 0.03263212143928036
301 0.03337393803098452
302 0.032839049225387315
303 0.033494971264367825
304 0.0340337643678161
305 0.03222607446276862
306 0.03142178910544727
307 0.03049647051474264
308 0.029290042478760603
309 0.027209051724137935
310 0.02495627186406796
311 0.022832333833083467
312 0.02004466516741629
313 0.017471732883558216
314 0.016234070464767623
315 0.014445902048975518
316 0.012329772613693151
317 0.010315154922538731
318 0.009089205397301346
319 0.007375218640679663
320 0.0064225699650174925
321 0.00514586456771614
322 0.004091704147926034
323 0.003385026236881558
324 0.0025416979010494728
325 0.0022605884557721123
326 0.0017413168415792105
327 0.0013235569715142421
328 0.0011166291854072957
329 0.00090970139930035
330 0.0006403048475762121
331 0.0005622188905547229
332 0.00044118565717141475
333 0.00032015242378810615
334 0.00022644927536231898
335 0.0002147363818090955
336 0.00018350199900049984
337 0.00011712893553223384
338 9.370314842578708e-05
339 9.760744627686154e-05
340 5.856446776611692e-05
341 2.3425787106446772e-05
342 1.1712893553223388e-05
343 1.952148925537231e-05
344 1.561719140429785e-05
345 1.952148925537231e-05
346 7.808595702148925e-06
347 3.904297851074463e-06
348 1.561719140429785e-05
349 7.808595702148925e-06
350 0.0
351 0.0
352 3.904297851074463e-06
353 7.808595702148925e-06
354 0.0
355 0.0
356 0.0
357 0.0
358 7.808595702148925e-06
