0 0.0017512298946305487
1 0.0017040510176354875
2 0.0018327984324574235
3 0.0017038672537466148
4 0.0017587715400954843
5 0.0019110931426247104
6 0.0019345833405849415
7 0.0018677573259373193
8 0.001934711602747277
9 0.0020050882238734765
10 0.001993542704983565
11 0.0021460446661750398
12 0.0021147113446098073
13 0.002102711546029247
14 0.002478631049755673
15 0.002368880451474414
16 0.0023214103220607156
17 0.002407769077116651
18 0.002478426490544399
19 0.0027715912370164402
20 0.0024624320212946935
21 0.0026503914907534663
22 0.0027600911345057343
23 0.002892131965181075
24 0.0030137409873012724
25 0.003428491716490599
26 0.0031584289977660304
27 0.0034323562535765757
28 0.0036478574710043783
29 0.003624034658839206
30 0.0038507366498132726
31 0.0037960292256158236
32 0.004211190342055051
33 0.0044728112901214695
34 0.004390817203122393
35 0.004918568338567309
36 0.004883122390505095
37 0.004864149125022947
38 0.005024083180724662
39 0.005497257962547747
40 0.005297793766312056
41 0.0058449413479052794
42 0.005810263810390525
43 0.005781648350407227
44 0.00615015245760341
45 0.006145728290920497
46 0.006603658057485914
47 0.006759567581648736
48 0.00657199035237065
49 0.006501762463738156
50 0.006798974915312277
51 0.006989998531930747
52 0.006982143229627639
53 0.00679412614499411
54 0.007083551363771919
55 0.0068956904175234875
56 0.006770770952087059
57 0.006719533183860744
58 0.006934552586427532
59 0.00681000158734399
60 0.006672491319179131
61 0.006426039391848767
62 0.006485087003492457
63 0.006214660909492092
64 0.005815259001043202
65 0.005956301670175877
66 0.00590925320131795
67 0.005279617999024424
68 0.005092319159416792
69 0.00474836829757387
70 0.004755406372924903
71 0.004677587637029016
72 0.004337495280297681
73 0.004231968887738698
74 0.0036798354585909797
75 0.0037741270403018946
76 0.0034535054482607796
77 0.003578775058339612
78 0.003093330006530703
79 0.0030192344020994956
80 0.0029764293014676313
81 0.00269873703761359
82 0.0025110375749786873
83 0.0026241120736927638
84 0.002397314293526985
85 0.0022369150377879194
86 0.0019515156807405052
87 0.002182159610545778
88 0.0018617588141058858
89 0.0019319444451000429
90 0.0017091496160325469
91 0.0014314608058436553
92 0.0016855237154841227
93 0.001517533302591786
94 0.0014899294461616173
95 0.0012905415418086785
96 0.0014744819945184976
97 0.0013179481196227798
98 0.001173505736554766
99 0.0012593231518569573
100 0.0011380055111101374
101 0.001071609790330469
102 0.0010989042254429776
103 0.0010248287910926232
104 0.001091165864156096
105 0.0009817562376408307
106 0.0008955203347593215
107 0.0008565035171980753
108 0.0009738336065959708
109 0.0008798861857073773
110 0.0008290441788472784
111 0.0008644432633858461
112 0.0007783703307909661
113 0.0006844186408399757
114 0.0007274479788937344
115 0.000786088688240956
116 0.0007587981750321572
117 0.0007078169127955833
118 0.0006726645182552627
119 0.0007586669362112889
120 0.0006062857491786522
121 0.0007939210581634931
122 0.000633496247436359
123 0.0006334137426271363
124 0.0006727997358266447
125 0.0006571789783639338
126 0.0007431102776348761
127 0.0006453914122924227
128 0.0006609557548713513
129 0.0006257267709810229
130 0.0006414656981584091
131 0.0006335238132259125
132 0.0006414878481964895
133 0.0005554243008654608
134 0.0007000769655119642
135 0.0006650112933380294
136 0.0006607750870414131
137 0.0005476039075973052
138 0.000613964833792102
139 0.0006335888004355077
140 0.000743194788903208
141 0.0007472168679769809
142 0.0006493113688921608
143 0.000700022113581627
144 0.000731440844684618
145 0.0007350704353101929
146 0.0007000042689418027
147 0.0007352314865922462
148 0.000680508743977803
149 0.0006961331787241681
150 0.0007704757036507488
151 0.0007625549725003463
152 0.0007156669918942862
153 0.0007235987631268656
154 0.0008330309632079378
155 0.0007350725066306529
156 0.0007898520328609069
157 0.0008408175978057908
158 0.0008135586157788398
159 0.0008174192702206337
160 0.000891777346445392
161 0.0009151546058495356
162 0.0009386170450342849
163 0.0008878618714263059
164 0.0007821458619103851
165 0.0008993956393365749
166 0.0009111004897636893
167 0.000840939528264393
168 0.0008095192316888557
169 0.0008407886666348516
170 0.0010205736458581902
171 0.000887761653715184
172 0.0009189663591745512
173 0.0008797583535247776
174 0.0010249754946765062
175 0.0010090124426584948
176 0.000793974232370196
177 0.0010756095572266723
178 0.0009150544821148455
179 0.0010560019826909902
180 0.0010050927945970923
181 0.0009034144231485856
182 0.001063646528110647
183 0.0009389336036585047
184 0.0009699729726795944
185 0.0010324485649123294
186 0.0009228594410385125
187 0.0009542223477992612
188 0.0010677787651254434
189 0.0009269059931390274
190 0.0009502636102460592
191 0.0009699028741107308
192 0.000930819488497937
193 0.0009268440475992095
194 0.0009973426456283273
195 0.0009501593862743847
196 0.0008995257476428204
197 0.0009149458167088089
198 0.0011223315395407529
199 0.0009932971499062532
200 0.0009580492307652291
201 0.0010207365346642078
202 0.0009580813826760199
203 0.0009894297822504545
204 0.000961923989332386
205 0.0010950361150180075
206 0.0010126694982862112
207 0.0010792660989255721
208 0.001149600439836144
209 0.0011538161654431696
210 0.001181040439249923
211 0.0011380422910197716
212 0.0010478116905956077
213 0.0010714924027150547
214 0.0010089261094018795
215 0.0012043402073580187
216 0.0012082702242370935
217 0.001118151327183891
218 0.0010986561038627627
219 0.0011261019836708772
220 0.0011456275068134126
221 0.001180862127255915
222 0.0011419425578552726
223 0.0011143165252080528
224 0.0011144537976980932
225 0.0012395285763058942
226 0.001239136251017457
227 0.0012160125727238389
228 0.0012314054694563298
229 0.0012276917486358414
230 0.0013527796922850556
231 0.0011766984199696527
232 0.001306026577802816
233 0.0013916561884230103
234 0.0014110914793143954
235 0.001497177647604154
236 0.0014619665320961114
237 0.0014583627285873614
238 0.0013993787623501498
239 0.0015087164230556008
240 0.0016963750243365824
241 0.0016535340361720113
242 0.0017082704896934614
243 0.001626152400654286
244 0.0016143852064923756
245 0.001696538064287445
246 0.0017746823782035543
247 0.0018530541343861427
248 0.001966143843714854
249 0.0019190528824326288
250 0.0019662889407904074
251 0.0019428630179931508
252 0.0020798582962839
253 0.00204446277503948
254 0.0020876613619185895
255 0.001856719363666836
256 0.002177328135111696
257 0.0021108646695431896
258 0.0023101614131154353
259 0.002216584337330624
260 0.0023219185252588838
261 0.0022046604143162304
262 0.002322064548237232
263 0.0021892931776543918
264 0.0025410850886435064
265 0.0023143312856701635
266 0.0024902071173322367
267 0.0022910026576399086
268 0.0026039559880455063
269 0.0026000300599402556
270 0.0026623924822124154
271 0.002818706764593689
272 0.0029204629343228187
273 0.0030421334978241632
274 0.00306147468679719
275 0.003178848158040708
276 0.003354985800895129
277 0.0033158273398277817
278 0.0037106160396079037
279 0.0037770803400037013
280 0.0037653811762766443
281 0.003867504923412663
282 0.004164318808711096
283 0.004266246620973147
284 0.0042623562070304745
285 0.004493236163404593
286 0.004805791375458053
287 0.0049585546864047685
288 0.005150513816151537
289 0.005451393377425947
290 0.005705223994041776
291 0.005600329112025305
292 0.005963954041208788
293 0.006206288322004918
294 0.006609147257447977
295 0.0067030636415057725
296 0.006710670452349893
297 0.006715010189266599
298 0.007156795340392318
299 0.007411021060049179
300 0.007552060068334562
301 0.007669766758120338
302 0.007900518268904852
303 0.007713120380581787
304 0.007823071660010174
305 0.007905389288688655
306 0.007966844711221985
307 0.008320033571356151
308 0.008030722252970211
309 0.00788944844182803
310 0.007541671189615833
311 0.007921877965694515
312 0.00760845675516198
313 0.007733913667643014
314 0.007323329487248398
315 0.0071988961560614595
316 0.006795243651171936
317 0.006940655577813427
318 0.006639035225432548
319 0.006663041002240245
320 0.00634587329421462
321 0.006150226588188749
322 0.005895857390240641
323 0.005739937660298727
324 0.0057048436675241326
325 0.005290689723819411
326 0.005200587751333614
327 0.004973647395886596
328 0.004781873978832172
329 0.004613601427417204
330 0.004249532119132856
331 0.004065956722641449
332 0.0038707897316820872
333 0.0035848470389452016
334 0.0034754530693916976
335 0.0034682465069378137
336 0.0032804676522215667
337 0.002885011832442972
338 0.002943926253607106
339 0.0028654357211559804
340 0.002729238063628759
341 0.002603567471049882
342 0.0025135684412327707
343 0.0024826065736268856
344 0.002420297193675903
345 0.0022011196106416944
346 0.0023145890506174813
347 0.0020170639494617917
348 0.0021819243422108083
349 0.0020092199201471655
350 0.002044505086254218
351 0.002126887375254083
352 0.002259951744218786
353 0.001880375677904302
354 0.0019272363063642251
355 0.0019703300086085732
356 0.0018057986057649867
357 0.0018216392182315402
358 0.001840966896429036
