77.79702 0.00032948906640691537
80.08874 0.00015314498136854667
82.380455 0.00022626546714630557
84.672165 0.0002782279080615435
86.96388 0.0003858728130134003
89.2556 0.0005434758622785035
91.54732 0.0007629335071358826
93.83903 0.0009758023779282092
96.130745 0.0012400433769409235
98.42246 0.0014596489352844675
100.71418 0.001733096794726873
103.00589 0.0019514234617389807
105.29761 0.002063277209924367
107.589325 0.0022954112201050434
109.88104 0.0023819699829032604
112.17276 0.0023755620189292517
114.46447 0.0023682959080205024
116.75619 0.002567143374321036
119.047905 0.002518180758597514
121.33962 0.0025297094781087837
123.63133 0.002665279570271928
125.92305 0.0028287359721542228
128.21477 0.003084439736439232
130.50648 0.0031242019294323875
132.7982 0.0033666231218948905
135.08992 0.0037835165397211287
137.38164 0.003983115671762833
139.67334 0.004441520847390679
141.96506 0.004884488092409679
144.25677 0.0050749085203602665
146.5485 0.005588832912619354
148.84021 0.005958565578895988
151.13193 0.006558177799126811
153.42365 0.0069466168606612455
155.71536 0.007454629211058687
158.00706 0.008073844280971475
160.29878 0.008586280118737239
162.5905 0.009045563468628863
164.88222 0.009665829240339485
167.17393 0.010122894906014627
169.46565 0.010562237614388743
171.75737 0.010804352086374279
174.04909 0.011037383247832223
176.3408 0.010971072204315317
178.6325 0.01075439346841249
180.92422 0.010611730526448935
183.21594 0.010613841138086331
185.50766 0.009833602706119993
187.79938 0.00961910826551943
190.0911 0.009160406246927419
192.38281 0.008693471226493766
194.67453 0.007968050625945692
196.96625 0.007361824331973773
199.25795 0.006630062189083891
201.54967 0.006162420555622944
203.84138 0.005633222331059635
206.1331 0.005245305741196084
208.42482 0.004949785952464445
210.71654 0.004557742613326075
213.00826 0.004173540761325879
215.29997 0.003883985719740488
217.59167 0.0038145550333948813
219.88339 0.00359461773094403
222.17511 0.003422989308410572
224.46683 0.0032925530039323255
226.75854 0.0034390139038563447
229.05026 0.0033100719503600068
231.34198 0.0034667870154054966
233.6337 0.003492854648079325
235.92542 0.0036095171275228634
238.21712 0.0039004539910953034
240.50883 0.004057014780645475
242.80055 0.004325433199975828
245.09227 0.004569672733780095
247.38399 0.005023921322027707
249.6757 0.005400901660520612
251.96742 0.005780890511034864
254.25914 0.006164727706638742
256.55084 0.006420535501413898
258.84256 0.006643680327965604
261.13428 0.006705090555371553
263.426 0.006772186258342591
265.7177 0.006770461475570227
268.00943 0.006379763504893662
270.30115 0.006045075960900453
272.59286 0.0054069754011195235
274.88458 0.004769473501478379
277.1763 0.0041288961104688085
279.46802 0.0034898262855991087
281.75974 0.0028227183089341587
284.05145 0.0021287817046460734
286.34317 0.0017013953527632048
288.63486 0.001307683196846981
290.92657 0.0010010385572467913
293.2183 0.0006580002494530641
295.51 0.0004878898286841086
297.80173 0.00034812928122177945
300.09344 0.00026317183518146894
302.38516 0.0001398727532818349
304.67688 0.0003325418031741355
